volume	publisher	title	first_author	BL_DLS_ID	pubplace	book_identifier	ARK_id_of_book	date	flickr_url	image_idx	page	flickr_id	flickr_small_source	flickr_small_height	flickr_small_width	flickr_medium_source	flickr_medium_height	flickr_medium_width	flickr_large_source	flickr_large_height	flickr_large_width	flickr_original_source	flickr_original_height	flickr_original_width
0		The Illustrated Guide to Sheffield and the surrounding district, etc	TAYLOR, John of Sheffield		Sheffield	003589731		1879	http://www.flickr.com/photos/britishlibrary/11274008206	1	000482	11274008206	http://farm3.staticflickr.com/2873/11274008206_c5673b4cde_m.jpg	240	63	http://farm3.staticflickr.com/2873/11274008206_c5673b4cde.jpg	500	130	http://farm3.staticflickr.com/2873/11274008206_c5673b4cde_b.jpg	1024	267	http://farm3.staticflickr.com/2873/11274008206_8dd413e719_o.jpg	2136	556
0	Everts & Abbott	History of Hillsdale County, Michigan, with illustrations and biographical sketches of some of its prominent men, etc	Johnson, Crisfield.		Philadelphia	001884500		1879	http://www.flickr.com/photos/britishlibrary/11274008686	2	000406	11274008686	http://farm6.staticflickr.com/5473/11274008686_8267bc0f3b_m.jpg	240	189	http://farm6.staticflickr.com/5473/11274008686_8267bc0f3b.jpg	500	393	http://farm6.staticflickr.com/5473/11274008686_8267bc0f3b_b.jpg	1024	805	http://farm6.staticflickr.com/5473/11274008686_9d7729568b_o.jpg	1256	987
0	Everts & Ensign	History of Toga, Chemung, Tompkins, and Schuyler Counties, New York. With illustrations and biographical sketches of some of its prominent men and pioneers	PEIRCE, Henry B. and HURD (Duane Hamilton)		Philadelphia	002810116		1879	http://www.flickr.com/photos/britishlibrary/11274008286	1	001073	11274008286	http://farm4.staticflickr.com/3774/11274008286_e197b553ed_m.jpg	240	172	http://farm4.staticflickr.com/3774/11274008286_e197b553ed.jpg	500	358	http://farm4.staticflickr.com/3774/11274008286_e197b553ed_b.jpg	1024	733	http://farm4.staticflickr.com/3774/11274008286_2926bb5e0b_o.jpg	1342	960
02	L. H. Everts	History of the Connecticut Valley in Massachusetts (by N. B. Sylvester), with illustrations and biographical sketches of some of its prominent men and pioneers [by other authors]	SYLVESTER, Nathaniel Bartlett.		Philadelphia	003562080		1879	http://www.flickr.com/photos/britishlibrary/11274076023	1	000428	11274076023	http://farm4.staticflickr.com/3797/11274076023_30db143f09_m.jpg	240	181	http://farm4.staticflickr.com/3797/11274076023_30db143f09.jpg	500	376	http://farm4.staticflickr.com/3797/11274076023_30db143f09_b.jpg	1024	771	http://farm4.staticflickr.com/3797/11274076023_4de3dff86c_o.jpg	1701	1280
01	L. H. Everts	History of the Connecticut Valley in Massachusetts (by N. B. Sylvester), with illustrations and biographical sketches of some of its prominent men and pioneers [by other authors]	SYLVESTER, Nathaniel Bartlett.		Philadelphia	003562080		1879	http://www.flickr.com/photos/britishlibrary/11274030154	1	000514	11274030154	http://farm4.staticflickr.com/3735/11274030154_630f3eef51_m.jpg	240	206	http://farm4.staticflickr.com/3735/11274030154_630f3eef51.jpg	500	428	http://farm4.staticflickr.com/3735/11274030154_630f3eef51_b.jpg	1024	877	http://farm4.staticflickr.com/3735/11274030154_6c6f8f12c1_o.jpg	1452	1243
01	American News Company	Round the world with General Grant. A narrative of the visit of General U. S. Grant ... to various countries ... in 1877, 1878, 1879. To which are added certain conversations with General Grant on questions connected with American politics and history ... With ... illustrations	YOUNG, John Russell.		New York	004002305		1879	http://www.flickr.com/photos/britishlibrary/11274075143	1	000420	11274075143	http://farm8.staticflickr.com/7291/11274075143_16ff07a568_m.jpg	169	240	http://farm8.staticflickr.com/7291/11274075143_16ff07a568.jpg	353	500	http://farm8.staticflickr.com/7291/11274075143_16ff07a568_b.jpg	723	1024	http://farm8.staticflickr.com/7291/11274075143_ec283e7570_o.jpg	1211	1715
01		The Australian abroad. Branches from the Main Routes round the World. [Reprinted from the Melbourne “Argus.” With illustrations.] 2 series	HINGSTON, James.	lsidyv3cbf9abe	London	001689101	ark:/81055/vdc_00000005DA7A	1879	http://www.flickr.com/photos/britishlibrary/11273966215	1	000085	11273966215	http://farm4.staticflickr.com/3806/11273966215_df1b96ffe8_m.jpg	240	167	http://farm4.staticflickr.com/3806/11273966215_df1b96ffe8.jpg	500	348	http://farm4.staticflickr.com/3806/11273966215_df1b96ffe8_b.jpg	1024	712	http://farm4.staticflickr.com/3806/11273966215_029472e17c_o.jpg	1331	926
0	Cassell, Petter, Galpin & Co.	Morocco: its people and places ... Translated by C. Rollin-Tilton. With ... illustrations	AMICIS, Edmondo de.	lsidyv3c6b00d2	London	000070870	ark:/81055/vdc_00000005AC0C	1879	http://www.flickr.com/photos/britishlibrary/11273964795	1	000033	11273964795	http://farm8.staticflickr.com/7399/11273964795_f9d188db94_m.jpg	240	151	http://farm8.staticflickr.com/7399/11273964795_f9d188db94.jpg	500	315	http://farm8.staticflickr.com/7399/11273964795_f9d188db94_b.jpg	1024	645	http://farm8.staticflickr.com/7399/11273964795_8b0b8de849_o.jpg	1831	1153
0	Macmillan and Co.	The Arctic Voyages of A. E. Nordenskiöld. 1858-1879. With illustrations and maps	LESLIE, Alexander of Aberdeen		London	002142895		1879	http://www.flickr.com/photos/britishlibrary/11273964785	1	000174	11273964785	http://farm4.staticflickr.com/3750/11273964785_b1e223bab0_m.jpg	240	239	http://farm4.staticflickr.com/3750/11273964785_b1e223bab0.jpg	500	499	http://farm4.staticflickr.com/3750/11273964785_b1e223bab0_b.jpg	1024	1021	http://farm4.staticflickr.com/3750/11273964785_408c4cecf0_o.jpg	1131	1128
0		The Illustrated Guide to Sheffield and the surrounding district, etc	TAYLOR, John of Sheffield		Sheffield	003589731		1879	http://www.flickr.com/photos/britishlibrary/11273964245	1	000097	11273964245	http://farm6.staticflickr.com/5519/11273964245_cfc10dc336_m.jpg	240	197	http://farm6.staticflickr.com/5519/11273964245_cfc10dc336.jpg	500	411	http://farm6.staticflickr.com/5519/11273964245_cfc10dc336_b.jpg	1024	841	http://farm6.staticflickr.com/5519/11273964245_f2f4267094_o.jpg	1507	1237
0		Camp life on the Weser	TOMLINSON, Harry and POWELL (James)	lsidyv3bbdaca6	London	003651567	ark:/81055/vdc_000000053B08	1879	http://www.flickr.com/photos/britishlibrary/11273962905	1	000068	11273962905	http://farm8.staticflickr.com/7415/11273962905_5ecbf812a1_m.jpg	210	240	http://farm8.staticflickr.com/7415/11273962905_5ecbf812a1.jpg	437	500	http://farm8.staticflickr.com/7415/11273962905_5ecbf812a1_b.jpg	894	1024	http://farm8.staticflickr.com/7415/11273962905_1179ede884_o.jpg	1087	1245
0		Die amerikanische Nordpol-Expedition ... Mit zahlreichen Illustrationen in Holzschnitt, etc	BESSELS, Emil.		Leipzig	000303634		1879	http://www.flickr.com/photos/britishlibrary/11274026814	1	000324	11274026814	http://farm3.staticflickr.com/2862/11274026814_2c9ae07453_m.jpg	189	240	http://farm3.staticflickr.com/2862/11274026814_2c9ae07453.jpg	394	500	http://farm3.staticflickr.com/2862/11274026814_2c9ae07453_b.jpg	807	1024	http://farm3.staticflickr.com/2862/11274026814_3692f81b72_o.jpg	1057	1341
0	[Ward, Lock & Co.	[Charles O'Malley, the Irish Dragoon. Edited by Harry Lorrequer. [By C. J. L.]]	LEVER, Charles James.		London,] Perth [printed	002150760		1879	http://www.flickr.com/photos/britishlibrary/11274026214	1	000366	11274026214	http://farm4.staticflickr.com/3726/11274026214_1b1b453fc5_m.jpg	224	240	http://farm4.staticflickr.com/3726/11274026214_1b1b453fc5.jpg	467	500	http://farm4.staticflickr.com/3726/11274026214_1b1b453fc5_b.jpg	957	1024	http://farm4.staticflickr.com/3726/11274026214_3d6a02b78c_o.jpg	1045	1118
02	Tinsley Brothers	Berlin under the New Empire, its institutions, inhabitants, industry ... With ... engravings, etc	VIZETELLY, Henry.		London	003807524		1879	http://www.flickr.com/photos/britishlibrary/11274001686	1	000344	11274001686	http://farm4.staticflickr.com/3832/11274001686_8a9f4c9b96_m.jpg	240	191	http://farm4.staticflickr.com/3832/11274001686_8a9f4c9b96.jpg	500	398	http://farm4.staticflickr.com/3832/11274001686_8a9f4c9b96_b.jpg	1024	816	http://farm4.staticflickr.com/3832/11274001686_1853d0a049_o.jpg	1312	1045
0	Religious Tract Society	English Pictures drawn with pen and pencil	MANNING, Samuel LL.D. and GREEN (Samuel Gosnell)	lsidyv3c492c1d	London	002369135	ark:/81055/vdc_000000059460	1879	http://www.flickr.com/photos/britishlibrary/11273961565	2	000193	11273961565	http://farm8.staticflickr.com/7458/11273961565_2bd5cf0c77_m.jpg	240	180	http://farm8.staticflickr.com/7458/11273961565_2bd5cf0c77.jpg	500	376	http://farm8.staticflickr.com/7458/11273961565_2bd5cf0c77_b.jpg	1024	770	http://farm8.staticflickr.com/7458/11273961565_13bc9b9035_o.jpg	1592	1197
01	American News Company	Round the world with General Grant. A narrative of the visit of General U. S. Grant ... to various countries ... in 1877, 1878, 1879. To which are added certain conversations with General Grant on questions connected with American politics and history ... With ... illustrations	YOUNG, John Russell.		New York	004002305		1879	http://www.flickr.com/photos/britishlibrary/11274069163	1	000373	11274069163	http://farm4.staticflickr.com/3780/11274069163_41b48330e9_m.jpg	159	240	http://farm4.staticflickr.com/3780/11274069163_41b48330e9.jpg	332	500	http://farm4.staticflickr.com/3780/11274069163_41b48330e9_b.jpg	680	1024	http://farm4.staticflickr.com/3780/11274069163_a143699798_o.jpg	1137	1713
0		Up the Amazon and Madeira Rivers, through Bolivia and Peru	MATHEWS, Edward Davis.		London	002421157		1879	http://www.flickr.com/photos/britishlibrary/11274023784	1	000346	11274023784	http://farm8.staticflickr.com/7344/11274023784_ff9bec90c0_m.jpg	157	240	http://farm8.staticflickr.com/7344/11274023784_ff9bec90c0.jpg	326	500	http://farm8.staticflickr.com/7344/11274023784_ff9bec90c0_b.jpg	668	1024	http://farm8.staticflickr.com/7344/11274023784_3a840d91c3_o.jpg	867	1330
0	W. H. Luke	Illustrated Handbook to Plymouth, Stonehouse & Devonport, with a new map ... New and enlarged edition	WRIGHT, William Henry Kearley.		Plymouth	003985100		1879	http://www.flickr.com/photos/britishlibrary/11273959735	1	000147	11273959735	http://farm8.staticflickr.com/7325/11273959735_40e721090a_m.jpg	172	240	http://farm8.staticflickr.com/7325/11273959735_40e721090a.jpg	357	500	http://farm8.staticflickr.com/7325/11273959735_40e721090a_b.jpg	732	1024	http://farm8.staticflickr.com/7325/11273959735_35975e5ba4_o.jpg	906	1267
01	American News Company	Round the world with General Grant. A narrative of the visit of General U. S. Grant ... to various countries ... in 1877, 1878, 1879. To which are added certain conversations with General Grant on questions connected with American politics and history ... With ... illustrations	YOUNG, John Russell.		New York	004002305		1879	http://www.flickr.com/photos/britishlibrary/11274023114	1	000259	11274023114	http://farm4.staticflickr.com/3786/11274023114_140a5feb9c_m.jpg	162	240	http://farm4.staticflickr.com/3786/11274023114_140a5feb9c.jpg	337	500	http://farm4.staticflickr.com/3786/11274023114_140a5feb9c_b.jpg	691	1024	http://farm4.staticflickr.com/3786/11274023114_69773e3500_o.jpg	1160	1719
0		The Wild Man at Home: or, pictures of life in savage lands ... With woodcuts ... and coloured illustrations	GREENWOOD, James Novelist	lsidyv2af6fa2f	London, Edinburgh	001503444	ark:/81055/vdc_0000000519A2	1879	http://www.flickr.com/photos/britishlibrary/11274066743	1	000260	11274066743	http://farm8.staticflickr.com/7405/11274066743_15c8b162f0_m.jpg	208	240	http://farm8.staticflickr.com/7405/11274066743_15c8b162f0.jpg	434	500	http://farm8.staticflickr.com/7405/11274066743_15c8b162f0_b.jpg	889	1024	http://farm8.staticflickr.com/7405/11274066743_a8fd220613_o.jpg	1140	1313
02	John Wiley & Sons	The Middle Kingdom; a survey of the geography, government, education, social life, arts, religion, &c. of the Chinese Empire and its inhabitants. With a new map of the Empire	WILLIAMS, Samuel Wells.		New York	003936389		1879	http://www.flickr.com/photos/britishlibrary/11274066063	1	000038	11274066063	http://farm3.staticflickr.com/2881/11274066063_280a4634dc_m.jpg	172	240	http://farm3.staticflickr.com/2881/11274066063_280a4634dc.jpg	357	500	http://farm3.staticflickr.com/2881/11274066063_280a4634dc_b.jpg	732	1024	http://farm3.staticflickr.com/2881/11274066063_00c773af77_o.jpg	932	1304
07		[Histoire de la Révolution Française.]	Michelet, Jules		Paris	002483188		1879	http://www.flickr.com/photos/britishlibrary/11274066303	1	000002	11274066303	http://farm8.staticflickr.com/7304/11274066303_9725911bac_m.jpg	240	156	http://farm8.staticflickr.com/7304/11274066303_9725911bac.jpg	500	325	http://farm8.staticflickr.com/7304/11274066303_9725911bac_b.jpg	1024	666	http://farm8.staticflickr.com/7304/11274066303_d9584d7c51_o.jpg	1287	837
0	Everts & Ensign	History of Toga, Chemung, Tompkins, and Schuyler Counties, New York. With illustrations and biographical sketches of some of its prominent men and pioneers	PEIRCE, Henry B. and HURD (Duane Hamilton)		Philadelphia	002810116		1879	http://www.flickr.com/photos/britishlibrary/11273956865	1	000905	11273956865	http://farm3.staticflickr.com/2847/11273956865_e13fd76e80_m.jpg	240	180	http://farm3.staticflickr.com/2847/11273956865_e13fd76e80.jpg	500	375	http://farm3.staticflickr.com/2847/11273956865_e13fd76e80_b.jpg	1024	769	http://farm3.staticflickr.com/2847/11273956865_a8dcf7081c_o.jpg	1220	916
0	Western Historical Company	The History of Jackson County, Iowa ... Illustrated			Chicago	001833692		1879	http://www.flickr.com/photos/britishlibrary/11273996166	1	000056	11273996166	http://farm6.staticflickr.com/5530/11273996166_2969c35f7a_m.jpg	158	240	http://farm6.staticflickr.com/5530/11273996166_2969c35f7a.jpg	329	500	http://farm6.staticflickr.com/5530/11273996166_2969c35f7a_b.jpg	673	1024	http://farm6.staticflickr.com/5530/11273996166_de6c6a6c18_o.jpg	1036	1576
02	Tinsley Brothers	Berlin under the New Empire, its institutions, inhabitants, industry ... With ... engravings, etc	VIZETELLY, Henry.		London	003807524		1879	http://www.flickr.com/photos/britishlibrary/11273996136	2	000454	11273996136	http://farm8.staticflickr.com/7367/11273996136_5b2c9400c6_m.jpg	138	240	http://farm8.staticflickr.com/7367/11273996136_5b2c9400c6.jpg	288	500	http://farm8.staticflickr.com/7367/11273996136_5b2c9400c6_b.jpg	590	1024	http://farm8.staticflickr.com/7367/11273996136_d78d7ff9ae_o.jpg	837	1452
0	Lewis, Peck & Co.	History of Steuben County, New York, with illustrations and biographical sketches of some of its prominent men and pioneers	CLAYTON, W. Woodford.		Philadelphia	000719876		1879	http://www.flickr.com/photos/britishlibrary/11274063033	1	000733	11274063033	http://farm3.staticflickr.com/2848/11274063033_f89196cf99_m.jpg	240	187	http://farm3.staticflickr.com/2848/11274063033_f89196cf99.jpg	500	389	http://farm3.staticflickr.com/2848/11274063033_f89196cf99_b.jpg	1024	796	http://farm3.staticflickr.com/2848/11274063033_a8859f8359_o.jpg	1637	1272
01		The Australian abroad. Branches from the Main Routes round the World. [Reprinted from the Melbourne “Argus.” With illustrations.] 2 series	HINGSTON, James.	lsidyv3cbf9abe	London	001689101	ark:/81055/vdc_00000005DA7A	1879	http://www.flickr.com/photos/britishlibrary/11274062973	1	000336	11274062973	http://farm8.staticflickr.com/7337/11274062973_a154eb8104_m.jpg	240	150	http://farm8.staticflickr.com/7337/11274062973_a154eb8104.jpg	500	312	http://farm8.staticflickr.com/7337/11274062973_a154eb8104_b.jpg	1024	638	http://farm8.staticflickr.com/7337/11274062973_cf106c0c65_o.jpg	1295	807
0		Les Vieilles Villes de Suisse. Notes et souvenirs. Ouvrage illustré de 105 dessins à la plume par A. Robida reproduits en fac-simile	ROBIDA, Albert.		Paris	003121715		1879	http://www.flickr.com/photos/britishlibrary/11274018064	1	000294	11274018064	http://farm8.staticflickr.com/7302/11274018064_1ef00442f1_m.jpg	173	240	http://farm8.staticflickr.com/7302/11274018064_1ef00442f1.jpg	361	500	http://farm8.staticflickr.com/7302/11274018064_1ef00442f1_b.jpg	740	1024	http://farm8.staticflickr.com/7302/11274018064_23bc3f164d_o.jpg	1015	1405
0	Marcus Ward & Co.	Our Native Land, its scenery and associations. A series of 36 water-colour sketches after Rowbotham, Read, Needham, and other eminent artists. With descriptive notes. [The author of the text identified on the wrapper of pt. 1 as “the author of By Loch and by Land”, i.e. Jean L. Watson.]	WATSON, Jean L.		London	001140593		1879	http://www.flickr.com/photos/britishlibrary/11274016584	1	000260	11274016584	http://farm8.staticflickr.com/7374/11274016584_a5bdf4ed6b_m.jpg	150	240	http://farm8.staticflickr.com/7374/11274016584_a5bdf4ed6b.jpg	312	500	http://farm8.staticflickr.com/7374/11274016584_a5bdf4ed6b_b.jpg	638	1024	http://farm8.staticflickr.com/7374/11274016584_b8b2773ce3_o.jpg	845	1356
0		The Illustrated Guide to Sheffield and the surrounding district, etc	TAYLOR, John of Sheffield		Sheffield	003589731		1879	http://www.flickr.com/photos/britishlibrary/11273992936	1	000329	11273992936	http://farm3.staticflickr.com/2844/11273992936_e36e310106_m.jpg	178	240	http://farm3.staticflickr.com/2844/11273992936_e36e310106.jpg	371	500	http://farm3.staticflickr.com/2844/11273992936_e36e310106_b.jpg	760	1024	http://farm3.staticflickr.com/2844/11273992936_ca3a119ab5_o.jpg	1050	1415
0	Macmillan and Co.	The Arctic Voyages of A. E. Nordenskiöld. 1858-1879. With illustrations and maps	LESLIE, Alexander of Aberdeen		London	002142895		1879	http://www.flickr.com/photos/britishlibrary/11273992096	1	000285	11273992096	http://farm4.staticflickr.com/3717/11273992096_f1f3d79df6_m.jpg	168	240	http://farm4.staticflickr.com/3717/11273992096_f1f3d79df6.jpg	350	500	http://farm4.staticflickr.com/3717/11273992096_f1f3d79df6_b.jpg	716	1024	http://farm4.staticflickr.com/3717/11273992096_36b5d8b461_o.jpg	1060	1517
0		The Illustrated Guide to Sheffield and the surrounding district, etc	TAYLOR, John of Sheffield		Sheffield	003589731		1879	http://www.flickr.com/photos/britishlibrary/11273991596	1	000533	11273991596	http://farm4.staticflickr.com/3713/11273991596_89f362039d_m.jpg	162	240	http://farm4.staticflickr.com/3713/11273991596_89f362039d.jpg	338	500	http://farm4.staticflickr.com/3713/11273991596_89f362039d_b.jpg	693	1024	http://farm4.staticflickr.com/3713/11273991596_1989361ea4_o.jpg	957	1415
0	Everts & Ensign	History of Toga, Chemung, Tompkins, and Schuyler Counties, New York. With illustrations and biographical sketches of some of its prominent men and pioneers	PEIRCE, Henry B. and HURD (Duane Hamilton)		Philadelphia	002810116		1879	http://www.flickr.com/photos/britishlibrary/11273990226	1	000823	11273990226	http://farm4.staticflickr.com/3778/11273990226_515c3e65ea_m.jpg	240	200	http://farm4.staticflickr.com/3778/11273990226_515c3e65ea.jpg	500	417	http://farm4.staticflickr.com/3778/11273990226_515c3e65ea_b.jpg	1024	854	http://farm4.staticflickr.com/3778/11273990226_66dc73595d_o.jpg	1202	1002
0		[Viaje á la Patagonia austral emprendido bajo los auspicios del Gobierno Nacional 1876-1877. tom. 1.]	MORENO, Francisco Josué Pascasio.		Buenos Aires	002546655		1879	http://www.flickr.com/photos/britishlibrary/11274059443	1	000243	11274059443	http://farm6.staticflickr.com/5528/11274059443_ec5732804a_m.jpg	240	98	http://farm6.staticflickr.com/5528/11274059443_ec5732804a.jpg	500	205	http://farm6.staticflickr.com/5528/11274059443_ec5732804a_b.jpg	1024	419	http://farm6.staticflickr.com/5528/11274059443_41900a985f_o.jpg	2218	908
0	Everts & Ensign	History of Toga, Chemung, Tompkins, and Schuyler Counties, New York. With illustrations and biographical sketches of some of its prominent men and pioneers	PEIRCE, Henry B. and HURD (Duane Hamilton)		Philadelphia	002810116		1879	http://www.flickr.com/photos/britishlibrary/11273949575	1	000935	11273949575	http://farm6.staticflickr.com/5541/11273949575_a655991f48_m.jpg	240	162	http://farm6.staticflickr.com/5541/11273949575_a655991f48.jpg	500	338	http://farm6.staticflickr.com/5541/11273949575_a655991f48_b.jpg	1024	693	http://farm6.staticflickr.com/5541/11273949575_35f03d987e_o.jpg	1525	1032
0		Saint-Pierre de Rome. Ouvrage illustré, etc	LORBAC, Charles de.		Rome	002259706		1879	http://www.flickr.com/photos/britishlibrary/11274012814	1	000039	11274012814	http://farm6.staticflickr.com/5503/11274012814_d00078c172_m.jpg	240	152	http://farm6.staticflickr.com/5503/11274012814_d00078c172.jpg	500	316	http://farm6.staticflickr.com/5503/11274012814_d00078c172_b.jpg	1024	648	http://farm6.staticflickr.com/5503/11274012814_4e37302c81_o.jpg	1660	1051
0	C. C. Chapman & Co.	History of Fulton County, together with sketches of its cities, villages and townships, ... and biographies ... History of Illinois ... Illustrated			Peoria	001341605		1879	http://www.flickr.com/photos/britishlibrary/11274012554	1	000313	11274012554	http://farm4.staticflickr.com/3742/11274012554_e25e294458_m.jpg	194	240	http://farm4.staticflickr.com/3742/11274012554_e25e294458.jpg	403	500	http://farm4.staticflickr.com/3742/11274012554_e25e294458_b.jpg	826	1024	http://farm4.staticflickr.com/3742/11274012554_7034b29359_o.jpg	973	1206
0	Moses King	King's Handbook of Boston. Profusely illustrated. [With a map.]	KING, Moses.		Cambridge, Mass	001968594		1879	http://www.flickr.com/photos/britishlibrary/11273987866	1	000131	11273987866	http://farm6.staticflickr.com/5544/11273987866_d65610595e_m.jpg	153	240	http://farm6.staticflickr.com/5544/11273987866_d65610595e.jpg	318	500	http://farm6.staticflickr.com/5544/11273987866_d65610595e_b.jpg	652	1024	http://farm6.staticflickr.com/5544/11273987866_574caabf79_o.jpg	896	1408
02	Tinsley Brothers	Berlin under the New Empire, its institutions, inhabitants, industry ... With ... engravings, etc	VIZETELLY, Henry.		London	003807524		1879	http://www.flickr.com/photos/britishlibrary/11274055913	1	000258	11274055913	http://farm8.staticflickr.com/7449/11274055913_30edbbf7ec_m.jpg	160	240	http://farm8.staticflickr.com/7449/11274055913_30edbbf7ec.jpg	333	500	http://farm8.staticflickr.com/7449/11274055913_30edbbf7ec_b.jpg	681	1024	http://farm8.staticflickr.com/7449/11274055913_5e66f34acf_o.jpg	966	1452
0		The Black Forest, its people and legends. [With maps and illustrations.]	SÉGUIN, afterwards STRAHAN, Lisbeth Gooch.	lsidyv3bbdd558	London, Edinburgh	003328570	ark:/81055/vdc_000000053B26	1879	http://www.flickr.com/photos/britishlibrary/11273987096	1	000212	11273987096	http://farm6.staticflickr.com/5524/11273987096_e051d2bb66_m.jpg	240	174	http://farm6.staticflickr.com/5524/11273987096_e051d2bb66.jpg	500	362	http://farm6.staticflickr.com/5524/11273987096_e051d2bb66_b.jpg	1024	742	http://farm6.staticflickr.com/5524/11273987096_e871668e2c_o.jpg	1570	1137
01		The Australian abroad. Branches from the Main Routes round the World. [Reprinted from the Melbourne “Argus.” With illustrations.] 2 series	HINGSTON, James.	lsidyv3cbf9abe	London	001689101	ark:/81055/vdc_00000005DA7A	1879	http://www.flickr.com/photos/britishlibrary/11274054633	1	000331	11274054633	http://farm8.staticflickr.com/7407/11274054633_b2ecd5812b_m.jpg	240	211	http://farm8.staticflickr.com/7407/11274054633_b2ecd5812b.jpg	500	440	http://farm8.staticflickr.com/7407/11274054633_b2ecd5812b_b.jpg	1024	902	http://farm8.staticflickr.com/7407/11274054633_798fa0ae7a_o.jpg	1488	1311
01		Knaresborough Castle Yard. (The Microcosm: and, Malcolm, a holiday-walk. A few occasional pieces.) [In verse.]			London, Bristol [printed]	001987484		1879	http://www.flickr.com/photos/britishlibrary/11274053953	1	000041	11274053953	http://farm3.staticflickr.com/2862/11274053953_8830bae289_m.jpg	240	203	http://farm3.staticflickr.com/2862/11274053953_8830bae289.jpg	500	424	http://farm3.staticflickr.com/2862/11274053953_8830bae289_b.jpg	1024	868	http://farm3.staticflickr.com/2862/11274053953_881c5d9644_o.jpg	1322	1121
02	American News Company	Round the world with General Grant. A narrative of the visit of General U. S. Grant ... to various countries ... in 1877, 1878, 1879. To which are added certain conversations with General Grant on questions connected with American politics and history ... With ... illustrations	YOUNG, John Russell.		New York	004002305		1879	http://www.flickr.com/photos/britishlibrary/11273984656	1	000165	11273984656	http://farm6.staticflickr.com/5501/11273984656_8da6b365f3_m.jpg	155	240	http://farm6.staticflickr.com/5501/11273984656_8da6b365f3.jpg	323	500	http://farm6.staticflickr.com/5501/11273984656_8da6b365f3_b.jpg	661	1024	http://farm6.staticflickr.com/5501/11273984656_01e29a7a6f_o.jpg	1030	1595
0		Die amerikanische Nordpol-Expedition ... Mit zahlreichen Illustrationen in Holzschnitt, etc	BESSELS, Emil.		Leipzig	000303634		1879	http://www.flickr.com/photos/britishlibrary/11273943565	1	000404	11273943565	http://farm8.staticflickr.com/7333/11273943565_5b33bfa847_m.jpg	184	240	http://farm8.staticflickr.com/7333/11273943565_5b33bfa847.jpg	384	500	http://farm8.staticflickr.com/7333/11273943565_5b33bfa847_b.jpg	787	1024	http://farm8.staticflickr.com/7333/11273943565_d403d992c4_o.jpg	1218	1584
03		Old and New London, etc	Thornbury, Walter	lsidyv3c47ab1a	London	003628788	ark:/81055/vdc_000000059328	1879	http://www.flickr.com/photos/britishlibrary/11273983356	1	000235	11273983356	http://farm3.staticflickr.com/2872/11273983356_77e0a24190_m.jpg	240	180	http://farm3.staticflickr.com/2872/11273983356_77e0a24190.jpg	500	376	http://farm3.staticflickr.com/2872/11273983356_77e0a24190_b.jpg	1024	770	http://farm3.staticflickr.com/2872/11273983356_e39b2b7dbb_o.jpg	1185	891
0		The Children's fairy geography, or a merry trip round Europe	WINSLOW, Forbes Edward.	lsidyv3c92d153	London	003952456	ark:/81055/vdc_00000005BE18	1879	http://www.flickr.com/photos/britishlibrary/11273941355	1	000189	11273941355	http://farm8.staticflickr.com/7426/11273941355_d2d60353a8_m.jpg	240	198	http://farm8.staticflickr.com/7426/11273941355_d2d60353a8.jpg	500	412	http://farm8.staticflickr.com/7426/11273941355_d2d60353a8_b.jpg	1024	843	http://farm8.staticflickr.com/7426/11273941355_bcbe26fb81_o.jpg	1345	1107
0	Waterlow & Sons	Up the River from Westminster to Windsor and Oxford; a descriptive panorama of Thames Scenery			London	003606029		1879	http://www.flickr.com/photos/britishlibrary/11273941575	1	000123	11273941575	http://farm6.staticflickr.com/5499/11273941575_bf781dd8f3_m.jpg	141	240	http://farm6.staticflickr.com/5499/11273941575_bf781dd8f3.jpg	293	500	http://farm6.staticflickr.com/5499/11273941575_bf781dd8f3_b.jpg	600	1024	http://farm6.staticflickr.com/5499/11273941575_436e0bf41e_o.jpg	907	1548
0	Religious Tract Society	The Lands of Scripture: comprising “Those Holy Fields”; “The Land of the Pharaohs” [both by S. M.]; “Pictures from Bible Lands” (edited by S. G. Green. The illustrations by E. Whymper, etc.)	MANNING, Samuel LL.D		London	002369128		1879	http://www.flickr.com/photos/britishlibrary/11273981386	1	000410	11273981386	http://farm4.staticflickr.com/3817/11273981386_054341518a_m.jpg	224	240	http://farm4.staticflickr.com/3817/11273981386_054341518a.jpg	467	500	http://farm4.staticflickr.com/3817/11273981386_054341518a_b.jpg	957	1024	http://farm4.staticflickr.com/3817/11273981386_6caa59ae38_o.jpg	1230	1316
0	N. D. Thompson & Co.	A Pictorial History of Texas, from the earliest visits of European adventurers to A.D. 1879 ... Third edition, ... revised	THRALL, Homer S.		St. Louis, Mo	003632148		1879	http://www.flickr.com/photos/britishlibrary/11273980596	1	000751	11273980596	http://farm6.staticflickr.com/5544/11273980596_d5f3027289_m.jpg	240	220	http://farm6.staticflickr.com/5544/11273980596_d5f3027289.jpg	500	458	http://farm6.staticflickr.com/5544/11273980596_d5f3027289_b.jpg	1024	938	http://farm6.staticflickr.com/5544/11273980596_7eed9a4af9_o.jpg	1226	1123
0		The Illustrated Guide to Sheffield and the surrounding district, etc	TAYLOR, John of Sheffield		Sheffield	003589731		1879	http://www.flickr.com/photos/britishlibrary/11273939285	1	000149	11273939285	http://farm3.staticflickr.com/2852/11273939285_14cb0535cb_m.jpg	240	174	http://farm3.staticflickr.com/2852/11273939285_14cb0535cb.jpg	500	363	http://farm3.staticflickr.com/2852/11273939285_14cb0535cb_b.jpg	1024	744	http://farm3.staticflickr.com/2852/11273939285_8bd07d83a8_o.jpg	1373	997
0		[Brazil and the Brazilians ... in historical and descriptive sketches ... Engravings.]	KIDDER, Daniel Parish and FLETCHER (James C.)		London	001961854		1879	http://www.flickr.com/photos/britishlibrary/11273979286	1	000336	11273979286	http://farm6.staticflickr.com/5504/11273979286_0b6bdfc90a_m.jpg	217	240	http://farm6.staticflickr.com/5504/11273979286_0b6bdfc90a.jpg	451	500	http://farm6.staticflickr.com/5504/11273979286_0b6bdfc90a_b.jpg	924	1024	http://farm6.staticflickr.com/5504/11273979286_50241dc36a_o.jpg	1277	1415
01	American News Company	Round the world with General Grant. A narrative of the visit of General U. S. Grant ... to various countries ... in 1877, 1878, 1879. To which are added certain conversations with General Grant on questions connected with American politics and history ... With ... illustrations	YOUNG, John Russell.		New York	004002305		1879	http://www.flickr.com/photos/britishlibrary/11274048133	1	000503	11274048133	http://farm4.staticflickr.com/3674/11274048133_5dd30c716f_m.jpg	172	240	http://farm4.staticflickr.com/3674/11274048133_5dd30c716f.jpg	357	500	http://farm4.staticflickr.com/3674/11274048133_5dd30c716f_b.jpg	732	1024	http://farm4.staticflickr.com/3674/11274048133_c035d6491a_o.jpg	1237	1731
0		The Wild Man at Home: or, pictures of life in savage lands ... With woodcuts ... and coloured illustrations	GREENWOOD, James Novelist	lsidyv2af6fa2f	London, Edinburgh	001503444	ark:/81055/vdc_0000000519A2	1879	http://www.flickr.com/photos/britishlibrary/11274046853	1	000075	11274046853	http://farm4.staticflickr.com/3703/11274046853_1e542f2d79_m.jpg	195	240	http://farm4.staticflickr.com/3703/11274046853_1e542f2d79.jpg	407	500	http://farm4.staticflickr.com/3703/11274046853_1e542f2d79_b.jpg	834	1024	http://farm4.staticflickr.com/3703/11274046853_ee852ffc09_o.jpg	1127	1383
01		A magyar nemzet története. I. kötet írta Bodon J. és Dr. Szalay J. (II.-IV.) kötet, írta Dr. Szalay J.) [With portraits.]	BODON, József and SZALAY (József)		Budapest	000389221		1879	http://www.flickr.com/photos/britishlibrary/11274001224	1	000023	11274001224	http://farm3.staticflickr.com/2872/11274001224_840a853451_m.jpg	240	197	http://farm3.staticflickr.com/2872/11274001224_840a853451.jpg	500	410	http://farm3.staticflickr.com/2872/11274001224_840a853451_b.jpg	1024	839	http://farm3.staticflickr.com/2872/11274001224_2d9f9baa6f_o.jpg	1430	1171
0		Monuments religieux, civils et militaires du Gatinais, ... depuis le XIe jusqu'au XVIIe siècle. ... Ouvrage accompagné de planches, etc	MICHEL, Edmond.		Lyon	002482448		1879	http://www.flickr.com/photos/britishlibrary/11274000574	1	000559	11274000574	http://farm6.staticflickr.com/5546/11274000574_c9a0814f7e_m.jpg	240	93	http://farm6.staticflickr.com/5546/11274000574_c9a0814f7e.jpg	500	193	http://farm6.staticflickr.com/5546/11274000574_c9a0814f7e_b.jpg	1024	395	http://farm6.staticflickr.com/5546/11274000574_fdaf43e0f7_o.jpg	2298	887
0	Everts & Ensign	History of Toga, Chemung, Tompkins, and Schuyler Counties, New York. With illustrations and biographical sketches of some of its prominent men and pioneers	PEIRCE, Henry B. and HURD (Duane Hamilton)		Philadelphia	002810116		1879	http://www.flickr.com/photos/britishlibrary/11273976636	1	000174	11273976636	http://farm8.staticflickr.com/7290/11273976636_c5af1f38a5_m.jpg	240	195	http://farm8.staticflickr.com/7290/11273976636_c5af1f38a5.jpg	500	405	http://farm8.staticflickr.com/7290/11273976636_c5af1f38a5_b.jpg	1024	830	http://farm8.staticflickr.com/7290/11273976636_35dfc739f2_o.jpg	1193	967
0		The Illustrated Guide to Sheffield and the surrounding district, etc	TAYLOR, John of Sheffield		Sheffield	003589731		1879	http://www.flickr.com/photos/britishlibrary/11273975996	1	000590	11273975996	http://farm8.staticflickr.com/7303/11273975996_a242ee4aaf_m.jpg	156	240	http://farm8.staticflickr.com/7303/11273975996_a242ee4aaf.jpg	324	500	http://farm8.staticflickr.com/7303/11273975996_a242ee4aaf_b.jpg	664	1024	http://farm8.staticflickr.com/7303/11273975996_6e6ec4ac88_o.jpg	918	1415
0	Everts & Ensign	History of Toga, Chemung, Tompkins, and Schuyler Counties, New York. With illustrations and biographical sketches of some of its prominent men and pioneers	PEIRCE, Henry B. and HURD (Duane Hamilton)		Philadelphia	002810116		1879	http://www.flickr.com/photos/britishlibrary/11273934755	1	000447	11273934755	http://farm6.staticflickr.com/5520/11273934755_c1e9f2206a_m.jpg	240	193	http://farm6.staticflickr.com/5520/11273934755_c1e9f2206a.jpg	500	403	http://farm6.staticflickr.com/5520/11273934755_c1e9f2206a_b.jpg	1024	825	http://farm6.staticflickr.com/5520/11273934755_0cf41969d0_o.jpg	1243	1002
0	T. Lewis	Waltham, past and present, and its industries. With ... photographic illustrations	NELSON, Charles Alexander.		Cambridge [Mass.]	002618620		1879	http://www.flickr.com/photos/britishlibrary/11273997934	1	000071	11273997934	http://farm6.staticflickr.com/5501/11273997934_9612b0c3a5_m.jpg	178	240	http://farm6.staticflickr.com/5501/11273997934_9612b0c3a5.jpg	371	500	http://farm6.staticflickr.com/5501/11273997934_9612b0c3a5_b.jpg	759	1024	http://farm6.staticflickr.com/5501/11273997934_51405caf13_o.jpg	983	1327
03		Paris à travers les siècles. Histoire nationale de Paris et des Parisiens depuis la fondation de Lutèce jusqu'à nos jours, etc	GOURDON DE GENOUILLAC, Nicolas Jules Henri.		Paris	001476975		1879	http://www.flickr.com/photos/britishlibrary/11274043233	2	000395	11274043233	http://farm8.staticflickr.com/7372/11274043233_b27fc00890_m.jpg	161	240	http://farm8.staticflickr.com/7372/11274043233_b27fc00890.jpg	334	500	http://farm8.staticflickr.com/7372/11274043233_b27fc00890_b.jpg	685	1024	http://farm8.staticflickr.com/7372/11274043233_e01467afab_o.jpg	1063	1588
0	Western Historical Company	The History of Jefferson County, Wisconsin ... also History of Wisconsin [by C. W. Butterfield] ... Illustrated			Chicago	001859187		1879	http://www.flickr.com/photos/britishlibrary/11273996514	1	000619	11273996514	http://farm4.staticflickr.com/3797/11273996514_6a12977859_m.jpg	240	166	http://farm4.staticflickr.com/3797/11273996514_6a12977859.jpg	500	346	http://farm4.staticflickr.com/3797/11273996514_6a12977859_b.jpg	1024	709	http://farm4.staticflickr.com/3797/11273996514_79816b4164_o.jpg	1657	1148
0	J. A. & R. A. Reid	The Past and the Present. Narragansett sea and shore. An illustrated guide to Providence, Newport, Narragansett Pier, Block Island, Watch Hill, Rocky Point, Silver Spring, and all the famous sea-side resorts of Rhode Island, with a map of Narragansett Bay	DENISON, Frederic.		Providence	000908069		1879	http://www.flickr.com/photos/britishlibrary/11273996134	1	000049	11273996134	http://farm8.staticflickr.com/7419/11273996134_627d967144_m.jpg	240	172	http://farm8.staticflickr.com/7419/11273996134_627d967144.jpg	500	359	http://farm8.staticflickr.com/7419/11273996134_627d967144_b.jpg	1024	735	http://farm8.staticflickr.com/7419/11273996134_75776b1e47_o.jpg	1313	942
0	Everts & Ensign	History of Toga, Chemung, Tompkins, and Schuyler Counties, New York. With illustrations and biographical sketches of some of its prominent men and pioneers	PEIRCE, Henry B. and HURD (Duane Hamilton)		Philadelphia	002810116		1879	http://www.flickr.com/photos/britishlibrary/11273972616	1	000382	11273972616	http://farm8.staticflickr.com/7364/11273972616_57336a2879_m.jpg	240	165	http://farm8.staticflickr.com/7364/11273972616_57336a2879.jpg	500	343	http://farm8.staticflickr.com/7364/11273972616_57336a2879_b.jpg	1024	702	http://farm8.staticflickr.com/7364/11273972616_21c285ec6a_o.jpg	1468	1006
0	Bryan, Brand & Co.	History of the First and Second Missouri Confederate Brigades. 1861-1865, etc. [With portraits.]	BEVIER, R. S.		St. Louis	000308380		1879	http://www.flickr.com/photos/britishlibrary/11274040633	1	000153	11274040633	http://farm4.staticflickr.com/3693/11274040633_fb2ba93c3b_m.jpg	240	214	http://farm4.staticflickr.com/3693/11274040633_fb2ba93c3b.jpg	500	445	http://farm4.staticflickr.com/3693/11274040633_fb2ba93c3b_b.jpg	1024	911	http://farm4.staticflickr.com/3693/11274040633_2b217dbf5b_o.jpg	1485	1321
0	Western Historical Company	The history of Henry County, Iowa. ... Illustrated			Chicago	001653329		1879	http://www.flickr.com/photos/britishlibrary/11274040493	1	000552	11274040493	http://farm4.staticflickr.com/3674/11274040493_d0eaf76dea_m.jpg	240	158	http://farm4.staticflickr.com/3674/11274040493_d0eaf76dea.jpg	500	330	http://farm4.staticflickr.com/3674/11274040493_d0eaf76dea_b.jpg	1024	675	http://farm4.staticflickr.com/3674/11274040493_277fc84686_o.jpg	1552	1023
0		Imperial India. An Artist's journals. Illustrated, etc	Prinsep, Val C. (Val Cameron)	lsidyv3c8b5c91	London	002992309	ark:/81055/vdc_00000005B95C	1879	http://www.flickr.com/photos/britishlibrary/11273970376	1	000258	11273970376	http://farm3.staticflickr.com/2887/11273970376_45b8bc68b7_m.jpg	179	240	http://farm3.staticflickr.com/2887/11273970376_45b8bc68b7.jpg	372	500	http://farm3.staticflickr.com/2887/11273970376_45b8bc68b7_b.jpg	762	1024	http://farm3.staticflickr.com/2887/11273970376_c9f15b4d3a_o.jpg	1058	1421
0		Leaves from my Note-Book; ... tales ... portraying Irish Life and Character. By an ex-officer of the Royal Irish Constabulary. [With plates.]			London	001819523		1879	http://www.flickr.com/photos/britishlibrary/11273970326	2	000044	11273970326	http://farm4.staticflickr.com/3800/11273970326_4d89d3241e_m.jpg	202	240	http://farm4.staticflickr.com/3800/11273970326_4d89d3241e.jpg	421	500	http://farm4.staticflickr.com/3800/11273970326_4d89d3241e_b.jpg	863	1024	http://farm4.staticflickr.com/3800/11273970326_6fde8116bf_o.jpg	1021	1212
0	Everts & Ensign	History of Toga, Chemung, Tompkins, and Schuyler Counties, New York. With illustrations and biographical sketches of some of its prominent men and pioneers	PEIRCE, Henry B. and HURD (Duane Hamilton)		Philadelphia	002810116		1879	http://www.flickr.com/photos/britishlibrary/11273992714	1	000158	11273992714	http://farm6.staticflickr.com/5529/11273992714_03b3cd7e27_m.jpg	240	219	http://farm6.staticflickr.com/5529/11273992714_03b3cd7e27.jpg	500	456	http://farm6.staticflickr.com/5529/11273992714_03b3cd7e27_b.jpg	1024	934	http://farm6.staticflickr.com/5529/11273992714_9c51033fe0_o.jpg	1416	1292
01		Geschiedenis van Amsterdam	GOUW, Jan ter.		Amsterdam	001477539		1879	http://www.flickr.com/photos/britishlibrary/11274037593	1	000012	11274037593	http://farm8.staticflickr.com/7437/11274037593_ecfe1cfd8d_m.jpg	240	240	http://farm8.staticflickr.com/7437/11274037593_ecfe1cfd8d.jpg	500	500	http://farm8.staticflickr.com/7437/11274037593_ecfe1cfd8d_b.jpg	1024	1023	http://farm8.staticflickr.com/7437/11274037593_481bc66f1b_o.jpg	1047	1046
01	American News Company	Round the world with General Grant. A narrative of the visit of General U. S. Grant ... to various countries ... in 1877, 1878, 1879. To which are added certain conversations with General Grant on questions connected with American politics and history ... With ... illustrations	YOUNG, John Russell.		New York	004002305		1879	http://www.flickr.com/photos/britishlibrary/11273929185	1	000035	11273929185	http://farm4.staticflickr.com/3759/11273929185_84297b7c7c_m.jpg	162	240	http://farm4.staticflickr.com/3759/11273929185_84297b7c7c.jpg	337	500	http://farm4.staticflickr.com/3759/11273929185_84297b7c7c_b.jpg	691	1024	http://farm4.staticflickr.com/3759/11273929185_842cccf655_o.jpg	1160	1720
01	American News Company	Round the world with General Grant. A narrative of the visit of General U. S. Grant ... to various countries ... in 1877, 1878, 1879. To which are added certain conversations with General Grant on questions connected with American politics and history ... With ... illustrations	YOUNG, John Russell.		New York	004002305		1879	http://www.flickr.com/photos/britishlibrary/11274037353	1	000361	11274037353	http://farm4.staticflickr.com/3804/11274037353_ccf3f51e16_m.jpg	174	240	http://farm4.staticflickr.com/3804/11274037353_ccf3f51e16.jpg	363	500	http://farm4.staticflickr.com/3804/11274037353_ccf3f51e16_b.jpg	744	1024	http://farm4.staticflickr.com/3804/11274037353_d39f3e94fa_o.jpg	1248	1718
0		Очерки Русской Исторіи въ памятникахъ быта. pt. 1, 2	POLEVOI, Petr Nikolaevich.		С.-Петербургъ	002948284		1879	http://www.flickr.com/photos/britishlibrary/11273990754	1	000084	11273990754	http://farm8.staticflickr.com/7354/11273990754_10561192f7_m.jpg	110	240	http://farm8.staticflickr.com/7354/11273990754_10561192f7.jpg	229	500	http://farm8.staticflickr.com/7354/11273990754_10561192f7_b.jpg	470	1024	http://farm8.staticflickr.com/7354/11273990754_8c283021e7_o.jpg	898	1955
02	Tinsley Brothers	Berlin under the New Empire, its institutions, inhabitants, industry ... With ... engravings, etc	VIZETELLY, Henry.		London	003807524		1879	http://www.flickr.com/photos/britishlibrary/11273927315	1	000259	11273927315	http://farm4.staticflickr.com/3679/11273927315_a41aacfe63_m.jpg	240	174	http://farm4.staticflickr.com/3679/11273927315_a41aacfe63.jpg	500	363	http://farm4.staticflickr.com/3679/11273927315_a41aacfe63_b.jpg	1024	744	http://farm4.staticflickr.com/3679/11273927315_fd69296d9c_o.jpg	1338	972
0	Everts & Ensign	History of Toga, Chemung, Tompkins, and Schuyler Counties, New York. With illustrations and biographical sketches of some of its prominent men and pioneers	PEIRCE, Henry B. and HURD (Duane Hamilton)		Philadelphia	002810116		1879	http://www.flickr.com/photos/britishlibrary/11273966686	2	000551	11273966686	http://farm3.staticflickr.com/2879/11273966686_66690f6a5e_m.jpg	240	179	http://farm3.staticflickr.com/2879/11273966686_66690f6a5e.jpg	500	373	http://farm3.staticflickr.com/2879/11273966686_66690f6a5e_b.jpg	1024	764	http://farm3.staticflickr.com/2879/11273966686_21c0256e23_o.jpg	1313	980
0	W. D. Ensign & Co.	History of Cuyahoga County, Ohio ... With portraits and biographical sketches of its prominent men and pioneers	JOHNSON, Crisfield.		Philadelphia]	001884499		1879	http://www.flickr.com/photos/britishlibrary/11273965996	1	000773	11273965996	http://farm3.staticflickr.com/2884/11273965996_4557d61c6f_m.jpg	240	203	http://farm3.staticflickr.com/2884/11273965996_4557d61c6f.jpg	500	424	http://farm3.staticflickr.com/2884/11273965996_4557d61c6f_b.jpg	1024	868	http://farm3.staticflickr.com/2884/11273965996_17e44f9d51_o.jpg	1305	1106
02	Tinsley Brothers	Berlin under the New Empire, its institutions, inhabitants, industry ... With ... engravings, etc	VIZETELLY, Henry.		London	003807524		1879	http://www.flickr.com/photos/britishlibrary/11273925495	1	000455	11273925495	http://farm3.staticflickr.com/2875/11273925495_588c35bf41_m.jpg	164	240	http://farm3.staticflickr.com/2875/11273925495_588c35bf41.jpg	342	500	http://farm3.staticflickr.com/2875/11273925495_588c35bf41_b.jpg	700	1024	http://farm3.staticflickr.com/2875/11273925495_15d4437102_o.jpg	992	1452
0		Les Rues du vieux Paris. Galerie populaire et pittoresque ... Ouvrage illustré de 165 gravures sur bois	FOURNEL, Victor.		Paris	001279089		1879	http://www.flickr.com/photos/britishlibrary/11273925605	1	000591	11273925605	http://farm3.staticflickr.com/2862/11273925605_b6ef62b76b_m.jpg	240	171	http://farm3.staticflickr.com/2862/11273925605_b6ef62b76b.jpg	500	355	http://farm3.staticflickr.com/2862/11273925605_b6ef62b76b_b.jpg	1024	728	http://farm3.staticflickr.com/2862/11273925605_7559f4e8af_o.jpg	1232	876
0		[Brazil and the Brazilians ... in historical and descriptive sketches ... Engravings.]	KIDDER, Daniel Parish and FLETCHER (James C.)		London	001961854		1879	http://www.flickr.com/photos/britishlibrary/11274033513	1	000119	11274033513	http://farm4.staticflickr.com/3771/11274033513_921d92f208_m.jpg	240	167	http://farm4.staticflickr.com/3771/11274033513_921d92f208.jpg	500	347	http://farm4.staticflickr.com/3771/11274033513_921d92f208_b.jpg	1024	711	http://farm4.staticflickr.com/3771/11274033513_8e43a74791_o.jpg	1306	907
01	L. H. Everts	History of the Connecticut Valley in Massachusetts (by N. B. Sylvester), with illustrations and biographical sketches of some of its prominent men and pioneers [by other authors]	SYLVESTER, Nathaniel Bartlett.		Philadelphia	003562080		1879	http://www.flickr.com/photos/britishlibrary/11273924465	1	000513	11273924465	http://farm8.staticflickr.com/7372/11273924465_902a714c3f_m.jpg	240	210	http://farm8.staticflickr.com/7372/11273924465_902a714c3f.jpg	500	438	http://farm8.staticflickr.com/7372/11273924465_902a714c3f_b.jpg	1024	896	http://farm8.staticflickr.com/7372/11273924465_941cf4f937_o.jpg	1420	1242
0	Cassell, Petter, Galpin & Co.	Morocco: its people and places ... Translated by C. Rollin-Tilton. With ... illustrations	AMICIS, Edmondo de.	lsidyv3c6b00d2	London	000070870	ark:/81055/vdc_00000005AC0C	1879	http://www.flickr.com/photos/britishlibrary/11273924385	1	000175	11273924385	http://farm4.staticflickr.com/3777/11273924385_43777de523_m.jpg	99	240	http://farm4.staticflickr.com/3777/11273924385_43777de523.jpg	206	500	http://farm4.staticflickr.com/3777/11273924385_43777de523_b.jpg	422	1024	http://farm4.staticflickr.com/3777/11273924385_03f0596095_o.jpg	677	1643
01	John Murray	Bedouin Tribes of the Euphrates ... Edited, with a preface and some account of the Arabs and their horses, by W. S. B. [i.e. W. S. Blunt] ... With map and sketches by the author	BLUNT, Anne Isabella Noel Baroness Wentworth	lsidyv3c8f4fb9	London	000382895	ark:/81055/vdc_00000005BBF6	1879	http://www.flickr.com/photos/britishlibrary/11274032023	1	000073	11274032023	http://farm4.staticflickr.com/3731/11274032023_592205d124_m.jpg	240	135	http://farm4.staticflickr.com/3731/11274032023_592205d124.jpg	500	282	http://farm4.staticflickr.com/3731/11274032023_592205d124_b.jpg	1024	578	http://farm4.staticflickr.com/3731/11274032023_6790d38436_o.jpg	1722	972
01	American News Company	Round the world with General Grant. A narrative of the visit of General U. S. Grant ... to various countries ... in 1877, 1878, 1879. To which are added certain conversations with General Grant on questions connected with American politics and history ... With ... illustrations	YOUNG, John Russell.		New York	004002305		1879	http://www.flickr.com/photos/britishlibrary/11273923005	1	000388	11273923005	http://farm8.staticflickr.com/7436/11273923005_9180568e0e_m.jpg	122	240	http://farm8.staticflickr.com/7436/11273923005_9180568e0e.jpg	253	500	http://farm8.staticflickr.com/7436/11273923005_9180568e0e_b.jpg	519	1024	http://farm8.staticflickr.com/7436/11273923005_91f55481b9_o.jpg	832	1643
01	John Wiley & Sons	The Middle Kingdom; a survey of the geography, government, education, social life, arts, religion, &c. of the Chinese Empire and its inhabitants. With a new map of the Empire	WILLIAMS, Samuel Wells.		New York	003936389		1879	http://www.flickr.com/photos/britishlibrary/11273923185	1	000297	11273923185	http://farm3.staticflickr.com/2835/11273923185_8de4c59e47_m.jpg	200	240	http://farm3.staticflickr.com/2835/11273923185_8de4c59e47.jpg	417	500	http://farm3.staticflickr.com/2835/11273923185_8de4c59e47_b.jpg	855	1024	http://farm3.staticflickr.com/2835/11273923185_5437b56f77_o.jpg	970	1162
02		Danmarks og Norges Historie i Slutningen af det 16de Aarhundrede	TROELS-LUND, Troels Frederik.		Kjøbenhavn	003677661		1879	http://www.flickr.com/photos/britishlibrary/11273922365	1	000398	11273922365	http://farm6.staticflickr.com/5490/11273922365_43b4479b62_m.jpg	191	240	http://farm6.staticflickr.com/5490/11273922365_43b4479b62.jpg	397	500	http://farm6.staticflickr.com/5490/11273922365_43b4479b62_b.jpg	814	1024	http://farm6.staticflickr.com/5490/11273922365_3dfe5c2b6b_o.jpg	1071	1348
0	Western Historical Co.	The History of Clinton County, Iowa ... Illustrated			Chicago	000726414		1879	http://www.flickr.com/photos/britishlibrary/11274030373	1	000020	11274030373	http://farm4.staticflickr.com/3715/11274030373_6287cbb40b_m.jpg	238	240	http://farm4.staticflickr.com/3715/11274030373_6287cbb40b.jpg	495	500	http://farm4.staticflickr.com/3715/11274030373_6287cbb40b_b.jpg	1014	1024	http://farm4.staticflickr.com/3715/11274030373_ab7bbce457_o.jpg	1183	1195
0	F. Warne & Co.	The Reverse of the Shield; or, the Adventures of Grenville Le Marchant during the Franco-Prussian War ... With illustrations, etc	MARRYAT, Augusta.		London	002390669		1879	http://www.flickr.com/photos/britishlibrary/11273921665	1	000009	11273921665	http://farm6.staticflickr.com/5518/11273921665_759fea861e_m.jpg	240	191	http://farm6.staticflickr.com/5518/11273921665_759fea861e.jpg	500	397	http://farm6.staticflickr.com/5518/11273921665_759fea861e_b.jpg	1024	813	http://farm6.staticflickr.com/5518/11273921665_259b36dda7_o.jpg	1511	1200
02	L. H. Everts	History of the Connecticut Valley in Massachusetts (by N. B. Sylvester), with illustrations and biographical sketches of some of its prominent men and pioneers [by other authors]	SYLVESTER, Nathaniel Bartlett.		Philadelphia	003562080		1879	http://www.flickr.com/photos/britishlibrary/11273920635	1	000541	11273920635	http://farm4.staticflickr.com/3777/11273920635_fe5ce31698_m.jpg	240	183	http://farm4.staticflickr.com/3777/11273920635_fe5ce31698.jpg	500	380	http://farm4.staticflickr.com/3777/11273920635_fe5ce31698_b.jpg	1024	779	http://farm4.staticflickr.com/3777/11273920635_c7e6f3c1ae_o.jpg	1641	1248
0	Waterlow & Sons	Up the River from Westminster to Windsor and Oxford; a descriptive panorama of Thames Scenery			London	003606029		1879	http://www.flickr.com/photos/britishlibrary/11273919635	1	000152	11273919635	http://farm3.staticflickr.com/2870/11273919635_f1b2183f7b_m.jpg	240	181	http://farm3.staticflickr.com/2870/11273919635_f1b2183f7b.jpg	500	377	http://farm3.staticflickr.com/2870/11273919635_f1b2183f7b_b.jpg	1024	772	http://farm3.staticflickr.com/2870/11273919635_ea190644b0_o.jpg	1608	1212
0		The Illustrated Guide to Sheffield and the surrounding district, etc	TAYLOR, John of Sheffield		Sheffield	003589731		1879	http://www.flickr.com/photos/britishlibrary/11273959266	1	000551	11273959266	http://farm8.staticflickr.com/7308/11273959266_b64c44b295_m.jpg	240	197	http://farm8.staticflickr.com/7308/11273959266_b64c44b295.jpg	500	411	http://farm8.staticflickr.com/7308/11273959266_b64c44b295_b.jpg	1024	842	http://farm8.staticflickr.com/7308/11273959266_5c1c75a367_o.jpg	1473	1211
04		S. W. By the author of “A Modern Minister.”	WEIR, Saul.			003880512		1879	http://www.flickr.com/photos/britishlibrary/11273981604	2	000506	11273981604	http://farm3.staticflickr.com/2817/11273981604_b465a84ccc_m.jpg	119	240	http://farm3.staticflickr.com/2817/11273981604_b465a84ccc.jpg	249	500	http://farm3.staticflickr.com/2817/11273981604_b465a84ccc_b.jpg	509	1024	http://farm3.staticflickr.com/2817/11273981604_0112398061_o.jpg	713	1435
0	Religious Tract Society	The Lands of Scripture: comprising “Those Holy Fields”; “The Land of the Pharaohs” [both by S. M.]; “Pictures from Bible Lands” (edited by S. G. Green. The illustrations by E. Whymper, etc.)	MANNING, Samuel LL.D		London	002369128		1879	http://www.flickr.com/photos/britishlibrary/11274026783	2	000314	11274026783	http://farm6.staticflickr.com/5527/11274026783_4c0539f771_m.jpg	135	240	http://farm6.staticflickr.com/5527/11274026783_4c0539f771.jpg	282	500	http://farm6.staticflickr.com/5527/11274026783_4c0539f771_b.jpg	578	1024	http://farm6.staticflickr.com/5527/11274026783_f3125c69f0_o.jpg	1040	1842
0	C. R. Barns	Switzler's Illustrated History of Missouri, from 1541 to 1877, etc. [Edited by C. R. Barns. From the larger work edited by him, entitled: “The Commonwealth of Missouri.”]	BARNS, Chancy R.		Saint Louis	000206134		1879	http://www.flickr.com/photos/britishlibrary/11273957226	1	000637	11273957226	http://farm8.staticflickr.com/7447/11273957226_ac843fe4a0_m.jpg	240	200	http://farm8.staticflickr.com/7447/11273957226_ac843fe4a0.jpg	500	417	http://farm8.staticflickr.com/7447/11273957226_ac843fe4a0_b.jpg	1024	853	http://farm8.staticflickr.com/7447/11273957226_201dc85c22_o.jpg	1595	1328
0		Les Rues du vieux Paris. Galerie populaire et pittoresque ... Ouvrage illustré de 165 gravures sur bois	FOURNEL, Victor.		Paris	001279089		1879	http://www.flickr.com/photos/britishlibrary/11274025543	1	000287	11274025543	http://farm8.staticflickr.com/7426/11274025543_fbf23ab2dd_m.jpg	240	228	http://farm8.staticflickr.com/7426/11274025543_fbf23ab2dd.jpg	500	474	http://farm8.staticflickr.com/7426/11274025543_fbf23ab2dd_b.jpg	1024	971	http://farm8.staticflickr.com/7426/11274025543_36809d3e06_o.jpg	1508	1430
0	Lee & Shepard	A summer jaunt through the old world: a record of an excursion made to and through Europe by the Tourgée educational party of 1878	HOLDEN, Luther L.	lsidyv3c9a5a21	Boston [Mass.]	001711043	ark:/81055/vdc_00000005C31C	1879	http://www.flickr.com/photos/britishlibrary/11273956316	1	000606	11273956316	http://farm3.staticflickr.com/2818/11273956316_fd6f073b39_m.jpg	240	187	http://farm3.staticflickr.com/2818/11273956316_fd6f073b39.jpg	500	389	http://farm3.staticflickr.com/2818/11273956316_fd6f073b39_b.jpg	1024	797	http://farm3.staticflickr.com/2818/11273956316_a79810f854_o.jpg	1468	1143
02	D. Appleton & Co.	[Appleton's European Guide Book illustrated. Including England, Scotland, and Ireland, France, Belgium, Holland, Northern and Southern Germany, Switzerland, Italy, Spain and Portugal, Russia, Denmark, Norway, and Sweden. Containing ... maps, etc.]	APPLETON, Daniel AND CO	lsidyv3cbe7355	New York; Longmans & Co	000100280	ark:/81055/vdc_00000005D9DE	1879	http://www.flickr.com/photos/britishlibrary/11273916375	1	000623	11273916375	http://farm8.staticflickr.com/7398/11273916375_e609e27f3b_m.jpg	205	240	http://farm8.staticflickr.com/7398/11273916375_e609e27f3b.jpg	426	500	http://farm8.staticflickr.com/7398/11273916375_e609e27f3b_b.jpg	873	1024	http://farm8.staticflickr.com/7398/11273916375_dc795ba540_o.jpg	1095	1284
01	Tinsley Brothers	Berlin under the New Empire, its institutions, inhabitants, industry ... With ... engravings, etc	VIZETELLY, Henry.		London	003807524		1879	http://www.flickr.com/photos/britishlibrary/11273916345	1	000094	11273916345	http://farm8.staticflickr.com/7335/11273916345_bac0961ed4_m.jpg	169	240	http://farm8.staticflickr.com/7335/11273916345_bac0961ed4.jpg	353	500	http://farm8.staticflickr.com/7335/11273916345_bac0961ed4_b.jpg	723	1024	http://farm8.staticflickr.com/7335/11273916345_3ba04b4487_o.jpg	1003	1421
02		A magyar nemzet története. I. kötet írta Bodon J. és Dr. Szalay J. (II.-IV.) kötet, írta Dr. Szalay J.) [With portraits.]	BODON, József and SZALAY (József)		Budapest	000389221		1879	http://www.flickr.com/photos/britishlibrary/11273977844	1	000017	11273977844	http://farm8.staticflickr.com/7304/11273977844_6fb3c42a8d_m.jpg	240	196	http://farm8.staticflickr.com/7304/11273977844_6fb3c42a8d.jpg	500	409	http://farm8.staticflickr.com/7304/11273977844_6fb3c42a8d_b.jpg	1024	837	http://farm8.staticflickr.com/7304/11273977844_dcd0cde6d1_o.jpg	1447	1183
0	Hodder and Stoughton	The Migration from Shinar; or the earliest links between the Old and the New Continents	PALMER, George Commander R.N	lsidyv2af72f1c	London and Aylesbury	002755698	ark:/81055/vdc_0000000519A8	1879	http://www.flickr.com/photos/britishlibrary/11274022763	1	000041	11274022763	http://farm6.staticflickr.com/5488/11274022763_f1bc08132a_m.jpg	240	124	http://farm6.staticflickr.com/5488/11274022763_f1bc08132a.jpg	500	257	http://farm6.staticflickr.com/5488/11274022763_f1bc08132a_b.jpg	1024	527	http://farm6.staticflickr.com/5488/11274022763_d6e3a1c727_o.jpg	1773	913
02	Tinsley Brothers	Berlin under the New Empire, its institutions, inhabitants, industry ... With ... engravings, etc	VIZETELLY, Henry.		London	003807524		1879	http://www.flickr.com/photos/britishlibrary/11274022293	1	000267	11274022293	http://farm8.staticflickr.com/7429/11274022293_8667c2aee6_m.jpg	240	218	http://farm8.staticflickr.com/7429/11274022293_8667c2aee6.jpg	500	455	http://farm8.staticflickr.com/7429/11274022293_8667c2aee6_b.jpg	1024	931	http://farm8.staticflickr.com/7429/11274022293_e0344e27eb_o.jpg	1128	1026
02	American News Company	Round the world with General Grant. A narrative of the visit of General U. S. Grant ... to various countries ... in 1877, 1878, 1879. To which are added certain conversations with General Grant on questions connected with American politics and history ... With ... illustrations	YOUNG, John Russell.		New York	004002305		1879	http://www.flickr.com/photos/britishlibrary/11273914465	1	000662	11273914465	http://farm6.staticflickr.com/5526/11273914465_ae7676588a_m.jpg	239	240	http://farm6.staticflickr.com/5526/11273914465_ae7676588a.jpg	498	500	http://farm6.staticflickr.com/5526/11273914465_ae7676588a_b.jpg	1020	1024	http://farm6.staticflickr.com/5526/11273914465_00c845579f_o.jpg	1163	1168
03		Old and New London, etc	Thornbury, Walter	lsidyv3c47ab1a	London	003628788	ark:/81055/vdc_000000059328	1879	http://www.flickr.com/photos/britishlibrary/11274021183	1	000192	11274021183	http://farm4.staticflickr.com/3741/11274021183_ab8fa88a2f_m.jpg	214	240	http://farm4.staticflickr.com/3741/11274021183_ab8fa88a2f.jpg	446	500	http://farm4.staticflickr.com/3741/11274021183_ab8fa88a2f_b.jpg	914	1024	http://farm4.staticflickr.com/3741/11274021183_d2f7baac80_o.jpg	1152	1290
0	Everts & Ensign	History of Toga, Chemung, Tompkins, and Schuyler Counties, New York. With illustrations and biographical sketches of some of its prominent men and pioneers	PEIRCE, Henry B. and HURD (Duane Hamilton)		Philadelphia	002810116		1879	http://www.flickr.com/photos/britishlibrary/11274020873	1	000449	11274020873	http://farm3.staticflickr.com/2866/11274020873_c0217b5e32_m.jpg	240	192	http://farm3.staticflickr.com/2866/11274020873_c0217b5e32.jpg	500	400	http://farm3.staticflickr.com/2866/11274020873_c0217b5e32_b.jpg	1024	819	http://farm3.staticflickr.com/2866/11274020873_c7cd625fb0_o.jpg	1231	985
0	Religious Tract Society	The Lands of Scripture: comprising “Those Holy Fields”; “The Land of the Pharaohs” [both by S. M.]; “Pictures from Bible Lands” (edited by S. G. Green. The illustrations by E. Whymper, etc.)	MANNING, Samuel LL.D		London	002369128		1879	http://www.flickr.com/photos/britishlibrary/11273951916	1	000455	11273951916	http://farm8.staticflickr.com/7317/11273951916_e59a7f368a_m.jpg	240	195	http://farm8.staticflickr.com/7317/11273951916_e59a7f368a.jpg	500	407	http://farm8.staticflickr.com/7317/11273951916_e59a7f368a_b.jpg	1024	833	http://farm8.staticflickr.com/7317/11273951916_28e769fdd2_o.jpg	1552	1263
0	Waterlow & Sons	Up the River from Westminster to Windsor and Oxford; a descriptive panorama of Thames Scenery			London	003606029		1879	http://www.flickr.com/photos/britishlibrary/11273950886	1	000105	11273950886	http://farm8.staticflickr.com/7299/11273950886_a3fac8e344_m.jpg	173	240	http://farm8.staticflickr.com/7299/11273950886_a3fac8e344.jpg	359	500	http://farm8.staticflickr.com/7299/11273950886_a3fac8e344_b.jpg	736	1024	http://farm8.staticflickr.com/7299/11273950886_1bf2419422_o.jpg	1095	1523
0	D. W. Ensign & Co.	History of Columbiana County, Ohio, with illustrations and biographical sketches of its prominent men and pioneers	MACK, Horace.		Philadelphia	002319445		1879	http://www.flickr.com/photos/britishlibrary/11274017823	1	000227	11274017823	http://farm8.staticflickr.com/7398/11274017823_2a5dffc6e1_m.jpg	240	188	http://farm8.staticflickr.com/7398/11274017823_2a5dffc6e1.jpg	500	391	http://farm8.staticflickr.com/7398/11274017823_2a5dffc6e1_b.jpg	1024	801	http://farm8.staticflickr.com/7398/11274017823_ff72407c34_o.jpg	1526	1193
0	O. L. Baskin Co.	The history of Menard and Mason Counties, Illinois, containing a history of the counties [by R. D. Miller and J. M. Ruggles], ... statistics, &c. Illustrated			Chicago	002456488		1879	http://www.flickr.com/photos/britishlibrary/11273910835	1	000073	11273910835	http://farm8.staticflickr.com/7302/11273910835_2651690433_m.jpg	196	240	http://farm8.staticflickr.com/7302/11273910835_2651690433.jpg	409	500	http://farm8.staticflickr.com/7302/11273910835_2651690433_b.jpg	838	1024	http://farm8.staticflickr.com/7302/11273910835_66c2b27faf_o.jpg	1292	1579
01	D. Appleton & Co.	[Appleton's European Guide Book illustrated. Including England, Scotland, and Ireland, France, Belgium, Holland, Northern and Southern Germany, Switzerland, Italy, Spain and Portugal, Russia, Denmark, Norway, and Sweden. Containing ... maps, etc.]	APPLETON, Daniel AND CO	lsidyv3cbe7355	New York; Longmans & Co	000100280	ark:/81055/vdc_00000005D9DE	1879	http://www.flickr.com/photos/britishlibrary/11273972454	1	000120	11273972454	http://farm3.staticflickr.com/2808/11273972454_6e328db378_m.jpg	240	236	http://farm3.staticflickr.com/2808/11273972454_6e328db378.jpg	500	492	http://farm3.staticflickr.com/2808/11273972454_6e328db378_b.jpg	1024	1008	http://farm3.staticflickr.com/2808/11273972454_af75c22b87_o.jpg	1145	1127
0	W. D. Ensign & Co.	History of Cuyahoga County, Ohio ... With portraits and biographical sketches of its prominent men and pioneers	JOHNSON, Crisfield.		Philadelphia]	001884499		1879	http://www.flickr.com/photos/britishlibrary/11273948216	1	000669	11273948216	http://farm6.staticflickr.com/5511/11273948216_92a3687e18_m.jpg	240	181	http://farm6.staticflickr.com/5511/11273948216_92a3687e18.jpg	500	377	http://farm6.staticflickr.com/5511/11273948216_92a3687e18_b.jpg	1024	772	http://farm6.staticflickr.com/5511/11273948216_e0094c6c4b_o.jpg	1675	1263
0		Saint-Pierre de Rome. Ouvrage illustré, etc	LORBAC, Charles de.		Rome	002259706		1879	http://www.flickr.com/photos/britishlibrary/11274016963	1	000196	11274016963	http://farm8.staticflickr.com/7298/11274016963_2193bc0025_m.jpg	122	240	http://farm8.staticflickr.com/7298/11274016963_2193bc0025.jpg	255	500	http://farm8.staticflickr.com/7298/11274016963_2193bc0025_b.jpg	522	1024	http://farm8.staticflickr.com/7298/11274016963_594323c340_o.jpg	880	1726
0	Murray Williamson & Phelps	The History of Adams County, Illinois ... Illustrated			Chicago	000014468		1879	http://www.flickr.com/photos/britishlibrary/11273907335	1	001029	11273907335	http://farm4.staticflickr.com/3692/11273907335_56bbe89241_m.jpg	240	221	http://farm4.staticflickr.com/3692/11273907335_56bbe89241.jpg	500	461	http://farm4.staticflickr.com/3692/11273907335_56bbe89241_b.jpg	1024	945	http://farm4.staticflickr.com/3692/11273907335_701d767b40_o.jpg	1526	1408
0	C. R. Barns	Switzler's Illustrated History of Missouri, from 1541 to 1877, etc. [Edited by C. R. Barns. From the larger work edited by him, entitled: “The Commonwealth of Missouri.”]	BARNS, Chancy R.		Saint Louis	000206134		1879	http://www.flickr.com/photos/britishlibrary/11273946626	1	000075	11273946626	http://farm6.staticflickr.com/5542/11273946626_42dc082dd6_m.jpg	200	240	http://farm6.staticflickr.com/5542/11273946626_42dc082dd6.jpg	417	500	http://farm6.staticflickr.com/5542/11273946626_42dc082dd6_b.jpg	854	1024	http://farm6.staticflickr.com/5542/11273946626_15287349a7_o.jpg	1321	1584
0	The Mission Press	The manners and customs of the Chinese of the Straits Settlements	VAUGHAN, Jonas Daniel.	lsidyv3c6920e3	Singapore	003763775	ark:/81055/vdc_00000005AABC	1879	http://www.flickr.com/photos/britishlibrary/11274015743	1	000086	11274015743	http://farm3.staticflickr.com/2825/11274015743_83ae9fe4f1_m.jpg	185	240	http://farm3.staticflickr.com/2825/11274015743_83ae9fe4f1.jpg	385	500	http://farm3.staticflickr.com/2825/11274015743_83ae9fe4f1_b.jpg	788	1024	http://farm3.staticflickr.com/2825/11274015743_ebb5ba7be9_o.jpg	1092	1419
02	D. Appleton & Co.	[Appleton's European Guide Book illustrated. Including England, Scotland, and Ireland, France, Belgium, Holland, Northern and Southern Germany, Switzerland, Italy, Spain and Portugal, Russia, Denmark, Norway, and Sweden. Containing ... maps, etc.]	APPLETON, Daniel AND CO	lsidyv3cbe7355	New York; Longmans & Co	000100280	ark:/81055/vdc_00000005D9DE	1879	http://www.flickr.com/photos/britishlibrary/11274014093	1	000174	11274014093	http://farm6.staticflickr.com/5526/11274014093_50f232ee7f_m.jpg	187	240	http://farm6.staticflickr.com/5526/11274014093_50f232ee7f.jpg	390	500	http://farm6.staticflickr.com/5526/11274014093_50f232ee7f_b.jpg	799	1024	http://farm6.staticflickr.com/5526/11274014093_62e12c9b26_o.jpg	966	1238
0	Everts & Ensign	History of Toga, Chemung, Tompkins, and Schuyler Counties, New York. With illustrations and biographical sketches of some of its prominent men and pioneers	PEIRCE, Henry B. and HURD (Duane Hamilton)		Philadelphia	002810116		1879	http://www.flickr.com/photos/britishlibrary/11273905095	1	000750	11273905095	http://farm8.staticflickr.com/7289/11273905095_1341e8d3a0_m.jpg	240	194	http://farm8.staticflickr.com/7289/11273905095_1341e8d3a0.jpg	500	405	http://farm8.staticflickr.com/7289/11273905095_1341e8d3a0_b.jpg	1024	829	http://farm8.staticflickr.com/7289/11273905095_c8229efe4e_o.jpg	1226	992
0	Religious Tract Society	The Lands of Scripture: comprising “Those Holy Fields”; “The Land of the Pharaohs” [both by S. M.]; “Pictures from Bible Lands” (edited by S. G. Green. The illustrations by E. Whymper, etc.)	MANNING, Samuel LL.D		London	002369128		1879	http://www.flickr.com/photos/britishlibrary/11273905875	1	000439	11273905875	http://farm4.staticflickr.com/3742/11273905875_5bfaa66fd4_m.jpg	124	240	http://farm4.staticflickr.com/3742/11273905875_5bfaa66fd4.jpg	257	500	http://farm4.staticflickr.com/3742/11273905875_5bfaa66fd4_b.jpg	527	1024	http://farm4.staticflickr.com/3742/11273905875_1de6673f19_o.jpg	1033	2008
0	Lewis, Peck & Co.	History of Steuben County, New York, with illustrations and biographical sketches of some of its prominent men and pioneers	CLAYTON, W. Woodford.		Philadelphia	000719876		1879	http://www.flickr.com/photos/britishlibrary/11274012833	1	000499	11274012833	http://farm4.staticflickr.com/3709/11274012833_001de44946_m.jpg	234	240	http://farm4.staticflickr.com/3709/11274012833_001de44946.jpg	487	500	http://farm4.staticflickr.com/3709/11274012833_001de44946_b.jpg	997	1024	http://farm4.staticflickr.com/3709/11274012833_4c73a6f9b4_o.jpg	1161	1193
0	Western Historical Co.	The History of Clinton County, Iowa ... Illustrated			Chicago	000726414		1879	http://www.flickr.com/photos/britishlibrary/11273943506	1	000029	11273943506	http://farm4.staticflickr.com/3803/11273943506_8bc75dc64b_m.jpg	239	240	http://farm4.staticflickr.com/3803/11273943506_8bc75dc64b.jpg	498	500	http://farm4.staticflickr.com/3803/11273943506_8bc75dc64b_b.jpg	1019	1024	http://farm4.staticflickr.com/3803/11273943506_4717edbfac_o.jpg	1185	1191
01	American News Company	Round the world with General Grant. A narrative of the visit of General U. S. Grant ... to various countries ... in 1877, 1878, 1879. To which are added certain conversations with General Grant on questions connected with American politics and history ... With ... illustrations	YOUNG, John Russell.		New York	004002305		1879	http://www.flickr.com/photos/britishlibrary/11273966274	1	000429	11273966274	http://farm8.staticflickr.com/7431/11273966274_1f3713a1a0_m.jpg	240	167	http://farm8.staticflickr.com/7431/11273966274_1f3713a1a0.jpg	500	347	http://farm8.staticflickr.com/7431/11273966274_1f3713a1a0_b.jpg	1024	711	http://farm8.staticflickr.com/7431/11273966274_c2a2dbc208_o.jpg	1435	997
0	Lewis, Peck & Co.	History of Steuben County, New York, with illustrations and biographical sketches of some of its prominent men and pioneers	CLAYTON, W. Woodford.		Philadelphia	000719876		1879	http://www.flickr.com/photos/britishlibrary/11273942406	1	000365	11273942406	http://farm4.staticflickr.com/3833/11273942406_ec8fdb39a0_m.jpg	240	184	http://farm4.staticflickr.com/3833/11273942406_ec8fdb39a0.jpg	500	384	http://farm4.staticflickr.com/3833/11273942406_ec8fdb39a0_b.jpg	1024	786	http://farm4.staticflickr.com/3833/11273942406_93fc3cffdb_o.jpg	1656	1271
0	Western Historical Company	The history of Lee County, Iowa. ... Illustrated				002109349		1879	http://www.flickr.com/photos/britishlibrary/11274010633	1	000493	11274010633	http://farm4.staticflickr.com/3790/11274010633_d68b4bb874_m.jpg	240	178	http://farm4.staticflickr.com/3790/11274010633_d68b4bb874.jpg	500	370	http://farm4.staticflickr.com/3790/11274010633_d68b4bb874_b.jpg	1024	758	http://farm4.staticflickr.com/3790/11274010633_4ff94234c8_o.jpg	1503	1112
0	Religious Tract Society	English Pictures drawn with pen and pencil	MANNING, Samuel LL.D. and GREEN (Samuel Gosnell)	lsidyv3c492c1d	London	002369135	ark:/81055/vdc_000000059460	1879	http://www.flickr.com/photos/britishlibrary/11273901975	2	000220	11273901975	http://farm6.staticflickr.com/5471/11273901975_f7d68a21a9_m.jpg	240	192	http://farm6.staticflickr.com/5471/11273901975_f7d68a21a9.jpg	500	401	http://farm6.staticflickr.com/5471/11273901975_f7d68a21a9_b.jpg	1024	821	http://farm6.staticflickr.com/5471/11273901975_ff61d3bdbf_o.jpg	1555	1247
0	Cassell, Petter, Galpin & Co.	Morocco: its people and places ... Translated by C. Rollin-Tilton. With ... illustrations	AMICIS, Edmondo de.	lsidyv3c6b00d2	London	000070870	ark:/81055/vdc_00000005AC0C	1879	http://www.flickr.com/photos/britishlibrary/11273964174	1	000365	11273964174	http://farm6.staticflickr.com/5544/11273964174_c0d4f929a6_m.jpg	121	240	http://farm6.staticflickr.com/5544/11273964174_c0d4f929a6.jpg	251	500	http://farm6.staticflickr.com/5544/11273964174_c0d4f929a6_b.jpg	515	1024	http://farm6.staticflickr.com/5544/11273964174_b7c28c59a9_o.jpg	802	1595
0	Murray Williamson & Phelps	The History of Adams County, Illinois ... Illustrated			Chicago	000014468		1879	http://www.flickr.com/photos/britishlibrary/11273900945	1	001033	11273900945	http://farm6.staticflickr.com/5511/11273900945_4c5fe439dd_m.jpg	235	240	http://farm6.staticflickr.com/5511/11273900945_4c5fe439dd.jpg	490	500	http://farm6.staticflickr.com/5511/11273900945_4c5fe439dd_b.jpg	1004	1024	http://farm6.staticflickr.com/5511/11273900945_8353862c02_o.jpg	1418	1446
0		An historical and descriptive Guide to the Borough of Leeds, etc		lsidyv3c2e72d7	Leeds	002112448	ark:/81055/vdc_0000000577B0	1879	http://www.flickr.com/photos/britishlibrary/11273900375	1	000150	11273900375	http://farm8.staticflickr.com/7432/11273900375_c71a73a01d_m.jpg	192	240	http://farm8.staticflickr.com/7432/11273900375_c71a73a01d.jpg	400	500	http://farm8.staticflickr.com/7432/11273900375_c71a73a01d_b.jpg	820	1024	http://farm8.staticflickr.com/7432/11273900375_c84b642f5d_o.jpg	1096	1369
02	American News Company	Round the world with General Grant. A narrative of the visit of General U. S. Grant ... to various countries ... in 1877, 1878, 1879. To which are added certain conversations with General Grant on questions connected with American politics and history ... With ... illustrations	YOUNG, John Russell.		New York	004002305		1879	http://www.flickr.com/photos/britishlibrary/11273939526	1	000205	11273939526	http://farm8.staticflickr.com/7340/11273939526_23b4ea57f7_m.jpg	166	240	http://farm8.staticflickr.com/7340/11273939526_23b4ea57f7.jpg	345	500	http://farm8.staticflickr.com/7340/11273939526_23b4ea57f7_b.jpg	707	1024	http://farm8.staticflickr.com/7340/11273939526_ae295b94cb_o.jpg	1150	1666
0	Harper & Bros.	What Mr. Darwin saw in his Voyage round The World in the Ship “Beagle.” [Compiled and adapted from “Journal of Researches into the Geology and Natural History of the Various Countries visited by H.M.S. Beagle, etc.”]	Darwin, Charles	lsidyv3c8ea4b0	New York	000868098	ark:/81055/vdc_00000005BB84	1879	http://www.flickr.com/photos/britishlibrary/11273899205	1	000114	11273899205	http://farm8.staticflickr.com/7348/11273899205_6bc720f502_m.jpg	138	240	http://farm8.staticflickr.com/7348/11273899205_6bc720f502.jpg	288	500	http://farm8.staticflickr.com/7348/11273899205_6bc720f502_b.jpg	589	1024	http://farm8.staticflickr.com/7348/11273899205_f467f0a16b_o.jpg	892	1550
01		Knaresborough Castle Yard. (The Microcosm: and, Malcolm, a holiday-walk. A few occasional pieces.) [In verse.]			London, Bristol [printed]	001987484		1879	http://www.flickr.com/photos/britishlibrary/11274007043	1	000033	11274007043	http://farm8.staticflickr.com/7376/11274007043_d260fcff45_m.jpg	240	196	http://farm8.staticflickr.com/7376/11274007043_d260fcff45.jpg	500	408	http://farm8.staticflickr.com/7376/11274007043_d260fcff45_b.jpg	1024	836	http://farm8.staticflickr.com/7376/11274007043_200ec09b49_o.jpg	1372	1120
0		The Wild Man at Home: or, pictures of life in savage lands ... With woodcuts ... and coloured illustrations	GREENWOOD, James Novelist	lsidyv2af6fa2f	London, Edinburgh	001503444	ark:/81055/vdc_0000000519A2	1879	http://www.flickr.com/photos/britishlibrary/11273960884	1	000235	11273960884	http://farm6.staticflickr.com/5517/11273960884_bef6310db6_m.jpg	158	240	http://farm6.staticflickr.com/5517/11273960884_bef6310db6.jpg	329	500	http://farm6.staticflickr.com/5517/11273960884_bef6310db6_b.jpg	674	1024	http://farm6.staticflickr.com/5517/11273960884_d33c6d6baf_o.jpg	860	1306
0	Everts & Ensign	History of Toga, Chemung, Tompkins, and Schuyler Counties, New York. With illustrations and biographical sketches of some of its prominent men and pioneers	PEIRCE, Henry B. and HURD (Duane Hamilton)		Philadelphia	002810116		1879	http://www.flickr.com/photos/britishlibrary/11273936826	2	000534	11273936826	http://farm4.staticflickr.com/3742/11273936826_ffef88f9ec_m.jpg	240	151	http://farm4.staticflickr.com/3742/11273936826_ffef88f9ec.jpg	500	314	http://farm4.staticflickr.com/3742/11273936826_ffef88f9ec_b.jpg	1024	643	http://farm4.staticflickr.com/3742/11273936826_24d2cfc042_o.jpg	1306	820
02		Sahărâ und Sûdân. Ergebnisse sechsjähriger Reisen in Afrika. (Thl. 3 herausgegeben von E. Groddeck.)	NACHTIGAL, Gustav.		Berlin	002599811		1879	http://www.flickr.com/photos/britishlibrary/11274005623	1	000106	11274005623	http://farm4.staticflickr.com/3756/11274005623_813c3a89cd_m.jpg	210	240	http://farm4.staticflickr.com/3756/11274005623_813c3a89cd.jpg	438	500	http://farm4.staticflickr.com/3756/11274005623_813c3a89cd_b.jpg	897	1024	http://farm4.staticflickr.com/3756/11274005623_bb2b110720_o.jpg	1050	1198
0	Religious Tract Society	English Pictures drawn with pen and pencil	MANNING, Samuel LL.D. and GREEN (Samuel Gosnell)	lsidyv3c492c1d	London	002369135	ark:/81055/vdc_000000059460	1879	http://www.flickr.com/photos/britishlibrary/11274004783	1	000038	11274004783	http://farm4.staticflickr.com/3741/11274004783_e19e4dd18d_m.jpg	158	240	http://farm4.staticflickr.com/3741/11274004783_e19e4dd18d.jpg	329	500	http://farm4.staticflickr.com/3741/11274004783_e19e4dd18d_b.jpg	673	1024	http://farm4.staticflickr.com/3741/11274004783_e8afac7d35_o.jpg	842	1282
0	Religious Tract Society	The Lands of Scripture: comprising “Those Holy Fields”; “The Land of the Pharaohs” [both by S. M.]; “Pictures from Bible Lands” (edited by S. G. Green. The illustrations by E. Whymper, etc.)	MANNING, Samuel LL.D		London	002369128		1879	http://www.flickr.com/photos/britishlibrary/11273895705	1	000081	11273895705	http://farm4.staticflickr.com/3711/11273895705_19c27ed142_m.jpg	71	240	http://farm4.staticflickr.com/3711/11273895705_19c27ed142.jpg	147	500	http://farm4.staticflickr.com/3711/11273895705_19c27ed142_b.jpg	302	1024	http://farm4.staticflickr.com/3711/11273895705_03165aeb71_o.jpg	593	2008
0	The Mission Press	The manners and customs of the Chinese of the Straits Settlements	VAUGHAN, Jonas Daniel.	lsidyv3c6920e3	Singapore	003763775	ark:/81055/vdc_00000005AABC	1879	http://www.flickr.com/photos/britishlibrary/11273895565	2	000093	11273895565	http://farm4.staticflickr.com/3790/11273895565_9b31edc0fe_m.jpg	178	240	http://farm4.staticflickr.com/3790/11273895565_9b31edc0fe.jpg	372	500	http://farm4.staticflickr.com/3790/11273895565_9b31edc0fe_b.jpg	761	1024	http://farm4.staticflickr.com/3790/11273895565_55e7c7f91a_o.jpg	1102	1483
0		The Black Forest, its people and legends. [With maps and illustrations.]	SÉGUIN, afterwards STRAHAN, Lisbeth Gooch.	lsidyv3bbdd558	London, Edinburgh	003328570	ark:/81055/vdc_000000053B26	1879	http://www.flickr.com/photos/britishlibrary/11273957144	1	000087	11273957144	http://farm6.staticflickr.com/5550/11273957144_651d48d06a_m.jpg	240	179	http://farm6.staticflickr.com/5550/11273957144_651d48d06a.jpg	500	373	http://farm6.staticflickr.com/5550/11273957144_651d48d06a_b.jpg	1024	763	http://farm6.staticflickr.com/5550/11273957144_3f25c3b029_o.jpg	1686	1257
0	Netherton & Worth	[Peeps into the Haunts and Homes of the Rural Population of Cornwall. Being reminiscences of Cornish character and characteristics, etc.]	TREGELLAS, John Tabois.	lsidyv3c0f7179	Truro	003669474	ark:/81055/vdc_00000005644E	1879	http://www.flickr.com/photos/britishlibrary/11273956194	1	000043	11273956194	http://farm4.staticflickr.com/3819/11273956194_54e748cab0_m.jpg	182	240	http://farm4.staticflickr.com/3819/11273956194_54e748cab0.jpg	379	500	http://farm4.staticflickr.com/3819/11273956194_54e748cab0_b.jpg	776	1024	http://farm4.staticflickr.com/3819/11273956194_be5590ea3b_o.jpg	921	1215
0	Religious Tract Society	The Lands of Scripture: comprising “Those Holy Fields”; “The Land of the Pharaohs” [both by S. M.]; “Pictures from Bible Lands” (edited by S. G. Green. The illustrations by E. Whymper, etc.)	MANNING, Samuel LL.D		London	002369128		1879	http://www.flickr.com/photos/britishlibrary/11274002563	2	000377	11274002563	http://farm6.staticflickr.com/5499/11274002563_218881d7eb_m.jpg	240	176	http://farm6.staticflickr.com/5499/11274002563_218881d7eb.jpg	500	366	http://farm6.staticflickr.com/5499/11274002563_218881d7eb_b.jpg	1024	750	http://farm6.staticflickr.com/5499/11274002563_59ac461bf3_o.jpg	1430	1047
02	American News Company	Round the world with General Grant. A narrative of the visit of General U. S. Grant ... to various countries ... in 1877, 1878, 1879. To which are added certain conversations with General Grant on questions connected with American politics and history ... With ... illustrations	YOUNG, John Russell.		New York	004002305		1879	http://www.flickr.com/photos/britishlibrary/11273931926	1	000464	11273931926	http://farm4.staticflickr.com/3723/11273931926_7496df2c71_m.jpg	240	217	http://farm4.staticflickr.com/3723/11273931926_7496df2c71.jpg	500	453	http://farm4.staticflickr.com/3723/11273931926_7496df2c71_b.jpg	1024	927	http://farm4.staticflickr.com/3723/11273931926_172725920e_o.jpg	1176	1065
0	Harper & Bros.	From Egypt to Palestine through Sinai, the Wilderness and the South Country. Observations of a journey made with special reference to the history of the Israelites ... With maps and illustrations	BARTLETT, Samuel Colcord.	lsidyv3c53baba	New York	000216339	ark:/81055/vdc_000000059CA0	1879	http://www.flickr.com/photos/britishlibrary/11273932016	1	000245	11273932016	http://farm3.staticflickr.com/2839/11273932016_084f47f811_m.jpg	240	95	http://farm3.staticflickr.com/2839/11273932016_084f47f811.jpg	500	198	http://farm3.staticflickr.com/2839/11273932016_084f47f811_b.jpg	1024	405	http://farm3.staticflickr.com/2839/11273932016_5137eb8a6a_o.jpg	1631	645
01	L. H. Everts	History of the Connecticut Valley in Massachusetts (by N. B. Sylvester), with illustrations and biographical sketches of some of its prominent men and pioneers [by other authors]	SYLVESTER, Nathaniel Bartlett.		Philadelphia	003562080		1879	http://www.flickr.com/photos/britishlibrary/11274001173	1	000414	11274001173	http://farm3.staticflickr.com/2836/11274001173_a278dccb51_m.jpg	240	178	http://farm3.staticflickr.com/2836/11274001173_a278dccb51.jpg	500	372	http://farm3.staticflickr.com/2836/11274001173_a278dccb51_b.jpg	1024	761	http://farm3.staticflickr.com/2836/11274001173_487ccfdf67_o.jpg	1695	1260
0	Everts & Ensign	History of Toga, Chemung, Tompkins, and Schuyler Counties, New York. With illustrations and biographical sketches of some of its prominent men and pioneers	PEIRCE, Henry B. and HURD (Duane Hamilton)		Philadelphia	002810116		1879	http://www.flickr.com/photos/britishlibrary/11273930566	2	000558	11273930566	http://farm6.staticflickr.com/5500/11273930566_2fe08cde10_m.jpg	240	182	http://farm6.staticflickr.com/5500/11273930566_2fe08cde10.jpg	500	380	http://farm6.staticflickr.com/5500/11273930566_2fe08cde10_b.jpg	1024	778	http://farm6.staticflickr.com/5500/11273930566_a3f503c492_o.jpg	1226	932
0	Wesleyan Conference Office	Rambles in Bible Lands	NEWTON, Richard D.D., Rector of St. Paul's Church, Philadelphia	lsidyv3ca35e3a	London	002646495	ark:/81055/vdc_00000005C826	1879	http://www.flickr.com/photos/britishlibrary/11273890815	1	000050	11273890815	http://farm4.staticflickr.com/3746/11273890815_6ef814aeb3_m.jpg	138	240	http://farm4.staticflickr.com/3746/11273890815_6ef814aeb3.jpg	288	500	http://farm4.staticflickr.com/3746/11273890815_6ef814aeb3_b.jpg	589	1024	http://farm4.staticflickr.com/3746/11273890815_5e2fd706de_o.jpg	791	1376
0		[Brazil and the Brazilians ... in historical and descriptive sketches ... Engravings.]	KIDDER, Daniel Parish and FLETCHER (James C.)		London	001961854		1879	http://www.flickr.com/photos/britishlibrary/11273930186	1	000233	11273930186	http://farm4.staticflickr.com/3816/11273930186_6b283b402c_m.jpg	139	240	http://farm4.staticflickr.com/3816/11273930186_6b283b402c.jpg	289	500	http://farm4.staticflickr.com/3816/11273930186_6b283b402c_b.jpg	592	1024	http://farm4.staticflickr.com/3816/11273930186_505f5e40c8_o.jpg	802	1388
0		The Children's fairy geography, or a merry trip round Europe	WINSLOW, Forbes Edward.	lsidyv3c92d153	London	003952456	ark:/81055/vdc_00000005BE18	1879	http://www.flickr.com/photos/britishlibrary/11273928476	1	000025	11273928476	http://farm3.staticflickr.com/2843/11273928476_f4078527f9_m.jpg	85	240	http://farm3.staticflickr.com/2843/11273928476_f4078527f9.jpg	177	500	http://farm3.staticflickr.com/2843/11273928476_f4078527f9_b.jpg	362	1024	http://farm3.staticflickr.com/2843/11273928476_2872e17d8f_o.jpg	628	1775
0		Viaje al pais de los Tehuelches, pt. I. Exploraciones en la Patagonia austral. [With map.]	LISTA, Ramon.		Buenos Aires	002182842		1879	http://www.flickr.com/photos/britishlibrary/11273928676	1	000054	11273928676	http://farm4.staticflickr.com/3715/11273928676_b17a4f3eba_m.jpg	150	240	http://farm4.staticflickr.com/3715/11273928676_b17a4f3eba.jpg	313	500	http://farm4.staticflickr.com/3715/11273928676_b17a4f3eba_b.jpg	640	1024	http://farm4.staticflickr.com/3715/11273928676_40e24ee09d_o.jpg	912	1459
0		Viaje al pais de los Tehuelches, pt. I. Exploraciones en la Patagonia austral. [With map.]	LISTA, Ramon.		Buenos Aires	002182842		1879	http://www.flickr.com/photos/britishlibrary/11273888925	1	000009	11273888925	http://farm6.staticflickr.com/5545/11273888925_0e406dd73a_m.jpg	144	240	http://farm6.staticflickr.com/5545/11273888925_0e406dd73a.jpg	300	500	http://farm6.staticflickr.com/5545/11273888925_0e406dd73a_b.jpg	615	1024	http://farm6.staticflickr.com/5545/11273888925_e657c80d79_o.jpg	910	1515
0	W. H. Luke	Illustrated Handbook to Plymouth, Stonehouse & Devonport, with a new map ... New and enlarged edition	WRIGHT, William Henry Kearley.		Plymouth	003985100		1879	http://www.flickr.com/photos/britishlibrary/11273950294	1	000126	11273950294	http://farm6.staticflickr.com/5532/11273950294_03c91ab0c8_m.jpg	173	240	http://farm6.staticflickr.com/5532/11273950294_03c91ab0c8.jpg	359	500	http://farm6.staticflickr.com/5532/11273950294_03c91ab0c8_b.jpg	736	1024	http://farm6.staticflickr.com/5532/11273950294_a8804a546d_o.jpg	905	1259
0	Religious Tract Society	English Pictures drawn with pen and pencil	MANNING, Samuel LL.D. and GREEN (Samuel Gosnell)	lsidyv3c492c1d	London	002369135	ark:/81055/vdc_000000059460	1879	http://www.flickr.com/photos/britishlibrary/11273995403	1	000186	11273995403	http://farm4.staticflickr.com/3722/11273995403_609f471032_m.jpg	151	240	http://farm4.staticflickr.com/3722/11273995403_609f471032.jpg	315	500	http://farm4.staticflickr.com/3722/11273995403_609f471032_b.jpg	645	1024	http://farm4.staticflickr.com/3722/11273995403_ffefcc9a51_o.jpg	1022	1622
0	Everts & Ensign	History of Toga, Chemung, Tompkins, and Schuyler Counties, New York. With illustrations and biographical sketches of some of its prominent men and pioneers	PEIRCE, Henry B. and HURD (Duane Hamilton)		Philadelphia	002810116		1879	http://www.flickr.com/photos/britishlibrary/11273949114	1	000309	11273949114	http://farm6.staticflickr.com/5506/11273949114_86b2db7f54_m.jpg	240	163	http://farm6.staticflickr.com/5506/11273949114_86b2db7f54.jpg	500	339	http://farm6.staticflickr.com/5506/11273949114_86b2db7f54_b.jpg	1024	695	http://farm6.staticflickr.com/5506/11273949114_1714ea8761_o.jpg	1492	1013
01	American News Company	Round the world with General Grant. A narrative of the visit of General U. S. Grant ... to various countries ... in 1877, 1878, 1879. To which are added certain conversations with General Grant on questions connected with American politics and history ... With ... illustrations	YOUNG, John Russell.		New York	004002305		1879	http://www.flickr.com/photos/britishlibrary/11273926166	1	000059	11273926166	http://farm4.staticflickr.com/3764/11273926166_949ab27325_m.jpg	154	240	http://farm4.staticflickr.com/3764/11273926166_949ab27325.jpg	320	500	http://farm4.staticflickr.com/3764/11273926166_949ab27325_b.jpg	655	1024	http://farm4.staticflickr.com/3764/11273926166_0fe08d82d9_o.jpg	1050	1641
0	Religious Tract Society	The Lands of Scripture: comprising “Those Holy Fields”; “The Land of the Pharaohs” [both by S. M.]; “Pictures from Bible Lands” (edited by S. G. Green. The illustrations by E. Whymper, etc.)	MANNING, Samuel LL.D		London	002369128		1879	http://www.flickr.com/photos/britishlibrary/11273924816	1	000291	11273924816	http://farm3.staticflickr.com/2872/11273924816_f4d7c8d2f1_m.jpg	183	240	http://farm3.staticflickr.com/2872/11273924816_f4d7c8d2f1.jpg	382	500	http://farm3.staticflickr.com/2872/11273924816_f4d7c8d2f1_b.jpg	782	1024	http://farm3.staticflickr.com/2872/11273924816_5352945b1d_o.jpg	1123	1470
0		Les Vieilles Villes de Suisse. Notes et souvenirs. Ouvrage illustré de 105 dessins à la plume par A. Robida reproduits en fac-simile	ROBIDA, Albert.		Paris	003121715		1879	http://www.flickr.com/photos/britishlibrary/11273947454	1	000297	11273947454	http://farm3.staticflickr.com/2832/11273947454_371bf48d8b_m.jpg	240	175	http://farm3.staticflickr.com/2832/11273947454_371bf48d8b.jpg	500	365	http://farm3.staticflickr.com/2832/11273947454_371bf48d8b_b.jpg	1024	748	http://farm3.staticflickr.com/2832/11273947454_097ae5ec1c_o.jpg	1598	1167
0	Harper & Bros.	From Egypt to Palestine through Sinai, the Wilderness and the South Country. Observations of a journey made with special reference to the history of the Israelites ... With maps and illustrations	BARTLETT, Samuel Colcord.	lsidyv3c53baba	New York	000216339	ark:/81055/vdc_000000059CA0	1879	http://www.flickr.com/photos/britishlibrary/11273991653	1	000439	11273991653	http://farm4.staticflickr.com/3725/11273991653_09410740c8_m.jpg	206	240	http://farm4.staticflickr.com/3725/11273991653_09410740c8.jpg	430	500	http://farm4.staticflickr.com/3725/11273991653_09410740c8_b.jpg	881	1024	http://farm4.staticflickr.com/3725/11273991653_cbe19aed86_o.jpg	1095	1273
0	Murray Williamson & Phelps	The History of Adams County, Illinois ... Illustrated			Chicago	000014468		1879	http://www.flickr.com/photos/britishlibrary/11273945664	1	001039	11273945664	http://farm6.staticflickr.com/5505/11273945664_de386411e2_m.jpg	240	187	http://farm6.staticflickr.com/5505/11273945664_de386411e2.jpg	500	390	http://farm6.staticflickr.com/5505/11273945664_de386411e2_b.jpg	1024	799	http://farm6.staticflickr.com/5505/11273945664_dd9b50145b_o.jpg	1591	1241
03		A magyar nemzet története. I. kötet írta Bodon J. és Dr. Szalay J. (II.-IV.) kötet, írta Dr. Szalay J.) [With portraits.]	BODON, József and SZALAY (József)		Budapest	000389221		1879	http://www.flickr.com/photos/britishlibrary/11273882755	1	000021	11273882755	http://farm4.staticflickr.com/3679/11273882755_8dca169c4d_m.jpg	240	188	http://farm4.staticflickr.com/3679/11273882755_8dca169c4d.jpg	500	393	http://farm4.staticflickr.com/3679/11273882755_8dca169c4d_b.jpg	1024	804	http://farm4.staticflickr.com/3679/11273882755_efff346068_o.jpg	1535	1205
0	Western Historical Company	The history of Lee County, Iowa. ... Illustrated				002109349		1879	http://www.flickr.com/photos/britishlibrary/11273944094	1	000091	11273944094	http://farm6.staticflickr.com/5542/11273944094_f1c5690317_m.jpg	240	114	http://farm6.staticflickr.com/5542/11273944094_f1c5690317.jpg	500	238	http://farm6.staticflickr.com/5542/11273944094_f1c5690317_b.jpg	1024	488	http://farm6.staticflickr.com/5542/11273944094_2059e640d8_o.jpg	2125	1013
0		Reise nach West-Sibirien im Jahre 1876. Auf Veranstaltung des Vereins für die Deutsche Nordpolarfahrt in Bremen unternommen mit Dr. A. E. Brehm und Karl Graf v. Waldburg-Zeil-Trauchburg, von Dr. O. F., etc	Finsch, O. (Otto)		Berlin	001238638		1879	http://www.flickr.com/photos/britishlibrary/11273989993	1	000434	11273989993	http://farm4.staticflickr.com/3831/11273989993_8b3d5aaf8e_m.jpg	175	240	http://farm4.staticflickr.com/3831/11273989993_8b3d5aaf8e.jpg	365	500	http://farm4.staticflickr.com/3831/11273989993_8b3d5aaf8e_b.jpg	747	1024	http://farm4.staticflickr.com/3831/11273989993_1958ab4f80_o.jpg	1118	1532
0		The Children's fairy geography, or a merry trip round Europe	WINSLOW, Forbes Edward.	lsidyv3c92d153	London	003952456	ark:/81055/vdc_00000005BE18	1879	http://www.flickr.com/photos/britishlibrary/11273943344	1	000328	11273943344	http://farm8.staticflickr.com/7377/11273943344_20d20f8e66_m.jpg	240	209	http://farm8.staticflickr.com/7377/11273943344_20d20f8e66.jpg	500	436	http://farm8.staticflickr.com/7377/11273943344_20d20f8e66_b.jpg	1024	893	http://farm8.staticflickr.com/7377/11273943344_4bf629761e_o.jpg	1436	1252
0		[Viaje á la Patagonia austral emprendido bajo los auspicios del Gobierno Nacional 1876-1877. tom. 1.]	MORENO, Francisco Josué Pascasio.		Buenos Aires	002546655		1879	http://www.flickr.com/photos/britishlibrary/11273919206	1	000279	11273919206	http://farm6.staticflickr.com/5548/11273919206_7e88ce6dd1_m.jpg	153	240	http://farm6.staticflickr.com/5548/11273919206_7e88ce6dd1.jpg	319	500	http://farm6.staticflickr.com/5548/11273919206_7e88ce6dd1_b.jpg	653	1024	http://farm6.staticflickr.com/5548/11273919206_b8aed92600_o.jpg	1002	1572
0	A. Williams & Co.	School-history of North Carolina, from 1584 to 1879	MOORE, John Wheeler.		Raleigh, N.C	002540019		1879	http://www.flickr.com/photos/britishlibrary/11273988123	1	000006	11273988123	http://farm8.staticflickr.com/7322/11273988123_cd797f04b1_m.jpg	240	221	http://farm8.staticflickr.com/7322/11273988123_cd797f04b1.jpg	500	460	http://farm8.staticflickr.com/7322/11273988123_cd797f04b1_b.jpg	1024	942	http://farm8.staticflickr.com/7322/11273988123_8eec246cbb_o.jpg	1375	1265
0		The Black Forest, its people and legends. [With maps and illustrations.]	SÉGUIN, afterwards STRAHAN, Lisbeth Gooch.	lsidyv3bbdd558	London, Edinburgh	003328570	ark:/81055/vdc_000000053B26	1879	http://www.flickr.com/photos/britishlibrary/11273879055	1	000190	11273879055	http://farm3.staticflickr.com/2875/11273879055_5a51abef3b_m.jpg	240	154	http://farm3.staticflickr.com/2875/11273879055_5a51abef3b.jpg	500	321	http://farm3.staticflickr.com/2875/11273879055_5a51abef3b_b.jpg	1024	658	http://farm3.staticflickr.com/2875/11273879055_23100edff2_o.jpg	1473	946
0		The Great Eastern Railway Company's Tourist-Guide to the Continent. ... With illustrations ... and a map	LINDLEY, Percy.	lsidyv3cad916f	London	002174468	ark:/81055/vdc_00000005CE44	1879	http://www.flickr.com/photos/britishlibrary/11273940824	1	000051	11273940824	http://farm6.staticflickr.com/5537/11273940824_727675e817_m.jpg	240	236	http://farm6.staticflickr.com/5537/11273940824_727675e817.jpg	500	492	http://farm6.staticflickr.com/5537/11273940824_727675e817_b.jpg	1024	1008	http://farm6.staticflickr.com/5537/11273940824_84817501c5_o.jpg	1183	1165
0		Die amerikanische Nordpol-Expedition ... Mit zahlreichen Illustrationen in Holzschnitt, etc	BESSELS, Emil.		Leipzig	000303634		1879	http://www.flickr.com/photos/britishlibrary/11273917856	1	000265	11273917856	http://farm6.staticflickr.com/5492/11273917856_cfb4c88f73_m.jpg	128	240	http://farm6.staticflickr.com/5492/11273917856_cfb4c88f73.jpg	267	500	http://farm6.staticflickr.com/5492/11273917856_cfb4c88f73_b.jpg	546	1024	http://farm6.staticflickr.com/5492/11273917856_9fe2324a1b_o.jpg	845	1584
01		A magyar nemzet története. I. kötet írta Bodon J. és Dr. Szalay J. (II.-IV.) kötet, írta Dr. Szalay J.) [With portraits.]	BODON, József and SZALAY (József)		Budapest	000389221		1879	http://www.flickr.com/photos/britishlibrary/11273877155	1	000051	11273877155	http://farm4.staticflickr.com/3770/11273877155_a17eb97fec_m.jpg	240	203	http://farm4.staticflickr.com/3770/11273877155_a17eb97fec.jpg	500	422	http://farm4.staticflickr.com/3770/11273877155_a17eb97fec_b.jpg	1024	864	http://farm4.staticflickr.com/3770/11273877155_ff61caa3b5_o.jpg	1437	1212
0	Cassell, Petter, Galpin & Co.	Morocco: its people and places ... Translated by C. Rollin-Tilton. With ... illustrations	AMICIS, Edmondo de.	lsidyv3c6b00d2	London	000070870	ark:/81055/vdc_00000005AC0C	1879	http://www.flickr.com/photos/britishlibrary/11273916226	1	000080	11273916226	http://farm6.staticflickr.com/5490/11273916226_a912842e89_m.jpg	116	240	http://farm6.staticflickr.com/5490/11273916226_a912842e89.jpg	243	500	http://farm6.staticflickr.com/5490/11273916226_a912842e89_b.jpg	497	1024	http://farm6.staticflickr.com/5490/11273916226_d5feff258b_o.jpg	950	1957
0	Harper & Bros.	What Mr. Darwin saw in his Voyage round The World in the Ship “Beagle.” [Compiled and adapted from “Journal of Researches into the Geology and Natural History of the Various Countries visited by H.M.S. Beagle, etc.”]	Darwin, Charles	lsidyv3c8ea4b0	New York	000868098	ark:/81055/vdc_00000005BB84	1879	http://www.flickr.com/photos/britishlibrary/11273875955	1	000152	11273875955	http://farm4.staticflickr.com/3763/11273875955_7581b3245d_m.jpg	240	80	http://farm4.staticflickr.com/3763/11273875955_7581b3245d.jpg	500	167	http://farm4.staticflickr.com/3763/11273875955_7581b3245d_b.jpg	1024	342	http://farm4.staticflickr.com/3763/11273875955_f31094d599_o.jpg	2308	770
0		Les Vieilles Villes de Suisse. Notes et souvenirs. Ouvrage illustré de 105 dessins à la plume par A. Robida reproduits en fac-simile	ROBIDA, Albert.		Paris	003121715		1879	http://www.flickr.com/photos/britishlibrary/11273915856	1	000039	11273915856	http://farm4.staticflickr.com/3715/11273915856_b78d247855_m.jpg	240	112	http://farm4.staticflickr.com/3715/11273915856_b78d247855.jpg	500	233	http://farm4.staticflickr.com/3715/11273915856_b78d247855_b.jpg	1024	478	http://farm4.staticflickr.com/3715/11273915856_358cb356f9_o.jpg	1995	932
0	Macmillan and Co.	The Arctic Voyages of A. E. Nordenskiöld. 1858-1879. With illustrations and maps	LESLIE, Alexander of Aberdeen		London	002142895		1879	http://www.flickr.com/photos/britishlibrary/11273936734	2	000198	11273936734	http://farm6.staticflickr.com/5475/11273936734_847cdef998_m.jpg	137	240	http://farm6.staticflickr.com/5475/11273936734_847cdef998.jpg	286	500	http://farm6.staticflickr.com/5475/11273936734_847cdef998_b.jpg	586	1024	http://farm6.staticflickr.com/5475/11273936734_5c99c5dace_o.jpg	783	1368
0		[Brazil and the Brazilians ... in historical and descriptive sketches ... Engravings.]	KIDDER, Daniel Parish and FLETCHER (James C.)		London	001961854		1879	http://www.flickr.com/photos/britishlibrary/11273936204	1	000021	11273936204	http://farm3.staticflickr.com/2879/11273936204_c1a233855c_m.jpg	240	82	http://farm3.staticflickr.com/2879/11273936204_c1a233855c.jpg	500	170	http://farm3.staticflickr.com/2879/11273936204_c1a233855c_b.jpg	1024	349	http://farm3.staticflickr.com/2879/11273936204_1d7864919b_o.jpg	2322	791
0	[Ward, Lock & Co.	[Charles O'Malley, the Irish Dragoon. Edited by Harry Lorrequer. [By C. J. L.]]	LEVER, Charles James.		London,] Perth [printed	002150760		1879	http://www.flickr.com/photos/britishlibrary/11273873065	1	000068	11273873065	http://farm8.staticflickr.com/7362/11273873065_5d18b5110d_m.jpg	240	146	http://farm8.staticflickr.com/7362/11273873065_5d18b5110d.jpg	500	304	http://farm8.staticflickr.com/7362/11273873065_5d18b5110d_b.jpg	1024	622	http://farm8.staticflickr.com/7362/11273873065_cb815322ed_o.jpg	1543	937
0	The Mission Press	The manners and customs of the Chinese of the Straits Settlements	VAUGHAN, Jonas Daniel.	lsidyv3c6920e3	Singapore	003763775	ark:/81055/vdc_00000005AABC	1879	http://www.flickr.com/photos/britishlibrary/11273981713	2	000097	11273981713	http://farm8.staticflickr.com/7417/11273981713_4c7e9be43b_m.jpg	178	240	http://farm8.staticflickr.com/7417/11273981713_4c7e9be43b.jpg	371	500	http://farm8.staticflickr.com/7417/11273981713_4c7e9be43b_b.jpg	760	1024	http://farm8.staticflickr.com/7417/11273981713_98b9508fa3_o.jpg	1110	1496
02	L. H. Everts	History of the Connecticut Valley in Massachusetts (by N. B. Sylvester), with illustrations and biographical sketches of some of its prominent men and pioneers [by other authors]	SYLVESTER, Nathaniel Bartlett.		Philadelphia	003562080		1879	http://www.flickr.com/photos/britishlibrary/11273871705	1	000199	11273871705	http://farm8.staticflickr.com/7298/11273871705_50883324b8_m.jpg	240	202	http://farm8.staticflickr.com/7298/11273871705_50883324b8.jpg	500	421	http://farm8.staticflickr.com/7298/11273871705_50883324b8_b.jpg	1024	862	http://farm8.staticflickr.com/7298/11273871705_73eec12dd8_o.jpg	1481	1247
0	Harper & Bros.	What Mr. Darwin saw in his Voyage round The World in the Ship “Beagle.” [Compiled and adapted from “Journal of Researches into the Geology and Natural History of the Various Countries visited by H.M.S. Beagle, etc.”]	Darwin, Charles	lsidyv3c8ea4b0	New York	000868098	ark:/81055/vdc_00000005BB84	1879	http://www.flickr.com/photos/britishlibrary/11273933294	1	000040	11273933294	http://farm3.staticflickr.com/2850/11273933294_ef3683cefe_m.jpg	240	229	http://farm3.staticflickr.com/2850/11273933294_ef3683cefe.jpg	500	478	http://farm3.staticflickr.com/2850/11273933294_ef3683cefe_b.jpg	1024	979	http://farm3.staticflickr.com/2850/11273933294_aea34a4110_o.jpg	1196	1143
0		The History of France, from the earliest times to the outbreak of the Revolution. Abridged from ... R. Black's translation of ... Guizot's larger history. With chronological index, ... tables, portraits ... By G. Masson, etc	GUIZOT, François Pierre Guillaume.		London	001541681		1879	http://www.flickr.com/photos/britishlibrary/11273932784	1	000142	11273932784	http://farm4.staticflickr.com/3830/11273932784_11735fb222_m.jpg	240	141	http://farm4.staticflickr.com/3830/11273932784_11735fb222.jpg	500	294	http://farm4.staticflickr.com/3830/11273932784_11735fb222_b.jpg	1024	602	http://farm4.staticflickr.com/3830/11273932784_9630492559_o.jpg	1705	1003
02	Tinsley Brothers	Berlin under the New Empire, its institutions, inhabitants, industry ... With ... engravings, etc	VIZETELLY, Henry.		London	003807524		1879	http://www.flickr.com/photos/britishlibrary/11273979153	1	000370	11273979153	http://farm3.staticflickr.com/2838/11273979153_239c75a558_m.jpg	240	144	http://farm3.staticflickr.com/2838/11273979153_239c75a558.jpg	500	299	http://farm3.staticflickr.com/2838/11273979153_239c75a558_b.jpg	1024	613	http://farm3.staticflickr.com/2838/11273979153_49eb1a27cc_o.jpg	1415	847
0	Simpkin, Marshall & Co.	[Canterbury in the Olden Time, from the municipal archives and other sources. [With illustrations and plans.]]	BRENT, John F.S.A	lsidyv3c4b2696	London	000465042	ark:/81055/vdc_000000059610	1879	http://www.flickr.com/photos/britishlibrary/11273868105	1	000298	11273868105	http://farm3.staticflickr.com/2816/11273868105_d267db72b8_m.jpg	240	153	http://farm3.staticflickr.com/2816/11273868105_d267db72b8.jpg	500	318	http://farm3.staticflickr.com/2816/11273868105_d267db72b8_b.jpg	1024	651	http://farm3.staticflickr.com/2816/11273868105_457681159d_o.jpg	1632	1037
0	J. A. & R. A. Reid	The Past and the Present. Narragansett sea and shore. An illustrated guide to Providence, Newport, Narragansett Pier, Block Island, Watch Hill, Rocky Point, Silver Spring, and all the famous sea-side resorts of Rhode Island, with a map of Narragansett Bay	DENISON, Frederic.		Providence	000908069		1879	http://www.flickr.com/photos/britishlibrary/11273978233	1	000019	11273978233	http://farm3.staticflickr.com/2843/11273978233_3777e6449e_m.jpg	240	238	http://farm3.staticflickr.com/2843/11273978233_3777e6449e.jpg	500	495	http://farm3.staticflickr.com/2843/11273978233_3777e6449e_b.jpg	1024	1014	http://farm3.staticflickr.com/2843/11273978233_11967cefc2_o.jpg	1060	1050
0	Wesleyan Conference Office	Rambles in Bible Lands	NEWTON, Richard D.D., Rector of St. Paul's Church, Philadelphia	lsidyv3ca35e3a	London	002646495	ark:/81055/vdc_00000005C826	1879	http://www.flickr.com/photos/britishlibrary/11273868455	1	000067	11273868455	http://farm3.staticflickr.com/2854/11273868455_15dcb52f0d_m.jpg	240	192	http://farm3.staticflickr.com/2854/11273868455_15dcb52f0d.jpg	500	400	http://farm3.staticflickr.com/2854/11273868455_15dcb52f0d_b.jpg	1024	819	http://farm3.staticflickr.com/2854/11273868455_2a9b071944_o.jpg	1596	1277
0		The History of France, from the earliest times to the outbreak of the Revolution. Abridged from ... R. Black's translation of ... Guizot's larger history. With chronological index, ... tables, portraits ... By G. Masson, etc	GUIZOT, François Pierre Guillaume.		London	001541681		1879	http://www.flickr.com/photos/britishlibrary/11273930184	1	000239	11273930184	http://farm4.staticflickr.com/3727/11273930184_c707ea93c7_m.jpg	154	240	http://farm4.staticflickr.com/3727/11273930184_c707ea93c7.jpg	322	500	http://farm4.staticflickr.com/3727/11273930184_c707ea93c7_b.jpg	659	1024	http://farm4.staticflickr.com/3727/11273930184_24e52d47f7_o.jpg	898	1396
0		Les Vieilles Villes de Suisse. Notes et souvenirs. Ouvrage illustré de 105 dessins à la plume par A. Robida reproduits en fac-simile	ROBIDA, Albert.		Paris	003121715		1879	http://www.flickr.com/photos/britishlibrary/11273976123	1	000317	11273976123	http://farm4.staticflickr.com/3757/11273976123_9f78d1697e_m.jpg	204	240	http://farm4.staticflickr.com/3757/11273976123_9f78d1697e.jpg	425	500	http://farm4.staticflickr.com/3757/11273976123_9f78d1697e_b.jpg	870	1024	http://farm4.staticflickr.com/3757/11273976123_defd631bab_o.jpg	1356	1596
0	Waterlow & Sons	Up the River from Westminster to Windsor and Oxford; a descriptive panorama of Thames Scenery			London	003606029		1879	http://www.flickr.com/photos/britishlibrary/11273866185	1	000031	11273866185	http://farm4.staticflickr.com/3766/11273866185_5634659af1_m.jpg	180	240	http://farm4.staticflickr.com/3766/11273866185_5634659af1.jpg	375	500	http://farm4.staticflickr.com/3766/11273866185_5634659af1_b.jpg	768	1024	http://farm4.staticflickr.com/3766/11273866185_282bb730c9_o.jpg	1161	1548
01	L. H. Everts	History of the Connecticut Valley in Massachusetts (by N. B. Sylvester), with illustrations and biographical sketches of some of its prominent men and pioneers [by other authors]	SYLVESTER, Nathaniel Bartlett.		Philadelphia	003562080		1879	http://www.flickr.com/photos/britishlibrary/11273975853	1	000319	11273975853	http://farm4.staticflickr.com/3776/11273975853_a34a151776_m.jpg	240	217	http://farm4.staticflickr.com/3776/11273975853_a34a151776.jpg	500	452	http://farm4.staticflickr.com/3776/11273975853_a34a151776_b.jpg	1024	925	http://farm4.staticflickr.com/3776/11273975853_d6aa6ae0a1_o.jpg	1203	1087
01	Tinsley Brothers	Berlin under the New Empire, its institutions, inhabitants, industry ... With ... engravings, etc	VIZETELLY, Henry.		London	003807524		1879	http://www.flickr.com/photos/britishlibrary/11273974563	1	000256	11273974563	http://farm6.staticflickr.com/5511/11273974563_ac99d74a94_m.jpg	213	240	http://farm6.staticflickr.com/5511/11273974563_ac99d74a94.jpg	443	500	http://farm6.staticflickr.com/5511/11273974563_ac99d74a94_b.jpg	908	1024	http://farm6.staticflickr.com/5511/11273974563_1d41d21f2a_o.jpg	1260	1421
0	Lewis, Peck & Co.	History of Steuben County, New York, with illustrations and biographical sketches of some of its prominent men and pioneers	CLAYTON, W. Woodford.		Philadelphia	000719876		1879	http://www.flickr.com/photos/britishlibrary/11273927334	2	000496	11273927334	http://farm3.staticflickr.com/2851/11273927334_b42c6b3fb5_m.jpg	240	223	http://farm3.staticflickr.com/2851/11273927334_b42c6b3fb5.jpg	500	464	http://farm3.staticflickr.com/2851/11273927334_b42c6b3fb5_b.jpg	1024	950	http://farm3.staticflickr.com/2851/11273927334_e8938573b4_o.jpg	1196	1110
0	J. Tweed	The Annals of Dumfermline and vicinity ... 1069-1878. Interspersed with ... notes, ... and ... engravings	HENDERSON, Ebenezer LL.D., F.R.A.S		Glasgow	001648659		1879	http://www.flickr.com/photos/britishlibrary/11273904736	1	000647	11273904736	http://farm3.staticflickr.com/2885/11273904736_ecec3c82f7_m.jpg	199	240	http://farm3.staticflickr.com/2885/11273904736_ecec3c82f7.jpg	415	500	http://farm3.staticflickr.com/2885/11273904736_ecec3c82f7_b.jpg	850	1024	http://farm3.staticflickr.com/2885/11273904736_4f8b5918b1_o.jpg	1161	1398
01	D. Appleton & Co.	[Appleton's European Guide Book illustrated. Including England, Scotland, and Ireland, France, Belgium, Holland, Northern and Southern Germany, Switzerland, Italy, Spain and Portugal, Russia, Denmark, Norway, and Sweden. Containing ... maps, etc.]	APPLETON, Daniel AND CO	lsidyv3cbe7355	New York; Longmans & Co	000100280	ark:/81055/vdc_00000005D9DE	1879	http://www.flickr.com/photos/britishlibrary/11273972693	1	000688	11273972693	http://farm4.staticflickr.com/3763/11273972693_5aaf928a71_m.jpg	156	240	http://farm4.staticflickr.com/3763/11273972693_5aaf928a71.jpg	326	500	http://farm4.staticflickr.com/3763/11273972693_5aaf928a71_b.jpg	667	1024	http://farm4.staticflickr.com/3763/11273972693_f9f450c55c_o.jpg	803	1233
0	Everts & Abbott	History of Hillsdale County, Michigan, with illustrations and biographical sketches of some of its prominent men, etc	Johnson, Crisfield.		Philadelphia	001884500		1879	http://www.flickr.com/photos/britishlibrary/11273862935	1	000380	11273862935	http://farm8.staticflickr.com/7320/11273862935_c6e7fe8b6d_m.jpg	240	189	http://farm8.staticflickr.com/7320/11273862935_c6e7fe8b6d.jpg	500	393	http://farm8.staticflickr.com/7320/11273862935_c6e7fe8b6d_b.jpg	1024	805	http://farm8.staticflickr.com/7320/11273862935_cb4cd78a96_o.jpg	1206	948
0	Lewis, Peck & Co.	History of Steuben County, New York, with illustrations and biographical sketches of some of its prominent men and pioneers	CLAYTON, W. Woodford.		Philadelphia	000719876		1879	http://www.flickr.com/photos/britishlibrary/11273863035	2	000799	11273863035	http://farm8.staticflickr.com/7340/11273863035_fa013dc774_m.jpg	240	172	http://farm8.staticflickr.com/7340/11273863035_fa013dc774.jpg	500	359	http://farm8.staticflickr.com/7340/11273863035_fa013dc774_b.jpg	1024	735	http://farm8.staticflickr.com/7340/11273863035_24ac15b16b_o.jpg	1368	982
02	American News Company	Round the world with General Grant. A narrative of the visit of General U. S. Grant ... to various countries ... in 1877, 1878, 1879. To which are added certain conversations with General Grant on questions connected with American politics and history ... With ... illustrations	YOUNG, John Russell.		New York	004002305		1879	http://www.flickr.com/photos/britishlibrary/11273901976	1	000267	11273901976	http://farm8.staticflickr.com/7309/11273901976_09db73728e_m.jpg	240	192	http://farm8.staticflickr.com/7309/11273901976_09db73728e.jpg	500	401	http://farm8.staticflickr.com/7309/11273901976_09db73728e_b.jpg	1024	821	http://farm8.staticflickr.com/7309/11273901976_94aab58433_o.jpg	1622	1301
0	[Ward, Lock & Co.	[Charles O'Malley, the Irish Dragoon. Edited by Harry Lorrequer. [By C. J. L.]]	LEVER, Charles James.		London,] Perth [printed	002150760		1879	http://www.flickr.com/photos/britishlibrary/11273924434	1	000095	11273924434	http://farm3.staticflickr.com/2820/11273924434_6540d2401b_m.jpg	134	240	http://farm3.staticflickr.com/2820/11273924434_6540d2401b.jpg	279	500	http://farm3.staticflickr.com/2820/11273924434_6540d2401b_b.jpg	572	1024	http://farm3.staticflickr.com/2820/11273924434_9276015792_o.jpg	777	1390
0		The Children's fairy geography, or a merry trip round Europe	WINSLOW, Forbes Edward.	lsidyv3c92d153	London	003952456	ark:/81055/vdc_00000005BE18	1879	http://www.flickr.com/photos/britishlibrary/11273970833	1	000170	11273970833	http://farm4.staticflickr.com/3810/11273970833_c133700a65_m.jpg	151	240	http://farm4.staticflickr.com/3810/11273970833_c133700a65.jpg	315	500	http://farm4.staticflickr.com/3810/11273970833_c133700a65_b.jpg	646	1024	http://farm4.staticflickr.com/3810/11273970833_6bec27f77f_o.jpg	953	1510
0	John Murray	[The Student's Manual of Modern Geography. Mathematical, physical, and descriptive.]	BEVAN, William Latham.	lsidyv3ca2f2a9	London	000307737	ark:/81055/vdc_00000005C7F6	1879	http://www.flickr.com/photos/britishlibrary/11273900766	1	000662	11273900766	http://farm3.staticflickr.com/2864/11273900766_e79a3ec641_m.jpg	196	240	http://farm3.staticflickr.com/2864/11273900766_e79a3ec641.jpg	409	500	http://farm3.staticflickr.com/2864/11273900766_e79a3ec641_b.jpg	838	1024	http://farm3.staticflickr.com/2864/11273900766_7d7b99f490_o.jpg	1003	1225
0		Les Rues du vieux Paris. Galerie populaire et pittoresque ... Ouvrage illustré de 165 gravures sur bois	FOURNEL, Victor.		Paris	001279089		1879	http://www.flickr.com/photos/britishlibrary/11273922414	1	000373	11273922414	http://farm8.staticflickr.com/7329/11273922414_1dbf728d09_m.jpg	240	232	http://farm8.staticflickr.com/7329/11273922414_1dbf728d09.jpg	500	483	http://farm8.staticflickr.com/7329/11273922414_1dbf728d09_b.jpg	1024	990	http://farm8.staticflickr.com/7329/11273922414_e5e093aee8_o.jpg	1471	1422
0		Les Vieilles Villes de Suisse. Notes et souvenirs. Ouvrage illustré de 105 dessins à la plume par A. Robida reproduits en fac-simile	ROBIDA, Albert.		Paris	003121715		1879	http://www.flickr.com/photos/britishlibrary/11273900256	1	000031	11273900256	http://farm8.staticflickr.com/7296/11273900256_4a5f6b65ae_m.jpg	154	240	http://farm8.staticflickr.com/7296/11273900256_4a5f6b65ae.jpg	320	500	http://farm8.staticflickr.com/7296/11273900256_4a5f6b65ae_b.jpg	655	1024	http://farm8.staticflickr.com/7296/11273900256_210f5cd45c_o.jpg	1036	1620
01	American News Company	Round the world with General Grant. A narrative of the visit of General U. S. Grant ... to various countries ... in 1877, 1878, 1879. To which are added certain conversations with General Grant on questions connected with American politics and history ... With ... illustrations	YOUNG, John Russell.		New York	004002305		1879	http://www.flickr.com/photos/britishlibrary/11273898916	1	000180	11273898916	http://farm6.staticflickr.com/5510/11273898916_67904f3b54_m.jpg	152	240	http://farm6.staticflickr.com/5510/11273898916_67904f3b54.jpg	316	500	http://farm6.staticflickr.com/5510/11273898916_67904f3b54_b.jpg	648	1024	http://farm6.staticflickr.com/5510/11273898916_7fa9362fa4_o.jpg	1060	1676
0	Everts & Ensign	History of Toga, Chemung, Tompkins, and Schuyler Counties, New York. With illustrations and biographical sketches of some of its prominent men and pioneers	PEIRCE, Henry B. and HURD (Duane Hamilton)		Philadelphia	002810116		1879	http://www.flickr.com/photos/britishlibrary/11273858425	1	000701	11273858425	http://farm4.staticflickr.com/3730/11273858425_6820e1c305_m.jpg	240	165	http://farm4.staticflickr.com/3730/11273858425_6820e1c305.jpg	500	345	http://farm4.staticflickr.com/3730/11273858425_6820e1c305_b.jpg	1024	706	http://farm4.staticflickr.com/3730/11273858425_a59a015281_o.jpg	1350	931
01	Tinsley Brothers	Berlin under the New Empire, its institutions, inhabitants, industry ... With ... engravings, etc	VIZETELLY, Henry.		London	003807524		1879	http://www.flickr.com/photos/britishlibrary/11273898476	1	000225	11273898476	http://farm8.staticflickr.com/7290/11273898476_1a58ddef22_m.jpg	184	240	http://farm8.staticflickr.com/7290/11273898476_1a58ddef22.jpg	383	500	http://farm8.staticflickr.com/7290/11273898476_1a58ddef22_b.jpg	785	1024	http://farm8.staticflickr.com/7290/11273898476_aefa110bb3_o.jpg	1090	1421
0	Lewis, Peck & Co.	History of Steuben County, New York, with illustrations and biographical sketches of some of its prominent men and pioneers	CLAYTON, W. Woodford.		Philadelphia	000719876		1879	http://www.flickr.com/photos/britishlibrary/11273856475	1	000665	11273856475	http://farm6.staticflickr.com/5524/11273856475_656a7e2223_m.jpg	240	164	http://farm6.staticflickr.com/5524/11273856475_656a7e2223.jpg	500	341	http://farm6.staticflickr.com/5524/11273856475_656a7e2223_b.jpg	1024	699	http://farm6.staticflickr.com/5524/11273856475_b71d868be5_o.jpg	1446	987
0	Wesleyan Conference Office	Rambles in Bible Lands	NEWTON, Richard D.D., Rector of St. Paul's Church, Philadelphia	lsidyv3ca35e3a	London	002646495	ark:/81055/vdc_00000005C826	1879	http://www.flickr.com/photos/britishlibrary/11273855205	1	000055	11273855205	http://farm4.staticflickr.com/3753/11273855205_95f942151a_m.jpg	240	238	http://farm4.staticflickr.com/3753/11273855205_95f942151a.jpg	500	496	http://farm4.staticflickr.com/3753/11273855205_95f942151a_b.jpg	1024	1016	http://farm4.staticflickr.com/3753/11273855205_52a481bab1_o.jpg	1387	1376
03		Paris à travers les siècles. Histoire nationale de Paris et des Parisiens depuis la fondation de Lutèce jusqu'à nos jours, etc	GOURDON DE GENOUILLAC, Nicolas Jules Henri.		Paris	001476975		1879	http://www.flickr.com/photos/britishlibrary/11273964693	1	000075	11273964693	http://farm6.staticflickr.com/5546/11273964693_6652c68a64_m.jpg	192	240	http://farm6.staticflickr.com/5546/11273964693_6652c68a64.jpg	401	500	http://farm6.staticflickr.com/5546/11273964693_6652c68a64_b.jpg	821	1024	http://farm6.staticflickr.com/5546/11273964693_14d52785cd_o.jpg	1285	1603
01	Tinsley Brothers	Berlin under the New Empire, its institutions, inhabitants, industry ... With ... engravings, etc	VIZETELLY, Henry.		London	003807524		1879	http://www.flickr.com/photos/britishlibrary/11273964523	1	000306	11273964523	http://farm4.staticflickr.com/3723/11273964523_60dd4d559d_m.jpg	240	199	http://farm4.staticflickr.com/3723/11273964523_60dd4d559d.jpg	500	415	http://farm4.staticflickr.com/3723/11273964523_60dd4d559d_b.jpg	1024	850	http://farm4.staticflickr.com/3723/11273964523_41bfef64ba_o.jpg	1497	1243
01		Paris à travers les siècles. Histoire nationale de Paris et des Parisiens depuis la fondation de Lutèce jusqu'à nos jours, etc	GOURDON DE GENOUILLAC, Nicolas Jules Henri.		Paris	001476975		1879	http://www.flickr.com/photos/britishlibrary/11273853605	1	000774	11273853605	http://farm6.staticflickr.com/5533/11273853605_e15d1cfa5d_m.jpg	240	90	http://farm6.staticflickr.com/5533/11273853605_e15d1cfa5d.jpg	500	187	http://farm6.staticflickr.com/5533/11273853605_e15d1cfa5d_b.jpg	1024	383	http://farm6.staticflickr.com/5533/11273853605_bbf67b13e4_o.jpg	1910	715
01	American News Company	Round the world with General Grant. A narrative of the visit of General U. S. Grant ... to various countries ... in 1877, 1878, 1879. To which are added certain conversations with General Grant on questions connected with American politics and history ... With ... illustrations	YOUNG, John Russell.		New York	004002305		1879	http://www.flickr.com/photos/britishlibrary/11273853255	1	000127	11273853255	http://farm8.staticflickr.com/7372/11273853255_05b12cd367_m.jpg	161	240	http://farm8.staticflickr.com/7372/11273853255_05b12cd367.jpg	334	500	http://farm8.staticflickr.com/7372/11273853255_05b12cd367_b.jpg	685	1024	http://farm8.staticflickr.com/7372/11273853255_c8dc697dea_o.jpg	1146	1713
0	Waterlow & Sons	Up the River from Westminster to Windsor and Oxford; a descriptive panorama of Thames Scenery			London	003606029		1879	http://www.flickr.com/photos/britishlibrary/11273962973	1	000085	11273962973	http://farm4.staticflickr.com/3718/11273962973_f5bb1b4488_m.jpg	140	240	http://farm4.staticflickr.com/3718/11273962973_f5bb1b4488.jpg	292	500	http://farm4.staticflickr.com/3718/11273962973_f5bb1b4488_b.jpg	597	1024	http://farm4.staticflickr.com/3718/11273962973_367f7784a8_o.jpg	902	1548
01		Sahărâ und Sûdân. Ergebnisse sechsjähriger Reisen in Afrika. (Thl. 3 herausgegeben von E. Groddeck.)	NACHTIGAL, Gustav.		Berlin	002599811		1879	http://www.flickr.com/photos/britishlibrary/11273960993	1	000297	11273960993	http://farm3.staticflickr.com/2819/11273960993_3e6c83887a_m.jpg	175	240	http://farm3.staticflickr.com/2819/11273960993_3e6c83887a.jpg	365	500	http://farm3.staticflickr.com/2819/11273960993_3e6c83887a_b.jpg	747	1024	http://farm3.staticflickr.com/2819/11273960993_8493fd2362_o.jpg	1100	1507
01	Tinsley Brothers	Berlin under the New Empire, its institutions, inhabitants, industry ... With ... engravings, etc	VIZETELLY, Henry.		London	003807524		1879	http://www.flickr.com/photos/britishlibrary/11273851615	1	000241	11273851615	http://farm4.staticflickr.com/3673/11273851615_2e191f587a_m.jpg	240	152	http://farm4.staticflickr.com/3673/11273851615_2e191f587a.jpg	500	316	http://farm4.staticflickr.com/3673/11273851615_2e191f587a_b.jpg	1024	648	http://farm4.staticflickr.com/3673/11273851615_962f40be20_o.jpg	1551	982
02	Tinsley Brothers	Berlin under the New Empire, its institutions, inhabitants, industry ... With ... engravings, etc	VIZETELLY, Henry.		London	003807524		1879	http://www.flickr.com/photos/britishlibrary/11273892836	1	000361	11273892836	http://farm6.staticflickr.com/5481/11273892836_831153ee45_m.jpg	240	194	http://farm6.staticflickr.com/5481/11273892836_831153ee45.jpg	500	404	http://farm6.staticflickr.com/5481/11273892836_831153ee45_b.jpg	1024	828	http://farm6.staticflickr.com/5481/11273892836_3cb7a6f470_o.jpg	1274	1030
01	D. Appleton & Co.	[Appleton's European Guide Book illustrated. Including England, Scotland, and Ireland, France, Belgium, Holland, Northern and Southern Germany, Switzerland, Italy, Spain and Portugal, Russia, Denmark, Norway, and Sweden. Containing ... maps, etc.]	APPLETON, Daniel AND CO	lsidyv3cbe7355	New York; Longmans & Co	000100280	ark:/81055/vdc_00000005D9DE	1879	http://www.flickr.com/photos/britishlibrary/11273850725	1	000647	11273850725	http://farm4.staticflickr.com/3699/11273850725_62e9b4645d_m.jpg	213	240	http://farm4.staticflickr.com/3699/11273850725_62e9b4645d.jpg	443	500	http://farm4.staticflickr.com/3699/11273850725_62e9b4645d_b.jpg	907	1024	http://farm4.staticflickr.com/3699/11273850725_edc40ce48d_o.jpg	1092	1233
02	American News Company	Round the world with General Grant. A narrative of the visit of General U. S. Grant ... to various countries ... in 1877, 1878, 1879. To which are added certain conversations with General Grant on questions connected with American politics and history ... With ... illustrations	YOUNG, John Russell.		New York	004002305		1879	http://www.flickr.com/photos/britishlibrary/11273959463	1	000570	11273959463	http://farm6.staticflickr.com/5531/11273959463_766b28d4b7_m.jpg	173	240	http://farm6.staticflickr.com/5531/11273959463_766b28d4b7.jpg	360	500	http://farm6.staticflickr.com/5531/11273959463_766b28d4b7_b.jpg	738	1024	http://farm6.staticflickr.com/5531/11273959463_1dcf1ace79_o.jpg	1205	1672
02		A magyar nemzet története. I. kötet írta Bodon J. és Dr. Szalay J. (II.-IV.) kötet, írta Dr. Szalay J.) [With portraits.]	BODON, József and SZALAY (József)		Budapest	000389221		1879	http://www.flickr.com/photos/britishlibrary/11273850185	1	000133	11273850185	http://farm4.staticflickr.com/3698/11273850185_b2fc96d050_m.jpg	240	187	http://farm4.staticflickr.com/3698/11273850185_b2fc96d050.jpg	500	389	http://farm4.staticflickr.com/3698/11273850185_b2fc96d050_b.jpg	1024	796	http://farm4.staticflickr.com/3698/11273850185_d16e98cecb_o.jpg	1453	1130
0		Viaje á la Patagonia austral emprendido bajo los auspicios del Gobierno Nacional 1876-1877. tom. 1	MORENO, Francisco Josué Pascasio.		Buenos Aires	002546654		1879	http://www.flickr.com/photos/britishlibrary/11273910914	1	000461	11273910914	http://farm8.staticflickr.com/7306/11273910914_e2e4bdc82a_m.jpg	240	81	http://farm8.staticflickr.com/7306/11273910914_e2e4bdc82a.jpg	500	169	http://farm8.staticflickr.com/7306/11273910914_e2e4bdc82a_b.jpg	1024	347	http://farm8.staticflickr.com/7306/11273910914_cc16d8b86b_o.jpg	2252	763
0	Everts & Abbott	History of Hillsdale County, Michigan, with illustrations and biographical sketches of some of its prominent men, etc	Johnson, Crisfield.		Philadelphia	001884500		1879	http://www.flickr.com/photos/britishlibrary/11273889796	2	000363	11273889796	http://farm4.staticflickr.com/3675/11273889796_58cd70e57c_m.jpg	240	195	http://farm4.staticflickr.com/3675/11273889796_58cd70e57c.jpg	500	407	http://farm4.staticflickr.com/3675/11273889796_58cd70e57c_b.jpg	1024	833	http://farm4.staticflickr.com/3675/11273889796_545d895fee_o.jpg	1195	972
0	Macmillan and Co.	The Arctic Voyages of A. E. Nordenskiöld. 1858-1879. With illustrations and maps	LESLIE, Alexander of Aberdeen		London	002142895		1879	http://www.flickr.com/photos/britishlibrary/11273956513	1	000115	11273956513	http://farm8.staticflickr.com/7332/11273956513_d4d69ba8a7_m.jpg	240	233	http://farm8.staticflickr.com/7332/11273956513_d4d69ba8a7.jpg	500	486	http://farm8.staticflickr.com/7332/11273956513_d4d69ba8a7_b.jpg	1024	996	http://farm8.staticflickr.com/7332/11273956513_68299a82d8_o.jpg	1255	1221
01		Knaresborough Castle Yard. (The Microcosm: and, Malcolm, a holiday-walk. A few occasional pieces.) [In verse.]			London, Bristol [printed]	001987484		1879	http://www.flickr.com/photos/britishlibrary/11273847335	1	000077	11273847335	http://farm3.staticflickr.com/2828/11273847335_c69082d8ca_m.jpg	240	207	http://farm3.staticflickr.com/2828/11273847335_c69082d8ca.jpg	500	432	http://farm3.staticflickr.com/2828/11273847335_c69082d8ca_b.jpg	1024	884	http://farm3.staticflickr.com/2828/11273847335_ac9497861e_o.jpg	1306	1128
0	Religious Tract Society	The Lands of Scripture: comprising “Those Holy Fields”; “The Land of the Pharaohs” [both by S. M.]; “Pictures from Bible Lands” (edited by S. G. Green. The illustrations by E. Whymper, etc.)	MANNING, Samuel LL.D		London	002369128		1879	http://www.flickr.com/photos/britishlibrary/11273909344	1	000018	11273909344	http://farm3.staticflickr.com/2879/11273909344_f6b0f7cbb9_m.jpg	240	221	http://farm3.staticflickr.com/2879/11273909344_f6b0f7cbb9.jpg	500	461	http://farm3.staticflickr.com/2879/11273909344_f6b0f7cbb9_b.jpg	1024	945	http://farm3.staticflickr.com/2879/11273909344_0c190e3a98_o.jpg	1177	1086
02		Danmarks og Norges Historie i Slutningen af det 16de Aarhundrede	TROELS-LUND, Troels Frederik.		Kjøbenhavn	003677661		1879	http://www.flickr.com/photos/britishlibrary/11273955043	1	000495	11273955043	http://farm6.staticflickr.com/5520/11273955043_7c3231876c_m.jpg	240	165	http://farm6.staticflickr.com/5520/11273955043_7c3231876c.jpg	500	345	http://farm6.staticflickr.com/5520/11273955043_7c3231876c_b.jpg	1024	706	http://farm6.staticflickr.com/5520/11273955043_947fcdaaf5_o.jpg	1501	1035
0	Religious Tract Society	The Lands of Scripture: comprising “Those Holy Fields”; “The Land of the Pharaohs” [both by S. M.]; “Pictures from Bible Lands” (edited by S. G. Green. The illustrations by E. Whymper, etc.)	MANNING, Samuel LL.D		London	002369128		1879	http://www.flickr.com/photos/britishlibrary/11273954193	2	000313	11273954193	http://farm6.staticflickr.com/5475/11273954193_fc3c9e6734_m.jpg	116	240	http://farm6.staticflickr.com/5475/11273954193_fc3c9e6734.jpg	242	500	http://farm6.staticflickr.com/5475/11273954193_fc3c9e6734_b.jpg	496	1024	http://farm6.staticflickr.com/5475/11273954193_77a75a3e8d_o.jpg	955	1973
0	Western Historical Company	The history of Henry County, Iowa. ... Illustrated			Chicago	001653329		1879	http://www.flickr.com/photos/britishlibrary/11273885846	1	000662	11273885846	http://farm6.staticflickr.com/5541/11273885846_4fb99dcb47_m.jpg	240	139	http://farm6.staticflickr.com/5541/11273885846_4fb99dcb47.jpg	500	289	http://farm6.staticflickr.com/5541/11273885846_4fb99dcb47_b.jpg	1024	592	http://farm6.staticflickr.com/5541/11273885846_d1fc6b3e19_o.jpg	1787	1033
01	American News Company	Round the world with General Grant. A narrative of the visit of General U. S. Grant ... to various countries ... in 1877, 1878, 1879. To which are added certain conversations with General Grant on questions connected with American politics and history ... With ... illustrations	YOUNG, John Russell.		New York	004002305		1879	http://www.flickr.com/photos/britishlibrary/11273884796	1	000124	11273884796	http://farm3.staticflickr.com/2844/11273884796_cb6579bc48_m.jpg	153	240	http://farm3.staticflickr.com/2844/11273884796_cb6579bc48.jpg	318	500	http://farm3.staticflickr.com/2844/11273884796_cb6579bc48_b.jpg	652	1024	http://farm3.staticflickr.com/2844/11273884796_6ef76c8be8_o.jpg	1092	1716
0	Waterlow & Sons	Up the River from Westminster to Windsor and Oxford; a descriptive panorama of Thames Scenery			London	003606029		1879	http://www.flickr.com/photos/britishlibrary/11273885046	1	000064	11273885046	http://farm6.staticflickr.com/5547/11273885046_5bef6bab68_m.jpg	160	240	http://farm6.staticflickr.com/5547/11273885046_5bef6bab68.jpg	333	500	http://farm6.staticflickr.com/5547/11273885046_5bef6bab68_b.jpg	683	1024	http://farm6.staticflickr.com/5547/11273885046_6f8393621c_o.jpg	1012	1518
01	Tinsley Brothers	Berlin under the New Empire, its institutions, inhabitants, industry ... With ... engravings, etc	VIZETELLY, Henry.		London	003807524		1879	http://www.flickr.com/photos/britishlibrary/11273883996	1	000312	11273883996	http://farm3.staticflickr.com/2881/11273883996_46c04cbaf9_m.jpg	240	233	http://farm3.staticflickr.com/2881/11273883996_46c04cbaf9.jpg	500	485	http://farm3.staticflickr.com/2881/11273883996_46c04cbaf9_b.jpg	1024	994	http://farm3.staticflickr.com/2881/11273883996_3442f1b5fe_o.jpg	1128	1095
0		Imperial India. An Artist's journals. Illustrated, etc	Prinsep, Val C. (Val Cameron)	lsidyv3c8b5c91	London	002992309	ark:/81055/vdc_00000005B95C	1879	http://www.flickr.com/photos/britishlibrary/11273951503	1	000198	11273951503	http://farm8.staticflickr.com/7314/11273951503_6463da5d9b_m.jpg	124	240	http://farm8.staticflickr.com/7314/11273951503_6463da5d9b.jpg	259	500	http://farm8.staticflickr.com/7314/11273951503_6463da5d9b_b.jpg	530	1024	http://farm8.staticflickr.com/7314/11273951503_bdc7e5ebe7_o.jpg	736	1421
0		Les Rues du vieux Paris. Galerie populaire et pittoresque ... Ouvrage illustré de 165 gravures sur bois	FOURNEL, Victor.		Paris	001279089		1879	http://www.flickr.com/photos/britishlibrary/11273883486	1	000537	11273883486	http://farm4.staticflickr.com/3829/11273883486_def5e06c4c_m.jpg	240	187	http://farm4.staticflickr.com/3829/11273883486_def5e06c4c.jpg	500	390	http://farm4.staticflickr.com/3829/11273883486_def5e06c4c_b.jpg	1024	798	http://farm4.staticflickr.com/3829/11273883486_554293d916_o.jpg	1190	927
0		Les Vieilles Villes de Suisse. Notes et souvenirs. Ouvrage illustré de 105 dessins à la plume par A. Robida reproduits en fac-simile	ROBIDA, Albert.		Paris	003121715		1879	http://www.flickr.com/photos/britishlibrary/11273882776	1	000177	11273882776	http://farm4.staticflickr.com/3742/11273882776_b5926bd9a2_m.jpg	151	240	http://farm4.staticflickr.com/3742/11273882776_b5926bd9a2.jpg	314	500	http://farm4.staticflickr.com/3742/11273882776_b5926bd9a2_b.jpg	643	1024	http://farm4.staticflickr.com/3742/11273882776_66ff824403_o.jpg	1026	1635
0	J. A. & R. A. Reid	The Past and the Present. Narragansett sea and shore. An illustrated guide to Providence, Newport, Narragansett Pier, Block Island, Watch Hill, Rocky Point, Silver Spring, and all the famous sea-side resorts of Rhode Island, with a map of Narragansett Bay	DENISON, Frederic.		Providence	000908069		1879	http://www.flickr.com/photos/britishlibrary/11273882136	1	000061	11273882136	http://farm3.staticflickr.com/2830/11273882136_6ccdce3eac_m.jpg	208	240	http://farm3.staticflickr.com/2830/11273882136_6ccdce3eac.jpg	434	500	http://farm3.staticflickr.com/2830/11273882136_6ccdce3eac_b.jpg	889	1024	http://farm3.staticflickr.com/2830/11273882136_7b9792b348_o.jpg	1142	1315
0		Les Rues du vieux Paris. Galerie populaire et pittoresque ... Ouvrage illustré de 165 gravures sur bois	FOURNEL, Victor.		Paris	001279089		1879	http://www.flickr.com/photos/britishlibrary/11273882036	1	000589	11273882036	http://farm4.staticflickr.com/3785/11273882036_d21b079715_m.jpg	240	206	http://farm4.staticflickr.com/3785/11273882036_d21b079715.jpg	500	429	http://farm4.staticflickr.com/3785/11273882036_d21b079715_b.jpg	1024	878	http://farm4.staticflickr.com/3785/11273882036_a6d1bbb425_o.jpg	1442	1236
0	C. C. Chapman & Co.	History of Fulton County, together with sketches of its cities, villages and townships, ... and biographies ... History of Illinois ... Illustrated			Peoria	001341605		1879	http://www.flickr.com/photos/britishlibrary/11273839775	1	000655	11273839775	http://farm6.staticflickr.com/5549/11273839775_4feb9f7ede_m.jpg	188	240	http://farm6.staticflickr.com/5549/11273839775_4feb9f7ede.jpg	392	500	http://farm6.staticflickr.com/5549/11273839775_4feb9f7ede_b.jpg	803	1024	http://farm6.staticflickr.com/5549/11273839775_82eb77ea32_o.jpg	947	1208
02	American News Company	Round the world with General Grant. A narrative of the visit of General U. S. Grant ... to various countries ... in 1877, 1878, 1879. To which are added certain conversations with General Grant on questions connected with American politics and history ... With ... illustrations	YOUNG, John Russell.		New York	004002305		1879	http://www.flickr.com/photos/britishlibrary/11273947853	1	000068	11273947853	http://farm8.staticflickr.com/7439/11273947853_a4403f71d3_m.jpg	178	240	http://farm8.staticflickr.com/7439/11273947853_a4403f71d3.jpg	370	500	http://farm8.staticflickr.com/7439/11273947853_a4403f71d3_b.jpg	758	1024	http://farm8.staticflickr.com/7439/11273947853_8c627cdd2b_o.jpg	1217	1643
0		The Life of Charles Dickens ... With forty illustrations	FORSTER, John Barrister-at-Law, of the Inner Temple		Chapman & Hall, London	001272474		1879	http://www.flickr.com/photos/britishlibrary/11273879966	1	000362	11273879966	http://farm8.staticflickr.com/7304/11273879966_ca4d00c5fe_m.jpg	240	172	http://farm8.staticflickr.com/7304/11273879966_ca4d00c5fe.jpg	500	358	http://farm8.staticflickr.com/7304/11273879966_ca4d00c5fe_b.jpg	1024	734	http://farm8.staticflickr.com/7304/11273879966_7bc269d34e_o.jpg	1336	958
07		Geschiedenis van Amsterdam	GOUW, Jan ter.		Amsterdam	001477539		1879	http://www.flickr.com/photos/britishlibrary/11273947343	1	000181	11273947343	http://farm6.staticflickr.com/5512/11273947343_d51b8c9fb7_m.jpg	240	165	http://farm6.staticflickr.com/5512/11273947343_d51b8c9fb7.jpg	500	344	http://farm6.staticflickr.com/5512/11273947343_d51b8c9fb7_b.jpg	1024	704	http://farm6.staticflickr.com/5512/11273947343_4c66499e57_o.jpg	1652	1136
0	Lee & Shepard	A summer jaunt through the old world: a record of an excursion made to and through Europe by the Tourgée educational party of 1878	HOLDEN, Luther L.	lsidyv3c9a5a21	Boston [Mass.]	001711043	ark:/81055/vdc_00000005C31C	1879	http://www.flickr.com/photos/britishlibrary/11273837365	1	000508	11273837365	http://farm6.staticflickr.com/5486/11273837365_910e652d85_m.jpg	240	155	http://farm6.staticflickr.com/5486/11273837365_910e652d85.jpg	500	323	http://farm6.staticflickr.com/5486/11273837365_910e652d85_b.jpg	1024	661	http://farm6.staticflickr.com/5486/11273837365_f5a22bd8ef_o.jpg	1818	1173
0	Western Historical Company	The History of Des Moines County, Iowa, containing a history of the county ... a biographical directory of citizens ... portraits of early settlers and prominent men ... history of Iowa, map of Des Moines County ... Illustrated			Chicago	000916004		1879	http://www.flickr.com/photos/britishlibrary/11273900944	1	000089	11273900944	http://farm8.staticflickr.com/7295/11273900944_7e28226d43_m.jpg	138	240	http://farm8.staticflickr.com/7295/11273900944_7e28226d43.jpg	287	500	http://farm8.staticflickr.com/7295/11273900944_7e28226d43_b.jpg	588	1024	http://farm8.staticflickr.com/7295/11273900944_1e2ddbe7bb_o.jpg	943	1643
02	J. B. Lippincott & Co.	History of Princeton and its institutions. ... Illustrated with ... engravings Second edition	HAGEMAN, John Frelinghuysen.		Philadelphia	001560548		1879	http://www.flickr.com/photos/britishlibrary/11273900244	1	000266	11273900244	http://farm8.staticflickr.com/7445/11273900244_ee8c291462_m.jpg	240	191	http://farm8.staticflickr.com/7445/11273900244_ee8c291462.jpg	500	398	http://farm8.staticflickr.com/7445/11273900244_ee8c291462_b.jpg	1024	816	http://farm8.staticflickr.com/7445/11273900244_cf57466bf7_o.jpg	1146	913
01	Tinsley Brothers	Berlin under the New Empire, its institutions, inhabitants, industry ... With ... engravings, etc	VIZETELLY, Henry.		London	003807524		1879	http://www.flickr.com/photos/britishlibrary/11273944563	1	000102	11273944563	http://farm6.staticflickr.com/5482/11273944563_2eca1a5d22_m.jpg	239	240	http://farm6.staticflickr.com/5482/11273944563_2eca1a5d22.jpg	498	500	http://farm6.staticflickr.com/5482/11273944563_2eca1a5d22_b.jpg	1020	1024	http://farm6.staticflickr.com/5482/11273944563_e98fe38d28_o.jpg	1023	1027
0	Waterlow & Sons	Up the River from Westminster to Windsor and Oxford; a descriptive panorama of Thames Scenery			London	003606029		1879	http://www.flickr.com/photos/britishlibrary/11273876846	1	000083	11273876846	http://farm6.staticflickr.com/5522/11273876846_c672d51583_m.jpg	184	240	http://farm6.staticflickr.com/5522/11273876846_c672d51583.jpg	384	500	http://farm6.staticflickr.com/5522/11273876846_c672d51583_b.jpg	786	1024	http://farm6.staticflickr.com/5522/11273876846_a64f156b10_o.jpg	996	1298
0	Religious Tract Society	The Lands of Scripture: comprising “Those Holy Fields”; “The Land of the Pharaohs” [both by S. M.]; “Pictures from Bible Lands” (edited by S. G. Green. The illustrations by E. Whymper, etc.)	MANNING, Samuel LL.D		London	002369128		1879	http://www.flickr.com/photos/britishlibrary/11273898794	1	000449	11273898794	http://farm3.staticflickr.com/2830/11273898794_21e652cd3b_m.jpg	240	204	http://farm3.staticflickr.com/2830/11273898794_21e652cd3b.jpg	500	425	http://farm3.staticflickr.com/2830/11273898794_21e652cd3b_b.jpg	1024	870	http://farm3.staticflickr.com/2830/11273898794_77a2ffbd30_o.jpg	1302	1106
0	C. R. Barns	Switzler's Illustrated History of Missouri, from 1541 to 1877, etc. [Edited by C. R. Barns. From the larger work edited by him, entitled: “The Commonwealth of Missouri.”]	BARNS, Chancy R.		Saint Louis	000206134		1879	http://www.flickr.com/photos/britishlibrary/11273897184	1	000187	11273897184	http://farm8.staticflickr.com/7458/11273897184_010cb80cc3_m.jpg	240	239	http://farm8.staticflickr.com/7458/11273897184_010cb80cc3.jpg	500	497	http://farm8.staticflickr.com/7458/11273897184_010cb80cc3_b.jpg	1024	1018	http://farm8.staticflickr.com/7458/11273897184_eebe122597_o.jpg	1470	1462
0	Everts & Ensign	History of Toga, Chemung, Tompkins, and Schuyler Counties, New York. With illustrations and biographical sketches of some of its prominent men and pioneers	PEIRCE, Henry B. and HURD (Duane Hamilton)		Philadelphia	002810116		1879	http://www.flickr.com/photos/britishlibrary/11273943033	2	001051	11273943033	http://farm8.staticflickr.com/7363/11273943033_c5a46d7984_m.jpg	240	168	http://farm8.staticflickr.com/7363/11273943033_c5a46d7984.jpg	500	349	http://farm8.staticflickr.com/7363/11273943033_c5a46d7984_b.jpg	1024	715	http://farm8.staticflickr.com/7363/11273943033_8ca1a07216_o.jpg	1468	1025
01		Paris à travers les siècles. Histoire nationale de Paris et des Parisiens depuis la fondation de Lutèce jusqu'à nos jours, etc	GOURDON DE GENOUILLAC, Nicolas Jules Henri.		Paris	001476975		1879	http://www.flickr.com/photos/britishlibrary/11273833335	1	000192	11273833335	http://farm8.staticflickr.com/7388/11273833335_205746345a_m.jpg	240	186	http://farm8.staticflickr.com/7388/11273833335_205746345a.jpg	500	387	http://farm8.staticflickr.com/7388/11273833335_205746345a_b.jpg	1024	793	http://farm8.staticflickr.com/7388/11273833335_3aa5165bd7_o.jpg	1476	1143
0	Lewis, Peck & Co.	History of Steuben County, New York, with illustrations and biographical sketches of some of its prominent men and pioneers	CLAYTON, W. Woodford.		Philadelphia	000719876		1879	http://www.flickr.com/photos/britishlibrary/11273941813	1	000390	11273941813	http://farm3.staticflickr.com/2869/11273941813_6b2ba83e28_m.jpg	240	197	http://farm3.staticflickr.com/2869/11273941813_6b2ba83e28.jpg	500	410	http://farm3.staticflickr.com/2869/11273941813_6b2ba83e28_b.jpg	1024	840	http://farm3.staticflickr.com/2869/11273941813_a51d83e90d_o.jpg	1251	1026
0	W. Le Baron, Jr., & Co.	The history of Edgar County, Illinois, containing a history of the County [by W. H. Perrin, H. H. Hill and A. A. Graham], Directory ... Illustrated	PERRIN, William Henry.		Chicago	001034891		1879	http://www.flickr.com/photos/britishlibrary/11273872976	1	000205	11273872976	http://farm8.staticflickr.com/7426/11273872976_9fdd8833fb_m.jpg	240	169	http://farm8.staticflickr.com/7426/11273872976_9fdd8833fb.jpg	500	351	http://farm8.staticflickr.com/7426/11273872976_9fdd8833fb_b.jpg	1024	719	http://farm8.staticflickr.com/7426/11273872976_aa80518a14_o.jpg	1748	1228
0		Viaje al pais de los Tehuelches, pt. I. Exploraciones en la Patagonia austral. [With map.]	LISTA, Ramon.		Buenos Aires	002182842		1879	http://www.flickr.com/photos/britishlibrary/11273895324	1	000007	11273895324	http://farm6.staticflickr.com/5481/11273895324_a848287500_m.jpg	142	240	http://farm6.staticflickr.com/5481/11273895324_a848287500.jpg	296	500	http://farm6.staticflickr.com/5481/11273895324_a848287500_b.jpg	606	1024	http://farm6.staticflickr.com/5481/11273895324_6fbc37d28b_o.jpg	918	1551
0	Harper & Bros.	What Mr. Darwin saw in his Voyage round The World in the Ship “Beagle.” [Compiled and adapted from “Journal of Researches into the Geology and Natural History of the Various Countries visited by H.M.S. Beagle, etc.”]	Darwin, Charles	lsidyv3c8ea4b0	New York	000868098	ark:/81055/vdc_00000005BB84	1879	http://www.flickr.com/photos/britishlibrary/11273830415	1	000083	11273830415	http://farm4.staticflickr.com/3740/11273830415_1214fa7306_m.jpg	197	240	http://farm4.staticflickr.com/3740/11273830415_1214fa7306.jpg	410	500	http://farm4.staticflickr.com/3740/11273830415_1214fa7306_b.jpg	840	1024	http://farm4.staticflickr.com/3740/11273830415_1f2fd80ff1_o.jpg	1208	1473
01		Old and New London, etc	Thornbury, Walter	lsidyv3c47ab1a	London	003628788	ark:/81055/vdc_000000059328	1879	http://www.flickr.com/photos/britishlibrary/11273871576	1	000492	11273871576	http://farm3.staticflickr.com/2826/11273871576_9bb404f6c8_m.jpg	240	221	http://farm3.staticflickr.com/2826/11273871576_9bb404f6c8.jpg	500	460	http://farm3.staticflickr.com/2826/11273871576_9bb404f6c8_b.jpg	1024	942	http://farm3.staticflickr.com/2826/11273871576_f4b1737673_o.jpg	1512	1391
0	W. H. Luke	Illustrated Handbook to Plymouth, Stonehouse & Devonport, with a new map ... New and enlarged edition	WRIGHT, William Henry Kearley.		Plymouth	003985100		1879	http://www.flickr.com/photos/britishlibrary/11273936993	1	000145	11273936993	http://farm8.staticflickr.com/7388/11273936993_93825c98d7_m.jpg	170	240	http://farm8.staticflickr.com/7388/11273936993_93825c98d7.jpg	354	500	http://farm8.staticflickr.com/7388/11273936993_93825c98d7_b.jpg	726	1024	http://farm8.staticflickr.com/7388/11273936993_83ba4c3ac8_o.jpg	872	1230
0		The Illustrated Guide to Sheffield and the surrounding district, etc	TAYLOR, John of Sheffield		Sheffield	003589731		1879	http://www.flickr.com/photos/britishlibrary/11273870006	1	000343	11273870006	http://farm8.staticflickr.com/7424/11273870006_6e97d06668_m.jpg	176	240	http://farm8.staticflickr.com/7424/11273870006_6e97d06668.jpg	368	500	http://farm8.staticflickr.com/7424/11273870006_6e97d06668_b.jpg	753	1024	http://farm8.staticflickr.com/7424/11273870006_28ea41fab9_o.jpg	1041	1415
0	Thacker, Spink & Co.	[Lays of Ind ... Third edition.]	CHEEM, Aliph pseud. [i.e. Walter Yeldham.]		Calcutta; [London printed]	000675133		1879	http://www.flickr.com/photos/britishlibrary/11273828465	1	000217	11273828465	http://farm6.staticflickr.com/5523/11273828465_9d926f930d_m.jpg	187	240	http://farm6.staticflickr.com/5523/11273828465_9d926f930d.jpg	389	500	http://farm6.staticflickr.com/5523/11273828465_9d926f930d_b.jpg	797	1024	http://farm6.staticflickr.com/5523/11273828465_ff9dbfcefb_o.jpg	940	1208
0		The Illustrated Guide to Sheffield and the surrounding district, etc	TAYLOR, John of Sheffield		Sheffield	003589731		1879	http://www.flickr.com/photos/britishlibrary/11273936663	1	000064	11273936663	http://farm6.staticflickr.com/5500/11273936663_23bbb42e2f_m.jpg	151	240	http://farm6.staticflickr.com/5500/11273936663_23bbb42e2f.jpg	314	500	http://farm6.staticflickr.com/5500/11273936663_23bbb42e2f_b.jpg	643	1024	http://farm6.staticflickr.com/5500/11273936663_1e209c9aff_o.jpg	888	1414
0		A Nook in the Apennines; or, a summer beneath the chestnuts ... With ... illustrations, etc	SCOTT, Leader pseud. [i.e. Lucy Emily Baxter.]	lsidyv3bf3ce8d	London	003315873	ark:/81055/vdc_0000000558E4	1879	http://www.flickr.com/photos/britishlibrary/11273826855	1	000033	11273826855	http://farm8.staticflickr.com/7333/11273826855_e74d231731_m.jpg	240	220	http://farm8.staticflickr.com/7333/11273826855_e74d231731.jpg	500	458	http://farm8.staticflickr.com/7333/11273826855_e74d231731_b.jpg	1024	939	http://farm8.staticflickr.com/7333/11273826855_74fb2295c3_o.jpg	1121	1028
01	American News Company	Round the world with General Grant. A narrative of the visit of General U. S. Grant ... to various countries ... in 1877, 1878, 1879. To which are added certain conversations with General Grant on questions connected with American politics and history ... With ... illustrations	YOUNG, John Russell.		New York	004002305		1879	http://www.flickr.com/photos/britishlibrary/11273866156	1	000339	11273866156	http://farm4.staticflickr.com/3667/11273866156_859e266aa3_m.jpg	240	176	http://farm4.staticflickr.com/3667/11273866156_859e266aa3.jpg	500	366	http://farm4.staticflickr.com/3667/11273866156_859e266aa3_b.jpg	1024	749	http://farm4.staticflickr.com/3667/11273866156_a1e114387b_o.jpg	1290	943
0		Die amerikanische Nordpol-Expedition ... Mit zahlreichen Illustrationen in Holzschnitt, etc	BESSELS, Emil.		Leipzig	000303634		1879	http://www.flickr.com/photos/britishlibrary/11273935043	1	000146	11273935043	http://farm6.staticflickr.com/5520/11273935043_95b0879d4c_m.jpg	138	240	http://farm6.staticflickr.com/5520/11273935043_95b0879d4c.jpg	288	500	http://farm6.staticflickr.com/5520/11273935043_95b0879d4c_b.jpg	589	1024	http://farm6.staticflickr.com/5520/11273935043_ac9578f5ee_o.jpg	911	1584
0	John Murray	[The Student's Manual of Modern Geography. Mathematical, physical, and descriptive.]	BEVAN, William Latham.	lsidyv3ca2f2a9	London	000307737	ark:/81055/vdc_00000005C7F6	1879	http://www.flickr.com/photos/britishlibrary/11273934923	1	000259	11273934923	http://farm6.staticflickr.com/5525/11273934923_61b142c030_m.jpg	186	240	http://farm6.staticflickr.com/5525/11273934923_61b142c030.jpg	388	500	http://farm6.staticflickr.com/5525/11273934923_61b142c030_b.jpg	795	1024	http://farm6.staticflickr.com/5525/11273934923_6dffe4353e_o.jpg	951	1225
0	Lee & Shepard	A summer jaunt through the old world: a record of an excursion made to and through Europe by the Tourgée educational party of 1878	HOLDEN, Luther L.	lsidyv3c9a5a21	Boston [Mass.]	001711043	ark:/81055/vdc_00000005C31C	1879	http://www.flickr.com/photos/britishlibrary/11273887594	1	000313	11273887594	http://farm8.staticflickr.com/7360/11273887594_880fc609b5_m.jpg	240	142	http://farm8.staticflickr.com/7360/11273887594_880fc609b5.jpg	500	295	http://farm8.staticflickr.com/7360/11273887594_880fc609b5_b.jpg	1024	604	http://farm8.staticflickr.com/7360/11273887594_4359634714_o.jpg	1796	1060
0	John Murray	[The Student's Manual of Modern Geography. Mathematical, physical, and descriptive.]	BEVAN, William Latham.	lsidyv3ca2f2a9	London	000307737	ark:/81055/vdc_00000005C7F6	1879	http://www.flickr.com/photos/britishlibrary/11273932903	1	000430	11273932903	http://farm8.staticflickr.com/7358/11273932903_5375176a87_m.jpg	240	200	http://farm8.staticflickr.com/7358/11273932903_5375176a87.jpg	500	417	http://farm8.staticflickr.com/7358/11273932903_5375176a87_b.jpg	1024	853	http://farm8.staticflickr.com/7358/11273932903_6b96312b7f_o.jpg	1297	1080
0	Everts & Ensign	History of Toga, Chemung, Tompkins, and Schuyler Counties, New York. With illustrations and biographical sketches of some of its prominent men and pioneers	PEIRCE, Henry B. and HURD (Duane Hamilton)		Philadelphia	002810116		1879	http://www.flickr.com/photos/britishlibrary/11273887254	1	000212	11273887254	http://farm6.staticflickr.com/5515/11273887254_0148c61b50_m.jpg	240	146	http://farm6.staticflickr.com/5515/11273887254_0148c61b50.jpg	500	304	http://farm6.staticflickr.com/5515/11273887254_0148c61b50_b.jpg	1024	622	http://farm6.staticflickr.com/5515/11273887254_3f742ddb61_o.jpg	1692	1028
0		My desire, etc. [A novel.]	WARNER, Susan Bogert.		enk	003854100		1879	http://www.flickr.com/photos/britishlibrary/11273932333	1	000288	11273932333	http://farm6.staticflickr.com/5550/11273932333_9ac90e64be_m.jpg	240	152	http://farm6.staticflickr.com/5550/11273932333_9ac90e64be.jpg	500	317	http://farm6.staticflickr.com/5550/11273932333_9ac90e64be_b.jpg	1024	649	http://farm6.staticflickr.com/5550/11273932333_f7627ac241_o.jpg	1825	1156
01	American News Company	Round the world with General Grant. A narrative of the visit of General U. S. Grant ... to various countries ... in 1877, 1878, 1879. To which are added certain conversations with General Grant on questions connected with American politics and history ... With ... illustrations	YOUNG, John Russell.		New York	004002305		1879	http://www.flickr.com/photos/britishlibrary/11273885334	1	000247	11273885334	http://farm6.staticflickr.com/5474/11273885334_2cb969122e_m.jpg	175	240	http://farm6.staticflickr.com/5474/11273885334_2cb969122e.jpg	364	500	http://farm6.staticflickr.com/5474/11273885334_2cb969122e_b.jpg	746	1024	http://farm6.staticflickr.com/5474/11273885334_32a97692fc_o.jpg	1253	1720
0		The Illustrated Guide to Sheffield and the surrounding district, etc	TAYLOR, John of Sheffield		Sheffield	003589731		1879	http://www.flickr.com/photos/britishlibrary/11273821405	1	000154	11273821405	http://farm4.staticflickr.com/3690/11273821405_96efcccd41_m.jpg	191	240	http://farm4.staticflickr.com/3690/11273821405_96efcccd41.jpg	398	500	http://farm4.staticflickr.com/3690/11273821405_96efcccd41_b.jpg	815	1024	http://farm4.staticflickr.com/3690/11273821405_bc879c538e_o.jpg	1126	1415
02		Danmarks og Norges Historie i Slutningen af det 16de Aarhundrede	TROELS-LUND, Troels Frederik.		Kjøbenhavn	003677661		1879	http://www.flickr.com/photos/britishlibrary/11273930053	1	000435	11273930053	http://farm4.staticflickr.com/3775/11273930053_de6372eb04_m.jpg	240	85	http://farm4.staticflickr.com/3775/11273930053_de6372eb04.jpg	500	177	http://farm4.staticflickr.com/3775/11273930053_de6372eb04_b.jpg	1024	362	http://farm4.staticflickr.com/3775/11273930053_c598266bb9_o.jpg	2101	743
01		The Australian abroad. Branches from the Main Routes round the World. [Reprinted from the Melbourne “Argus.” With illustrations.] 2 series	HINGSTON, James.	lsidyv3cbf9abe	London	001689101	ark:/81055/vdc_00000005DA7A	1879	http://www.flickr.com/photos/britishlibrary/11273929353	1	000049	11273929353	http://farm6.staticflickr.com/5506/11273929353_15ce4038d3_m.jpg	175	240	http://farm6.staticflickr.com/5506/11273929353_15ce4038d3.jpg	365	500	http://farm6.staticflickr.com/5506/11273929353_15ce4038d3_b.jpg	748	1024	http://farm6.staticflickr.com/5506/11273929353_237fc55615_o.jpg	985	1348
0		The Children's fairy geography, or a merry trip round Europe	WINSLOW, Forbes Edward.	lsidyv3c92d153	London	003952456	ark:/81055/vdc_00000005BE18	1879	http://www.flickr.com/photos/britishlibrary/11273861496	1	000148	11273861496	http://farm6.staticflickr.com/5516/11273861496_934fdfb475_m.jpg	240	167	http://farm6.staticflickr.com/5516/11273861496_934fdfb475.jpg	500	348	http://farm6.staticflickr.com/5516/11273861496_934fdfb475_b.jpg	1024	713	http://farm6.staticflickr.com/5516/11273861496_1e2d746b2b_o.jpg	1683	1172
0	Religious Tract Society	The Lands of Scripture: comprising “Those Holy Fields”; “The Land of the Pharaohs” [both by S. M.]; “Pictures from Bible Lands” (edited by S. G. Green. The illustrations by E. Whymper, etc.)	MANNING, Samuel LL.D		London	002369128		1879	http://www.flickr.com/photos/britishlibrary/11273882184	1	000023	11273882184	http://farm6.staticflickr.com/5532/11273882184_5777af050c_m.jpg	68	240	http://farm6.staticflickr.com/5532/11273882184_5777af050c.jpg	141	500	http://farm6.staticflickr.com/5532/11273882184_5777af050c_b.jpg	288	1024	http://farm6.staticflickr.com/5532/11273882184_88a8d206d8_o.jpg	565	2008
0	W. Le Baron, Jr., & Co.	The history of Edgar County, Illinois, containing a history of the County [by W. H. Perrin, H. H. Hill and A. A. Graham], Directory ... Illustrated	PERRIN, William Henry.		Chicago	001034891		1879	http://www.flickr.com/photos/britishlibrary/11273881714	1	000128	11273881714	http://farm4.staticflickr.com/3752/11273881714_99fd1198ed_m.jpg	198	240	http://farm4.staticflickr.com/3752/11273881714_99fd1198ed.jpg	412	500	http://farm4.staticflickr.com/3752/11273881714_99fd1198ed_b.jpg	843	1024	http://farm4.staticflickr.com/3752/11273881714_e9c769d0ee_o.jpg	1301	1580
01	Tinsley Brothers	Berlin under the New Empire, its institutions, inhabitants, industry ... With ... engravings, etc	VIZETELLY, Henry.		London	003807524		1879	http://www.flickr.com/photos/britishlibrary/11273881524	1	000317	11273881524	http://farm3.staticflickr.com/2846/11273881524_2b8604340f_m.jpg	168	240	http://farm3.staticflickr.com/2846/11273881524_2b8604340f.jpg	349	500	http://farm3.staticflickr.com/2846/11273881524_2b8604340f_b.jpg	715	1024	http://farm3.staticflickr.com/2846/11273881524_f9fb724469_o.jpg	992	1421
01		Paris à travers les siècles. Histoire nationale de Paris et des Parisiens depuis la fondation de Lutèce jusqu'à nos jours, etc	GOURDON DE GENOUILLAC, Nicolas Jules Henri.		Paris	001476975		1879	http://www.flickr.com/photos/britishlibrary/11273815795	1	000369	11273815795	http://farm6.staticflickr.com/5503/11273815795_53280c95e3_m.jpg	186	240	http://farm6.staticflickr.com/5503/11273815795_53280c95e3.jpg	388	500	http://farm6.staticflickr.com/5503/11273815795_53280c95e3_b.jpg	794	1024	http://farm6.staticflickr.com/5503/11273815795_c402092e4c_o.jpg	1293	1667
0	Everts & Abbott	History of Hillsdale County, Michigan, with illustrations and biographical sketches of some of its prominent men, etc	Johnson, Crisfield.		Philadelphia	001884500		1879	http://www.flickr.com/photos/britishlibrary/11273880134	1	000364	11273880134	http://farm8.staticflickr.com/7311/11273880134_4da94fbec3_m.jpg	240	204	http://farm8.staticflickr.com/7311/11273880134_4da94fbec3.jpg	500	425	http://farm8.staticflickr.com/7311/11273880134_4da94fbec3_b.jpg	1024	871	http://farm8.staticflickr.com/7311/11273880134_538acd198a_o.jpg	1176	1000
0	Thacker, Spink & Co.	[Lays of Ind ... Third edition.]	CHEEM, Aliph pseud. [i.e. Walter Yeldham.]		Calcutta; [London printed]	000675133		1879	http://www.flickr.com/photos/britishlibrary/11273879624	1	000021	11273879624	http://farm8.staticflickr.com/7377/11273879624_e68a2a9498_m.jpg	240	210	http://farm8.staticflickr.com/7377/11273879624_e68a2a9498.jpg	500	438	http://farm8.staticflickr.com/7377/11273879624_e68a2a9498_b.jpg	1024	896	http://farm8.staticflickr.com/7377/11273879624_cae0fa0626_o.jpg	1181	1033
0	Western Historical Company	The history of Lee County, Iowa. ... Illustrated				002109349		1879	http://www.flickr.com/photos/britishlibrary/11273814605	1	000095	11273814605	http://farm8.staticflickr.com/7338/11273814605_2ea3abb761_m.jpg	135	240	http://farm8.staticflickr.com/7338/11273814605_2ea3abb761.jpg	281	500	http://farm8.staticflickr.com/7338/11273814605_2ea3abb761_b.jpg	576	1024	http://farm8.staticflickr.com/7338/11273814605_3f6b6b7ede_o.jpg	886	1574
0	Union Historical Co.	The History of Warren County ... Illustrated			Des Moines	003854638		1879	http://www.flickr.com/photos/britishlibrary/11273813595	1	000119	11273813595	http://farm4.staticflickr.com/3710/11273813595_7b1feac2d7_m.jpg	193	240	http://farm4.staticflickr.com/3710/11273813595_7b1feac2d7.jpg	403	500	http://farm4.staticflickr.com/3710/11273813595_7b1feac2d7_b.jpg	825	1024	http://farm4.staticflickr.com/3710/11273813595_262543d55a_o.jpg	1281	1590
02	American News Company	Round the world with General Grant. A narrative of the visit of General U. S. Grant ... to various countries ... in 1877, 1878, 1879. To which are added certain conversations with General Grant on questions connected with American politics and history ... With ... illustrations	YOUNG, John Russell.		New York	004002305		1879	http://www.flickr.com/photos/britishlibrary/11273813735	1	000222	11273813735	http://farm8.staticflickr.com/7459/11273813735_67d3ffd330_m.jpg	173	240	http://farm8.staticflickr.com/7459/11273813735_67d3ffd330.jpg	359	500	http://farm8.staticflickr.com/7459/11273813735_67d3ffd330_b.jpg	736	1024	http://farm8.staticflickr.com/7459/11273813735_d8b7418e7d_o.jpg	1202	1672
0		Histoire de l'unité politique et territoriale de la France	PAQUIER, Jean Baptiste.		Paris	002764484		1879	http://www.flickr.com/photos/britishlibrary/11273854946	1	000035	11273854946	http://farm6.staticflickr.com/5479/11273854946_230f578567_m.jpg	191	240	http://farm6.staticflickr.com/5479/11273854946_230f578567.jpg	399	500	http://farm6.staticflickr.com/5479/11273854946_230f578567_b.jpg	817	1024	http://farm6.staticflickr.com/5479/11273854946_a3e69b722f_o.jpg	1066	1336
0	N. D. Thompson & Co.	A Pictorial History of Texas, from the earliest visits of European adventurers to A.D. 1879 ... Third edition, ... revised	THRALL, Homer S.		St. Louis, Mo	003632148		1879	http://www.flickr.com/photos/britishlibrary/11273921783	1	000221	11273921783	http://farm3.staticflickr.com/2883/11273921783_69bfe468fb_m.jpg	240	224	http://farm3.staticflickr.com/2883/11273921783_69bfe468fb.jpg	500	466	http://farm3.staticflickr.com/2883/11273921783_69bfe468fb_b.jpg	1024	954	http://farm3.staticflickr.com/2883/11273921783_a5f32d3f41_o.jpg	1356	1263
0	Jarrold & Sons	John Snow's Wife; and other temperance stories. By the Rev. C. Courtenay ... and other writers	COURTENAY, Charles.		London	000801566		1879	http://www.flickr.com/photos/britishlibrary/11273853066	1	000074	11273853066	http://farm6.staticflickr.com/5550/11273853066_d1a23f3031_m.jpg	240	165	http://farm6.staticflickr.com/5550/11273853066_d1a23f3031.jpg	500	344	http://farm6.staticflickr.com/5550/11273853066_d1a23f3031_b.jpg	1024	704	http://farm6.staticflickr.com/5550/11273853066_17585a0c53_o.jpg	1756	1207
0	N. D. Thompson & Co.	A Pictorial History of Texas, from the earliest visits of European adventurers to A.D. 1879 ... Third edition, ... revised	THRALL, Homer S.		St. Louis, Mo	003632148		1879	http://www.flickr.com/photos/britishlibrary/11273876064	1	000681	11273876064	http://farm8.staticflickr.com/7454/11273876064_fd56babbc5_m.jpg	240	188	http://farm8.staticflickr.com/7454/11273876064_fd56babbc5.jpg	500	391	http://farm8.staticflickr.com/7454/11273876064_fd56babbc5_b.jpg	1024	801	http://farm8.staticflickr.com/7454/11273876064_94113764d7_o.jpg	1483	1160
0	Everts & Ensign	History of Toga, Chemung, Tompkins, and Schuyler Counties, New York. With illustrations and biographical sketches of some of its prominent men and pioneers	PEIRCE, Henry B. and HURD (Duane Hamilton)		Philadelphia	002810116		1879	http://www.flickr.com/photos/britishlibrary/11273919533	2	000145	11273919533	http://farm8.staticflickr.com/7319/11273919533_b7e595fe2d_m.jpg	240	197	http://farm8.staticflickr.com/7319/11273919533_b7e595fe2d.jpg	500	411	http://farm8.staticflickr.com/7319/11273919533_b7e595fe2d_b.jpg	1024	842	http://farm8.staticflickr.com/7319/11273919533_7752eb95ed_o.jpg	1407	1157
0	W. Le Baron, Jr., & Co.	The history of Edgar County, Illinois, containing a history of the County [by W. H. Perrin, H. H. Hill and A. A. Graham], Directory ... Illustrated	PERRIN, William Henry.		Chicago	001034891		1879	http://www.flickr.com/photos/britishlibrary/11273810565	2	000015	11273810565	http://farm8.staticflickr.com/7417/11273810565_89fb95c1b3_m.jpg	240	240	http://farm8.staticflickr.com/7417/11273810565_89fb95c1b3.jpg	500	500	http://farm8.staticflickr.com/7417/11273810565_89fb95c1b3_b.jpg	1024	1023	http://farm8.staticflickr.com/7417/11273810565_f6aa6c87bf_o.jpg	1207	1206
0		On a New Group of pre-Cambrian Rocks-the Arvonian-in Pembrokeshire ... With an appendix, by T. Davies. (From the Quarterly Journal of the Geological Society.)	HICKS, Henry M.D., F.R.S	lsidyv3c3323a0		001678659	ark:/81055/vdc_000000057CD2	1879	http://www.flickr.com/photos/britishlibrary/11273874064	1	000008	11273874064	http://farm6.staticflickr.com/5515/11273874064_5064cc97e0_m.jpg	240	54	http://farm6.staticflickr.com/5515/11273874064_5064cc97e0.jpg	500	112	http://farm6.staticflickr.com/5515/11273874064_5064cc97e0_b.jpg	1024	230	http://farm6.staticflickr.com/5515/11273874064_0c165241bc_o.jpg	2302	518
0	Everts & Ensign	History of Toga, Chemung, Tompkins, and Schuyler Counties, New York. With illustrations and biographical sketches of some of its prominent men and pioneers	PEIRCE, Henry B. and HURD (Duane Hamilton)		Philadelphia	002810116		1879	http://www.flickr.com/photos/britishlibrary/11273872934	1	000524	11273872934	http://farm4.staticflickr.com/3665/11273872934_3d40701caa_m.jpg	240	173	http://farm4.staticflickr.com/3665/11273872934_3d40701caa.jpg	500	359	http://farm4.staticflickr.com/3665/11273872934_3d40701caa_b.jpg	1024	736	http://farm4.staticflickr.com/3665/11273872934_031cb357a6_o.jpg	1417	1018
0	Harper & Bros.	What Mr. Darwin saw in his Voyage round The World in the Ship “Beagle.” [Compiled and adapted from “Journal of Researches into the Geology and Natural History of the Various Countries visited by H.M.S. Beagle, etc.”]	Darwin, Charles	lsidyv3c8ea4b0	New York	000868098	ark:/81055/vdc_00000005BB84	1879	http://www.flickr.com/photos/britishlibrary/11273849786	1	000177	11273849786	http://farm4.staticflickr.com/3793/11273849786_efd1dc741b_m.jpg	240	192	http://farm4.staticflickr.com/3793/11273849786_efd1dc741b.jpg	500	400	http://farm4.staticflickr.com/3793/11273849786_efd1dc741b_b.jpg	1024	820	http://farm4.staticflickr.com/3793/11273849786_e612562795_o.jpg	1592	1275
01		Sahărâ und Sûdân. Ergebnisse sechsjähriger Reisen in Afrika. (Thl. 3 herausgegeben von E. Groddeck.)	NACHTIGAL, Gustav.		Berlin	002599811		1879	http://www.flickr.com/photos/britishlibrary/11273849336	1	000249	11273849336	http://farm3.staticflickr.com/2894/11273849336_13419c1127_m.jpg	210	240	http://farm3.staticflickr.com/2894/11273849336_13419c1127.jpg	438	500	http://farm3.staticflickr.com/2894/11273849336_13419c1127_b.jpg	897	1024	http://farm3.staticflickr.com/2894/11273849336_2985573b66_o.jpg	1192	1361
02		Sahărâ und Sûdân. Ergebnisse sechsjähriger Reisen in Afrika. (Thl. 3 herausgegeben von E. Groddeck.)	NACHTIGAL, Gustav.		Berlin	002599811		1879	http://www.flickr.com/photos/britishlibrary/11273871484	1	000617	11273871484	http://farm4.staticflickr.com/3743/11273871484_c2a94f224b_m.jpg	159	240	http://farm4.staticflickr.com/3743/11273871484_c2a94f224b.jpg	332	500	http://farm4.staticflickr.com/3743/11273871484_c2a94f224b_b.jpg	680	1024	http://farm4.staticflickr.com/3743/11273871484_1468765a2c_o.jpg	925	1393
0	D. & J. Allen	Irish Lyrics, Songs & Poems	CORRY, Thomas Charles Stewart.		Belfast	000790832		1879	http://www.flickr.com/photos/britishlibrary/11273916133	1	000035	11273916133	http://farm6.staticflickr.com/5490/11273916133_64f6daf4c4_m.jpg	240	143	http://farm6.staticflickr.com/5490/11273916133_64f6daf4c4.jpg	500	298	http://farm6.staticflickr.com/5490/11273916133_64f6daf4c4_b.jpg	1024	611	http://farm6.staticflickr.com/5490/11273916133_b229bec7b7_o.jpg	1568	936
0	J. A. & R. A. Reid	The Past and the Present. Narragansett sea and shore. An illustrated guide to Providence, Newport, Narragansett Pier, Block Island, Watch Hill, Rocky Point, Silver Spring, and all the famous sea-side resorts of Rhode Island, with a map of Narragansett Bay	DENISON, Frederic.		Providence	000908069		1879	http://www.flickr.com/photos/britishlibrary/11273847016	1	000044	11273847016	http://farm4.staticflickr.com/3813/11273847016_dd081c7e25_m.jpg	240	208	http://farm4.staticflickr.com/3813/11273847016_dd081c7e25.jpg	500	434	http://farm4.staticflickr.com/3813/11273847016_dd081c7e25_b.jpg	1024	889	http://farm4.staticflickr.com/3813/11273847016_e654a4cd1e_o.jpg	1527	1325
0	Everts & Abbott	History of Hillsdale County, Michigan, with illustrations and biographical sketches of some of its prominent men, etc	Johnson, Crisfield.		Philadelphia	001884500		1879	http://www.flickr.com/photos/britishlibrary/11273915393	1	000105	11273915393	http://farm4.staticflickr.com/3718/11273915393_d56d36c252_m.jpg	240	217	http://farm4.staticflickr.com/3718/11273915393_d56d36c252.jpg	500	451	http://farm4.staticflickr.com/3718/11273915393_d56d36c252_b.jpg	1024	924	http://farm4.staticflickr.com/3718/11273915393_e8be703052_o.jpg	1418	1280
0	Religious Tract Society	The Lands of Scripture: comprising “Those Holy Fields”; “The Land of the Pharaohs” [both by S. M.]; “Pictures from Bible Lands” (edited by S. G. Green. The illustrations by E. Whymper, etc.)	MANNING, Samuel LL.D		London	002369128		1879	http://www.flickr.com/photos/britishlibrary/11273845866	1	000395	11273845866	http://farm4.staticflickr.com/3726/11273845866_50a106b514_m.jpg	108	240	http://farm4.staticflickr.com/3726/11273845866_50a106b514.jpg	226	500	http://farm4.staticflickr.com/3726/11273845866_50a106b514_b.jpg	462	1024	http://farm4.staticflickr.com/3726/11273845866_775c9ef8ff_o.jpg	691	1532
02	D. Appleton & Co.	[Appleton's European Guide Book illustrated. Including England, Scotland, and Ireland, France, Belgium, Holland, Northern and Southern Germany, Switzerland, Italy, Spain and Portugal, Russia, Denmark, Norway, and Sweden. Containing ... maps, etc.]	APPLETON, Daniel AND CO	lsidyv3cbe7355	New York; Longmans & Co	000100280	ark:/81055/vdc_00000005D9DE	1879	http://www.flickr.com/photos/britishlibrary/11273914153	1	000610	11273914153	http://farm4.staticflickr.com/3788/11273914153_81932b4854_m.jpg	186	240	http://farm4.staticflickr.com/3788/11273914153_81932b4854.jpg	388	500	http://farm4.staticflickr.com/3788/11273914153_81932b4854_b.jpg	794	1024	http://farm4.staticflickr.com/3788/11273914153_a077f34907_o.jpg	996	1284
01	American News Company	Round the world with General Grant. A narrative of the visit of General U. S. Grant ... to various countries ... in 1877, 1878, 1879. To which are added certain conversations with General Grant on questions connected with American politics and history ... With ... illustrations	YOUNG, John Russell.		New York	004002305		1879	http://www.flickr.com/photos/britishlibrary/11273913603	1	000513	11273913603	http://farm8.staticflickr.com/7451/11273913603_66106b0a9b_m.jpg	180	240	http://farm8.staticflickr.com/7451/11273913603_66106b0a9b.jpg	376	500	http://farm8.staticflickr.com/7451/11273913603_66106b0a9b_b.jpg	770	1024	http://farm8.staticflickr.com/7451/11273913603_7e7f754540_o.jpg	1112	1478
0		A History of the Town of Franklin, Mass.; from its settlement to the completion of its first century, 2d March, 1878; with genealogical notices of its earliest families, sketches of its professional men, and a report of the centennial celebration. By Mortimer Blake	BLAKE, Mortimer.		Franklin	001311432		1879	http://www.flickr.com/photos/britishlibrary/11273866874	1	000107	11273866874	http://farm3.staticflickr.com/2872/11273866874_985573e425_m.jpg	240	121	http://farm3.staticflickr.com/2872/11273866874_985573e425.jpg	500	251	http://farm3.staticflickr.com/2872/11273866874_985573e425_b.jpg	1024	515	http://farm3.staticflickr.com/2872/11273866874_10aa76f47b_o.jpg	1823	917
05		Old and New London, etc	Thornbury, Walter	lsidyv3c47ab1a	London	003628788	ark:/81055/vdc_000000059328	1879	http://www.flickr.com/photos/britishlibrary/11273912843	1	000477	11273912843	http://farm3.staticflickr.com/2812/11273912843_978b04d01f_m.jpg	240	226	http://farm3.staticflickr.com/2812/11273912843_978b04d01f.jpg	500	471	http://farm3.staticflickr.com/2812/11273912843_978b04d01f_b.jpg	1024	965	http://farm3.staticflickr.com/2812/11273912843_a3c8939e43_o.jpg	1356	1278
0	Murray Williamson & Phelps	The History of Adams County, Illinois ... Illustrated			Chicago	000014468		1879	http://www.flickr.com/photos/britishlibrary/11273911703	1	000209	11273911703	http://farm8.staticflickr.com/7298/11273911703_6bcf176d66_m.jpg	131	240	http://farm8.staticflickr.com/7298/11273911703_6bcf176d66.jpg	274	500	http://farm8.staticflickr.com/7298/11273911703_6bcf176d66_b.jpg	561	1024	http://farm8.staticflickr.com/7298/11273911703_2b1998c460_o.jpg	761	1388
02		A magyar nemzet története. I. kötet írta Bodon J. és Dr. Szalay J. (II.-IV.) kötet, írta Dr. Szalay J.) [With portraits.]	BODON, József and SZALAY (József)		Budapest	000389221		1879	http://www.flickr.com/photos/britishlibrary/11273843126	1	000195	11273843126	http://farm4.staticflickr.com/3821/11273843126_714400a192_m.jpg	240	184	http://farm4.staticflickr.com/3821/11273843126_714400a192.jpg	500	382	http://farm4.staticflickr.com/3821/11273843126_714400a192_b.jpg	1024	783	http://farm4.staticflickr.com/3821/11273843126_e3f24fbd82_o.jpg	1638	1253
0	Everts & Ensign	History of Toga, Chemung, Tompkins, and Schuyler Counties, New York. With illustrations and biographical sketches of some of its prominent men and pioneers	PEIRCE, Henry B. and HURD (Duane Hamilton)		Philadelphia	002810116		1879	http://www.flickr.com/photos/britishlibrary/11273800565	2	000180	11273800565	http://farm3.staticflickr.com/2859/11273800565_6084b9d30e_m.jpg	240	193	http://farm3.staticflickr.com/2859/11273800565_6084b9d30e.jpg	500	402	http://farm3.staticflickr.com/2859/11273800565_6084b9d30e_b.jpg	1024	824	http://farm3.staticflickr.com/2859/11273800565_977fabd4f6_o.jpg	1252	1008
01		The Borders of the Tamar and the Tavy; their natural history, etc. A new edition	STOTHARD, afterwards BRAY, Anna Eliza.	lsidyv3c4640f3	London	003517963	ark:/81055/vdc_0000000591E4	1879	http://www.flickr.com/photos/britishlibrary/11273841376	1	000411	11273841376	http://farm4.staticflickr.com/3798/11273841376_29abe65665_m.jpg	168	240	http://farm4.staticflickr.com/3798/11273841376_29abe65665.jpg	349	500	http://farm4.staticflickr.com/3798/11273841376_29abe65665_b.jpg	715	1024	http://farm4.staticflickr.com/3798/11273841376_f79efb7ca4_o.jpg	865	1238
0	Religious Tract Society	The Lands of Scripture: comprising “Those Holy Fields”; “The Land of the Pharaohs” [both by S. M.]; “Pictures from Bible Lands” (edited by S. G. Green. The illustrations by E. Whymper, etc.)	MANNING, Samuel LL.D		London	002369128		1879	http://www.flickr.com/photos/britishlibrary/11273910113	1	000254	11273910113	http://farm6.staticflickr.com/5542/11273910113_405758f49e_m.jpg	240	152	http://farm6.staticflickr.com/5542/11273910113_405758f49e.jpg	500	316	http://farm6.staticflickr.com/5542/11273910113_405758f49e_b.jpg	1024	648	http://farm6.staticflickr.com/5542/11273910113_033a973941_o.jpg	1385	877
01		A magyar nemzet története. I. kötet írta Bodon J. és Dr. Szalay J. (II.-IV.) kötet, írta Dr. Szalay J.) [With portraits.]	BODON, József and SZALAY (József)		Budapest	000389221		1879	http://www.flickr.com/photos/britishlibrary/11273798895	1	000092	11273798895	http://farm4.staticflickr.com/3834/11273798895_bf07b67bc0_m.jpg	240	212	http://farm4.staticflickr.com/3834/11273798895_bf07b67bc0.jpg	500	441	http://farm4.staticflickr.com/3834/11273798895_bf07b67bc0_b.jpg	1024	904	http://farm4.staticflickr.com/3834/11273798895_339885d549_o.jpg	1331	1175
0	Western Historical Company	The History of Jackson County, Iowa ... Illustrated			Chicago	001833692		1879	http://www.flickr.com/photos/britishlibrary/11273908793	1	000765	11273908793	http://farm4.staticflickr.com/3771/11273908793_0c54f8298a_m.jpg	240	207	http://farm4.staticflickr.com/3771/11273908793_0c54f8298a.jpg	500	432	http://farm4.staticflickr.com/3771/11273908793_0c54f8298a_b.jpg	1024	884	http://farm4.staticflickr.com/3771/11273908793_ecf6f229a0_o.jpg	1462	1262
02	L. H. Everts	History of the Connecticut Valley in Massachusetts (by N. B. Sylvester), with illustrations and biographical sketches of some of its prominent men and pioneers [by other authors]	SYLVESTER, Nathaniel Bartlett.		Philadelphia	003562080		1879	http://www.flickr.com/photos/britishlibrary/11273797895	1	000210	11273797895	http://farm3.staticflickr.com/2806/11273797895_46bc60be1b_m.jpg	240	164	http://farm3.staticflickr.com/2806/11273797895_46bc60be1b.jpg	500	341	http://farm3.staticflickr.com/2806/11273797895_46bc60be1b_b.jpg	1024	699	http://farm3.staticflickr.com/2806/11273797895_e881065877_o.jpg	1725	1177
0	Religious Tract Society	English Pictures drawn with pen and pencil	MANNING, Samuel LL.D. and GREEN (Samuel Gosnell)	lsidyv3c492c1d	London	002369135	ark:/81055/vdc_000000059460	1879	http://www.flickr.com/photos/britishlibrary/11273797625	1	000173	11273797625	http://farm4.staticflickr.com/3783/11273797625_1060f67e11_m.jpg	128	240	http://farm4.staticflickr.com/3783/11273797625_1060f67e11.jpg	267	500	http://farm4.staticflickr.com/3783/11273797625_1060f67e11_b.jpg	547	1024	http://farm4.staticflickr.com/3783/11273797625_392dc5a73c_o.jpg	1010	1892
0	Everts & Ensign	History of Toga, Chemung, Tompkins, and Schuyler Counties, New York. With illustrations and biographical sketches of some of its prominent men and pioneers	PEIRCE, Henry B. and HURD (Duane Hamilton)		Philadelphia	002810116		1879	http://www.flickr.com/photos/britishlibrary/11273861274	2	000468	11273861274	http://farm8.staticflickr.com/7390/11273861274_6715cfc703_m.jpg	240	150	http://farm8.staticflickr.com/7390/11273861274_6715cfc703.jpg	500	313	http://farm8.staticflickr.com/7390/11273861274_6715cfc703_b.jpg	1024	641	http://farm8.staticflickr.com/7390/11273861274_862435a5e4_o.jpg	1400	876
0		The Great Eastern Railway Company's Tourist-Guide to the Continent. ... With illustrations ... and a map	LINDLEY, Percy.	lsidyv3cad916f	London	002174468	ark:/81055/vdc_00000005CE44	1879	http://www.flickr.com/photos/britishlibrary/11273837606	1	000192	11273837606	http://farm8.staticflickr.com/7300/11273837606_a78ac6d415_m.jpg	240	81	http://farm8.staticflickr.com/7300/11273837606_a78ac6d415.jpg	500	169	http://farm8.staticflickr.com/7300/11273837606_a78ac6d415_b.jpg	1024	347	http://farm8.staticflickr.com/7300/11273837606_1968e5755f_o.jpg	2101	711
0	Waterlow & Sons	Up the River from Westminster to Windsor and Oxford; a descriptive panorama of Thames Scenery			London	003606029		1879	http://www.flickr.com/photos/britishlibrary/11273860424	1	000130	11273860424	http://farm8.staticflickr.com/7355/11273860424_9d3d20f8ea_m.jpg	164	240	http://farm8.staticflickr.com/7355/11273860424_9d3d20f8ea.jpg	342	500	http://farm8.staticflickr.com/7355/11273860424_9d3d20f8ea_b.jpg	700	1024	http://farm8.staticflickr.com/7355/11273860424_4acd84aed9_o.jpg	873	1277
0	Harper & Bros.	From Egypt to Palestine through Sinai, the Wilderness and the South Country. Observations of a journey made with special reference to the history of the Israelites ... With maps and illustrations	BARTLETT, Samuel Colcord.	lsidyv3c53baba	New York	000216339	ark:/81055/vdc_000000059CA0	1879	http://www.flickr.com/photos/britishlibrary/11273859974	1	000162	11273859974	http://farm8.staticflickr.com/7459/11273859974_0b2a966667_m.jpg	201	240	http://farm8.staticflickr.com/7459/11273859974_0b2a966667.jpg	419	500	http://farm8.staticflickr.com/7459/11273859974_0b2a966667_b.jpg	858	1024	http://farm8.staticflickr.com/7459/11273859974_e99be1568f_o.jpg	1137	1357
0	Cassell, Petter, Galpin & Co.	Morocco: its people and places ... Translated by C. Rollin-Tilton. With ... illustrations	AMICIS, Edmondo de.	lsidyv3c6b00d2	London	000070870	ark:/81055/vdc_00000005AC0C	1879	http://www.flickr.com/photos/britishlibrary/11273858924	1	000164	11273858924	http://farm6.staticflickr.com/5495/11273858924_60610e800b_m.jpg	135	240	http://farm6.staticflickr.com/5495/11273858924_60610e800b.jpg	282	500	http://farm6.staticflickr.com/5495/11273858924_60610e800b_b.jpg	577	1024	http://farm6.staticflickr.com/5495/11273858924_df98b42ff9_o.jpg	988	1753
01	Longmans, Green & Co.	Literary Studies ... With a prefatory memoir. Edited by Richard Holt Hutton. [With a portrait.]	BAGEHOT, Walter.		London	000168603		1879	http://www.flickr.com/photos/britishlibrary/11273835676	1	000012	11273835676	http://farm4.staticflickr.com/3807/11273835676_acb53983c1_m.jpg	240	162	http://farm4.staticflickr.com/3807/11273835676_acb53983c1.jpg	500	338	http://farm4.staticflickr.com/3807/11273835676_acb53983c1_b.jpg	1024	693	http://farm4.staticflickr.com/3807/11273835676_5a8a952976_o.jpg	1746	1182
01		Storia di Savigliano, corredata di documenti	TURLETTI, Casimiro.		Savigliano	003691691		1879	http://www.flickr.com/photos/britishlibrary/11273794425	1	000076	11273794425	http://farm8.staticflickr.com/7393/11273794425_55bea4c2de_m.jpg	240	118	http://farm8.staticflickr.com/7393/11273794425_55bea4c2de.jpg	500	246	http://farm8.staticflickr.com/7393/11273794425_55bea4c2de_b.jpg	1024	503	http://farm8.staticflickr.com/7393/11273794425_5e61739689_o.jpg	2036	1000
0		Imperial India. An Artist's journals. Illustrated, etc	Prinsep, Val C. (Val Cameron)	lsidyv3c8b5c91	London	002992309	ark:/81055/vdc_00000005B95C	1879	http://www.flickr.com/photos/britishlibrary/11273834376	1	000103	11273834376	http://farm8.staticflickr.com/7295/11273834376_6209e591c7_m.jpg	240	183	http://farm8.staticflickr.com/7295/11273834376_6209e591c7.jpg	500	381	http://farm8.staticflickr.com/7295/11273834376_6209e591c7_b.jpg	1024	781	http://farm8.staticflickr.com/7295/11273834376_65d8a2ff74_o.jpg	1556	1187
0	J. A. & R. A. Reid	The Past and the Present. Narragansett sea and shore. An illustrated guide to Providence, Newport, Narragansett Pier, Block Island, Watch Hill, Rocky Point, Silver Spring, and all the famous sea-side resorts of Rhode Island, with a map of Narragansett Bay	DENISON, Frederic.		Providence	000908069		1879	http://www.flickr.com/photos/britishlibrary/11273792915	1	000098	11273792915	http://farm4.staticflickr.com/3710/11273792915_7abb5df397_m.jpg	118	240	http://farm4.staticflickr.com/3710/11273792915_7abb5df397.jpg	247	500	http://farm4.staticflickr.com/3710/11273792915_7abb5df397_b.jpg	505	1024	http://farm4.staticflickr.com/3710/11273792915_b0c3319cd0_o.jpg	743	1506
01		Knaresborough Castle Yard. (The Microcosm: and, Malcolm, a holiday-walk. A few occasional pieces.) [In verse.]			London, Bristol [printed]	001987484		1879	http://www.flickr.com/photos/britishlibrary/11273902083	1	000105	11273902083	http://farm8.staticflickr.com/7321/11273902083_655f354743_m.jpg	222	240	http://farm8.staticflickr.com/7321/11273902083_655f354743.jpg	463	500	http://farm8.staticflickr.com/7321/11273902083_655f354743_b.jpg	948	1024	http://farm8.staticflickr.com/7321/11273902083_5e5c3898c4_o.jpg	1118	1208
0	W. Mullan & Son	Winifred Martin. A story of English family life ... With illustrations, etc	BROOK, afterwards ROSS, Ellen.		London & Belfast	000486054		1879	http://www.flickr.com/photos/britishlibrary/11273854644	1	000503	11273854644	http://farm6.staticflickr.com/5515/11273854644_5fd054e2d6_m.jpg	163	240	http://farm6.staticflickr.com/5515/11273854644_5fd054e2d6.jpg	340	500	http://farm6.staticflickr.com/5515/11273854644_5fd054e2d6_b.jpg	697	1024	http://farm6.staticflickr.com/5515/11273854644_78f2abde56_o.jpg	830	1219
01	American News Company	Round the world with General Grant. A narrative of the visit of General U. S. Grant ... to various countries ... in 1877, 1878, 1879. To which are added certain conversations with General Grant on questions connected with American politics and history ... With ... illustrations	YOUNG, John Russell.		New York	004002305		1879	http://www.flickr.com/photos/britishlibrary/11273854354	1	000288	11273854354	http://farm4.staticflickr.com/3740/11273854354_1e72cbd39c_m.jpg	240	170	http://farm4.staticflickr.com/3740/11273854354_1e72cbd39c.jpg	500	355	http://farm4.staticflickr.com/3740/11273854354_1e72cbd39c_b.jpg	1024	727	http://farm4.staticflickr.com/3740/11273854354_593fc80120_o.jpg	1333	947
0		Up the Amazon and Madeira Rivers, through Bolivia and Peru	MATHEWS, Edward Davis.		London	002421157		1879	http://www.flickr.com/photos/britishlibrary/11273900573	1	000150	11273900573	http://farm8.staticflickr.com/7296/11273900573_bcc0341d96_m.jpg	240	185	http://farm8.staticflickr.com/7296/11273900573_bcc0341d96.jpg	500	385	http://farm8.staticflickr.com/7296/11273900573_bcc0341d96_b.jpg	1024	788	http://farm8.staticflickr.com/7296/11273900573_27c2d33baa_o.jpg	1268	976
0	D. W. Ensign & Co.	History of Columbiana County, Ohio, with illustrations and biographical sketches of its prominent men and pioneers	MACK, Horace.		Philadelphia	002319445		1879	http://www.flickr.com/photos/britishlibrary/11273830266	1	000205	11273830266	http://farm8.staticflickr.com/7438/11273830266_8e3531db6d_m.jpg	240	194	http://farm8.staticflickr.com/7438/11273830266_8e3531db6d.jpg	500	403	http://farm8.staticflickr.com/7438/11273830266_8e3531db6d_b.jpg	1024	826	http://farm8.staticflickr.com/7438/11273830266_001ddfeebc_o.jpg	1273	1027
0		The Black Forest, its people and legends. [With maps and illustrations.]	SÉGUIN, afterwards STRAHAN, Lisbeth Gooch.	lsidyv3bbdd558	London, Edinburgh	003328570	ark:/81055/vdc_000000053B26	1879	http://www.flickr.com/photos/britishlibrary/11273789225	1	000283	11273789225	http://farm4.staticflickr.com/3692/11273789225_9bea4a61fb_m.jpg	240	173	http://farm4.staticflickr.com/3692/11273789225_9bea4a61fb.jpg	500	360	http://farm4.staticflickr.com/3692/11273789225_9bea4a61fb_b.jpg	1024	738	http://farm4.staticflickr.com/3692/11273789225_c94d11c129_o.jpg	1266	913
0		The Black Forest, its people and legends. [With maps and illustrations.]	SÉGUIN, afterwards STRAHAN, Lisbeth Gooch.	lsidyv3bbdd558	London, Edinburgh	003328570	ark:/81055/vdc_000000053B26	1879	http://www.flickr.com/photos/britishlibrary/11273852864	1	000330	11273852864	http://farm4.staticflickr.com/3679/11273852864_895d9ed0c2_m.jpg	240	173	http://farm4.staticflickr.com/3679/11273852864_895d9ed0c2.jpg	500	361	http://farm4.staticflickr.com/3679/11273852864_895d9ed0c2_b.jpg	1024	739	http://farm4.staticflickr.com/3679/11273852864_a1c9b154c4_o.jpg	1478	1067
01	Tinsley Brothers	Berlin under the New Empire, its institutions, inhabitants, industry ... With ... engravings, etc	VIZETELLY, Henry.		London	003807524		1879	http://www.flickr.com/photos/britishlibrary/11273851384	1	000246	11273851384	http://farm8.staticflickr.com/7398/11273851384_198a8c8b27_m.jpg	224	240	http://farm8.staticflickr.com/7398/11273851384_198a8c8b27.jpg	466	500	http://farm8.staticflickr.com/7398/11273851384_198a8c8b27_b.jpg	955	1024	http://farm8.staticflickr.com/7398/11273851384_0f14e63153_o.jpg	1242	1332
0	Macmillan and Co.	The Arctic Voyages of A. E. Nordenskiöld. 1858-1879. With illustrations and maps	LESLIE, Alexander of Aberdeen		London	002142895		1879	http://www.flickr.com/photos/britishlibrary/11273897173	1	000246	11273897173	http://farm8.staticflickr.com/7296/11273897173_9565be27be_m.jpg	180	240	http://farm8.staticflickr.com/7296/11273897173_9565be27be.jpg	376	500	http://farm8.staticflickr.com/7296/11273897173_9565be27be_b.jpg	770	1024	http://farm8.staticflickr.com/7296/11273897173_c322be7059_o.jpg	1141	1517
02	American News Company	Round the world with General Grant. A narrative of the visit of General U. S. Grant ... to various countries ... in 1877, 1878, 1879. To which are added certain conversations with General Grant on questions connected with American politics and history ... With ... illustrations	YOUNG, John Russell.		New York	004002305		1879	http://www.flickr.com/photos/britishlibrary/11273850074	1	000476	11273850074	http://farm8.staticflickr.com/7289/11273850074_87133756f7_m.jpg	240	184	http://farm8.staticflickr.com/7289/11273850074_87133756f7.jpg	500	384	http://farm8.staticflickr.com/7289/11273850074_87133756f7_b.jpg	1024	786	http://farm8.staticflickr.com/7289/11273850074_0169bda09c_o.jpg	1456	1118
02	American News Company	Round the world with General Grant. A narrative of the visit of General U. S. Grant ... to various countries ... in 1877, 1878, 1879. To which are added certain conversations with General Grant on questions connected with American politics and history ... With ... illustrations	YOUNG, John Russell.		New York	004002305		1879	http://www.flickr.com/photos/britishlibrary/11273850104	1	000595	11273850104	http://farm6.staticflickr.com/5506/11273850104_33d867db4f_m.jpg	174	240	http://farm6.staticflickr.com/5506/11273850104_33d867db4f.jpg	362	500	http://farm6.staticflickr.com/5506/11273850104_33d867db4f_b.jpg	742	1024	http://farm6.staticflickr.com/5506/11273850104_2178734616_o.jpg	1207	1666
02	John Wiley & Sons	The Middle Kingdom; a survey of the geography, government, education, social life, arts, religion, &c. of the Chinese Empire and its inhabitants. With a new map of the Empire	WILLIAMS, Samuel Wells.		New York	003936389		1879	http://www.flickr.com/photos/britishlibrary/11273895353	1	000192	11273895353	http://farm4.staticflickr.com/3824/11273895353_6123da0c59_m.jpg	208	240	http://farm4.staticflickr.com/3824/11273895353_6123da0c59.jpg	433	500	http://farm4.staticflickr.com/3824/11273895353_6123da0c59_b.jpg	886	1024	http://farm4.staticflickr.com/3824/11273895353_679fc22a7e_o.jpg	1018	1177
0		Die amerikanische Nordpol-Expedition ... Mit zahlreichen Illustrationen in Holzschnitt, etc	BESSELS, Emil.		Leipzig	000303634		1879	http://www.flickr.com/photos/britishlibrary/11273826686	1	000434	11273826686	http://farm4.staticflickr.com/3690/11273826686_cbb201f051_m.jpg	128	240	http://farm4.staticflickr.com/3690/11273826686_cbb201f051.jpg	267	500	http://farm4.staticflickr.com/3690/11273826686_cbb201f051_b.jpg	547	1024	http://farm4.staticflickr.com/3690/11273826686_62247ec30e_o.jpg	846	1584
0	Marcus Ward & Co.	Our Native Land, its scenery and associations. A series of 36 water-colour sketches after Rowbotham, Read, Needham, and other eminent artists. With descriptive notes. [The author of the text identified on the wrapper of pt. 1 as “the author of By Loch and by Land”, i.e. Jean L. Watson.]	WATSON, Jean L.		London	001140593		1879	http://www.flickr.com/photos/britishlibrary/11273783775	1	000263	11273783775	http://farm6.staticflickr.com/5507/11273783775_25baf515d1_m.jpg	158	240	http://farm6.staticflickr.com/5507/11273783775_25baf515d1.jpg	328	500	http://farm6.staticflickr.com/5507/11273783775_25baf515d1_b.jpg	672	1024	http://farm6.staticflickr.com/5507/11273783775_67d796e610_o.jpg	1038	1582
02		A magyar nemzet története. I. kötet írta Bodon J. és Dr. Szalay J. (II.-IV.) kötet, írta Dr. Szalay J.) [With portraits.]	BODON, József and SZALAY (József)		Budapest	000389221		1879	http://www.flickr.com/photos/britishlibrary/11273783155	2	000045	11273783155	http://farm4.staticflickr.com/3674/11273783155_8469163fa3_m.jpg	168	240	http://farm4.staticflickr.com/3674/11273783155_8469163fa3.jpg	350	500	http://farm4.staticflickr.com/3674/11273783155_8469163fa3_b.jpg	716	1024	http://farm4.staticflickr.com/3674/11273783155_9dc0cfc186_o.jpg	1217	1741
02	L. H. Everts	History of the Connecticut Valley in Massachusetts (by N. B. Sylvester), with illustrations and biographical sketches of some of its prominent men and pioneers [by other authors]	SYLVESTER, Nathaniel Bartlett.		Philadelphia	003562080		1879	http://www.flickr.com/photos/britishlibrary/11273846754	1	000262	11273846754	http://farm6.staticflickr.com/5507/11273846754_ae309d818f_m.jpg	240	180	http://farm6.staticflickr.com/5507/11273846754_ae309d818f.jpg	500	374	http://farm6.staticflickr.com/5507/11273846754_ae309d818f_b.jpg	1024	766	http://farm6.staticflickr.com/5507/11273846754_1f9fddf3c6_o.jpg	1687	1262
0	C. R. Barns	Switzler's Illustrated History of Missouri, from 1541 to 1877, etc. [Edited by C. R. Barns. From the larger work edited by him, entitled: “The Commonwealth of Missouri.”]	BARNS, Chancy R.		Saint Louis	000206134		1879	http://www.flickr.com/photos/britishlibrary/11273824086	1	000156	11273824086	http://farm8.staticflickr.com/7340/11273824086_4b052e625c_m.jpg	142	240	http://farm8.staticflickr.com/7340/11273824086_4b052e625c.jpg	296	500	http://farm8.staticflickr.com/7340/11273824086_4b052e625c_b.jpg	606	1024	http://farm8.staticflickr.com/7340/11273824086_713cf7e602_o.jpg	866	1463
0		Очерки Русской Исторіи въ памятникахъ быта. pt. 1, 2	POLEVOI, Petr Nikolaevich.		С.-Петербургъ	002948284		1879	http://www.flickr.com/photos/britishlibrary/11273891823	1	000351	11273891823	http://farm8.staticflickr.com/7445/11273891823_e0925c7326_m.jpg	85	240	http://farm8.staticflickr.com/7445/11273891823_e0925c7326.jpg	177	500	http://farm8.staticflickr.com/7445/11273891823_e0925c7326_b.jpg	363	1024	http://farm8.staticflickr.com/7445/11273891823_b2d943666c_o.jpg	633	1787
0	Everts & Abbott	History of Hillsdale County, Michigan, with illustrations and biographical sketches of some of its prominent men, etc	Johnson, Crisfield.		Philadelphia	001884500		1879	http://www.flickr.com/photos/britishlibrary/11273845214	1	000213	11273845214	http://farm4.staticflickr.com/3678/11273845214_ea525a9d15_m.jpg	240	189	http://farm4.staticflickr.com/3678/11273845214_ea525a9d15.jpg	500	395	http://farm4.staticflickr.com/3678/11273845214_ea525a9d15_b.jpg	1024	808	http://farm4.staticflickr.com/3678/11273845214_6c033ef4b1_o.jpg	1220	963
0	Everts & Ensign	History of Toga, Chemung, Tompkins, and Schuyler Counties, New York. With illustrations and biographical sketches of some of its prominent men and pioneers	PEIRCE, Henry B. and HURD (Duane Hamilton)		Philadelphia	002810116		1879	http://www.flickr.com/photos/britishlibrary/11273822196	1	000152	11273822196	http://farm6.staticflickr.com/5536/11273822196_39d213d83e_m.jpg	240	220	http://farm6.staticflickr.com/5536/11273822196_39d213d83e.jpg	500	458	http://farm6.staticflickr.com/5536/11273822196_39d213d83e_b.jpg	1024	938	http://farm6.staticflickr.com/5536/11273822196_e9b4982473_o.jpg	1412	1293
0	W. Mullan & Son	Winifred Martin. A story of English family life ... With illustrations, etc	BROOK, afterwards ROSS, Ellen.		London & Belfast	000486054		1879	http://www.flickr.com/photos/britishlibrary/11273779995	1	000380	11273779995	http://farm4.staticflickr.com/3669/11273779995_0a5b109b95_m.jpg	240	190	http://farm4.staticflickr.com/3669/11273779995_0a5b109b95.jpg	500	396	http://farm4.staticflickr.com/3669/11273779995_0a5b109b95_b.jpg	1024	812	http://farm4.staticflickr.com/3669/11273779995_af70c44c66_o.jpg	1413	1121
0	Western Historical Co.	The History of Clinton County, Iowa ... Illustrated			Chicago	000726414		1879	http://www.flickr.com/photos/britishlibrary/11273780065	1	000058	11273780065	http://farm6.staticflickr.com/5515/11273780065_14cbf995a5_m.jpg	180	240	http://farm6.staticflickr.com/5515/11273780065_14cbf995a5.jpg	375	500	http://farm6.staticflickr.com/5515/11273780065_14cbf995a5_b.jpg	769	1024	http://farm6.staticflickr.com/5515/11273780065_1fc3cf58d9_o.jpg	1160	1544
0		Saint-Pierre de Rome. Ouvrage illustré, etc	LORBAC, Charles de.		Rome	002259706		1879	http://www.flickr.com/photos/britishlibrary/11273888713	1	000120	11273888713	http://farm3.staticflickr.com/2813/11273888713_4b3f846c6c_m.jpg	160	240	http://farm3.staticflickr.com/2813/11273888713_4b3f846c6c.jpg	333	500	http://farm3.staticflickr.com/2813/11273888713_4b3f846c6c_b.jpg	683	1024	http://farm3.staticflickr.com/2813/11273888713_6ed43bc070_o.jpg	932	1398
0	Macmillan and Co.	The Arctic Voyages of A. E. Nordenskiöld. 1858-1879. With illustrations and maps	LESLIE, Alexander of Aberdeen		London	002142895		1879	http://www.flickr.com/photos/britishlibrary/11273842484	1	000167	11273842484	http://farm6.staticflickr.com/5484/11273842484_270b291510_m.jpg	177	240	http://farm6.staticflickr.com/5484/11273842484_270b291510.jpg	370	500	http://farm6.staticflickr.com/5484/11273842484_270b291510_b.jpg	757	1024	http://farm6.staticflickr.com/5484/11273842484_575e615dd7_o.jpg	1081	1462
02	American News Company	Round the world with General Grant. A narrative of the visit of General U. S. Grant ... to various countries ... in 1877, 1878, 1879. To which are added certain conversations with General Grant on questions connected with American politics and history ... With ... illustrations	YOUNG, John Russell.		New York	004002305		1879	http://www.flickr.com/photos/britishlibrary/11273820556	1	000170	11273820556	http://farm6.staticflickr.com/5502/11273820556_de22e0130b_m.jpg	177	240	http://farm6.staticflickr.com/5502/11273820556_de22e0130b.jpg	369	500	http://farm6.staticflickr.com/5502/11273820556_de22e0130b_b.jpg	755	1024	http://farm6.staticflickr.com/5502/11273820556_c656e99527_o.jpg	885	1200
02	Tinsley Brothers	Berlin under the New Empire, its institutions, inhabitants, industry ... With ... engravings, etc	VIZETELLY, Henry.		London	003807524		1879	http://www.flickr.com/photos/britishlibrary/11273841194	1	000109	11273841194	http://farm4.staticflickr.com/3717/11273841194_b67dba2f05_m.jpg	171	240	http://farm4.staticflickr.com/3717/11273841194_b67dba2f05.jpg	357	500	http://farm4.staticflickr.com/3717/11273841194_b67dba2f05_b.jpg	731	1024	http://farm4.staticflickr.com/3717/11273841194_dd90a6bcaf_o.jpg	1037	1452
01		A magyar nemzet története. I. kötet írta Bodon J. és Dr. Szalay J. (II.-IV.) kötet, írta Dr. Szalay J.) [With portraits.]	BODON, József and SZALAY (József)		Budapest	000389221		1879	http://www.flickr.com/photos/britishlibrary/11273840474	1	000055	11273840474	http://farm8.staticflickr.com/7339/11273840474_ce8d353bbd_m.jpg	240	204	http://farm8.staticflickr.com/7339/11273840474_ce8d353bbd.jpg	500	426	http://farm8.staticflickr.com/7339/11273840474_ce8d353bbd_b.jpg	1024	872	http://farm8.staticflickr.com/7339/11273840474_4c53a13dd1_o.jpg	1342	1143
0		Monuments religieux, civils et militaires du Gatinais, ... depuis le XIe jusqu'au XVIIe siècle. ... Ouvrage accompagné de planches, etc	MICHEL, Edmond.		Lyon	002482448		1879	http://www.flickr.com/photos/britishlibrary/11273819136	1	000551	11273819136	http://farm4.staticflickr.com/3697/11273819136_643530c61e_m.jpg	240	154	http://farm4.staticflickr.com/3697/11273819136_643530c61e.jpg	500	321	http://farm4.staticflickr.com/3697/11273819136_643530c61e_b.jpg	1024	658	http://farm4.staticflickr.com/3697/11273819136_40fae4332a_o.jpg	1412	908
0	Macmillan and Co.	The Arctic Voyages of A. E. Nordenskiöld. 1858-1879. With illustrations and maps	LESLIE, Alexander of Aberdeen		London	002142895		1879	http://www.flickr.com/photos/britishlibrary/11273839684	1	000153	11273839684	http://farm8.staticflickr.com/7352/11273839684_8cb8785ec8_m.jpg	167	240	http://farm8.staticflickr.com/7352/11273839684_8cb8785ec8.jpg	348	500	http://farm8.staticflickr.com/7352/11273839684_8cb8785ec8_b.jpg	713	1024	http://farm8.staticflickr.com/7352/11273839684_0b258e0697_o.jpg	907	1303
0	Griffith & Farran	revised	BOWDICH, afterwards LEE, Sarah.		London; E. P. Dutton & Co	000438289		1879	http://www.flickr.com/photos/britishlibrary/11273885223	1	000008	11273885223	http://farm6.staticflickr.com/5491/11273885223_91ee20ec75_m.jpg	240	168	http://farm6.staticflickr.com/5491/11273885223_91ee20ec75.jpg	500	351	http://farm6.staticflickr.com/5491/11273885223_91ee20ec75_b.jpg	1024	718	http://farm6.staticflickr.com/5491/11273885223_253605ebbd_o.jpg	1583	1110
01	John Murray	Bedouin Tribes of the Euphrates ... Edited, with a preface and some account of the Arabs and their horses, by W. S. B. [i.e. W. S. Blunt] ... With map and sketches by the author	BLUNT, Anne Isabella Noel Baroness Wentworth	lsidyv3c8f4fb9	London	000382895	ark:/81055/vdc_00000005BBF6	1879	http://www.flickr.com/photos/britishlibrary/11273774905	1	000010	11273774905	http://farm8.staticflickr.com/7430/11273774905_3434b7f0b8_m.jpg	240	139	http://farm8.staticflickr.com/7430/11273774905_3434b7f0b8.jpg	500	291	http://farm8.staticflickr.com/7430/11273774905_3434b7f0b8_b.jpg	1024	595	http://farm8.staticflickr.com/7430/11273774905_91ee20ec75_o.jpg	1751	1017
0		Mœurs et caractères des peuples, Asie-Amérique-Océanie. Morceaux extraits de divers auteurs. [With illustrations.]	CORTAMBERT, Richard.		Paris	000791358		1879	http://www.flickr.com/photos/britishlibrary/11273817106	1	000116	11273817106	http://farm4.staticflickr.com/3705/11273817106_8d46534585_m.jpg	131	240	http://farm4.staticflickr.com/3705/11273817106_8d46534585.jpg	274	500	http://farm4.staticflickr.com/3705/11273817106_8d46534585_b.jpg	561	1024	http://farm4.staticflickr.com/3705/11273817106_c5c42ba9e7_o.jpg	787	1437
0	Marcus Ward & Co.	Our Native Land, its scenery and associations. A series of 36 water-colour sketches after Rowbotham, Read, Needham, and other eminent artists. With descriptive notes. [The author of the text identified on the wrapper of pt. 1 as “the author of By Loch and by Land”, i.e. Jean L. Watson.]	WATSON, Jean L.		London	001140593		1879	http://www.flickr.com/photos/britishlibrary/11273836904	1	000281	11273836904	http://farm6.staticflickr.com/5479/11273836904_6021aaf18a_m.jpg	109	240	http://farm6.staticflickr.com/5479/11273836904_6021aaf18a.jpg	227	500	http://farm6.staticflickr.com/5479/11273836904_6021aaf18a_b.jpg	465	1024	http://farm6.staticflickr.com/5479/11273836904_70223a1416_o.jpg	932	2054
02	D. Appleton & Co.	[Appleton's European Guide Book illustrated. Including England, Scotland, and Ireland, France, Belgium, Holland, Northern and Southern Germany, Switzerland, Italy, Spain and Portugal, Russia, Denmark, Norway, and Sweden. Containing ... maps, etc.]	APPLETON, Daniel AND CO	lsidyv3cbe7355	New York; Longmans & Co	000100280	ark:/81055/vdc_00000005D9DE	1879	http://www.flickr.com/photos/britishlibrary/11273836884	1	000441	11273836884	http://farm4.staticflickr.com/3769/11273836884_d99f85c7f5_m.jpg	161	240	http://farm4.staticflickr.com/3769/11273836884_d99f85c7f5.jpg	336	500	http://farm4.staticflickr.com/3769/11273836884_d99f85c7f5_b.jpg	688	1024	http://farm4.staticflickr.com/3769/11273836884_90711c8326_o.jpg	863	1284
0	Harper & Bros.	What Mr. Darwin saw in his Voyage round The World in the Ship “Beagle.” [Compiled and adapted from “Journal of Researches into the Geology and Natural History of the Various Countries visited by H.M.S. Beagle, etc.”]	Darwin, Charles	lsidyv3c8ea4b0	New York	000868098	ark:/81055/vdc_00000005BB84	1879	http://www.flickr.com/photos/britishlibrary/11273883223	1	000094	11273883223	http://farm6.staticflickr.com/5526/11273883223_2e083d8cea_m.jpg	240	160	http://farm6.staticflickr.com/5526/11273883223_2e083d8cea.jpg	500	333	http://farm6.staticflickr.com/5526/11273883223_2e083d8cea_b.jpg	1024	683	http://farm6.staticflickr.com/5526/11273883223_02da912726_o.jpg	1527	1018
0	Everts & Abbott	History of Hillsdale County, Michigan, with illustrations and biographical sketches of some of its prominent men, etc	Johnson, Crisfield.		Philadelphia	001884500		1879	http://www.flickr.com/photos/britishlibrary/11273813806	1	000250	11273813806	http://farm4.staticflickr.com/3776/11273813806_0fb2f6752c_m.jpg	240	184	http://farm4.staticflickr.com/3776/11273813806_0fb2f6752c.jpg	500	383	http://farm4.staticflickr.com/3776/11273813806_0fb2f6752c_b.jpg	1024	785	http://farm4.staticflickr.com/3776/11273813806_11f8f9034a_o.jpg	1236	948
02	J. B. Lippincott & Co.	History of Princeton and its institutions. ... Illustrated with ... engravings Second edition	HAGEMAN, John Frelinghuysen.		Philadelphia	001560548		1879	http://www.flickr.com/photos/britishlibrary/11273770685	1	000224	11273770685	http://farm4.staticflickr.com/3678/11273770685_3f89a84eb8_m.jpg	240	127	http://farm4.staticflickr.com/3678/11273770685_3f89a84eb8.jpg	500	265	http://farm4.staticflickr.com/3678/11273770685_3f89a84eb8_b.jpg	1024	542	http://farm4.staticflickr.com/3678/11273770685_dfe93dfd10_o.jpg	1420	751
0	Harper & Bros.	What Mr. Darwin saw in his Voyage round The World in the Ship “Beagle.” [Compiled and adapted from “Journal of Researches into the Geology and Natural History of the Various Countries visited by H.M.S. Beagle, etc.”]	Darwin, Charles	lsidyv3c8ea4b0	New York	000868098	ark:/81055/vdc_00000005BB84	1879	http://www.flickr.com/photos/britishlibrary/11273813836	1	000045	11273813836	http://farm4.staticflickr.com/3831/11273813836_58d702bef9_m.jpg	131	240	http://farm4.staticflickr.com/3831/11273813836_58d702bef9.jpg	274	500	http://farm4.staticflickr.com/3831/11273813836_58d702bef9_b.jpg	561	1024	http://farm4.staticflickr.com/3831/11273813836_af914a62d0_o.jpg	767	1401
0	Cassell, Petter, Galpin & Co.	Morocco: its people and places ... Translated by C. Rollin-Tilton. With ... illustrations	AMICIS, Edmondo de.	lsidyv3c6b00d2	London	000070870	ark:/81055/vdc_00000005AC0C	1879	http://www.flickr.com/photos/britishlibrary/11273833004	1	000040	11273833004	http://farm4.staticflickr.com/3668/11273833004_f94938f0b1_m.jpg	240	160	http://farm4.staticflickr.com/3668/11273833004_f94938f0b1.jpg	500	334	http://farm4.staticflickr.com/3668/11273833004_f94938f0b1_b.jpg	1024	684	http://farm4.staticflickr.com/3668/11273833004_23dd3892e5_o.jpg	1335	892
0		[Brazil and the Brazilians ... in historical and descriptive sketches ... Engravings.]	KIDDER, Daniel Parish and FLETCHER (James C.)		London	001961854		1879	http://www.flickr.com/photos/britishlibrary/11273812536	1	000549	11273812536	http://farm6.staticflickr.com/5517/11273812536_230446004d_m.jpg	143	240	http://farm6.staticflickr.com/5517/11273812536_230446004d.jpg	297	500	http://farm6.staticflickr.com/5517/11273812536_230446004d_b.jpg	608	1024	http://farm6.staticflickr.com/5517/11273812536_b183c23674_o.jpg	846	1425
01		The Australian abroad. Branches from the Main Routes round the World. [Reprinted from the Melbourne “Argus.” With illustrations.] 2 series	HINGSTON, James.	lsidyv3cbf9abe	London	001689101	ark:/81055/vdc_00000005DA7A	1879	http://www.flickr.com/photos/britishlibrary/11273879423	1	000334	11273879423	http://farm6.staticflickr.com/5487/11273879423_a6ec9a59d7_m.jpg	240	215	http://farm6.staticflickr.com/5487/11273879423_a6ec9a59d7.jpg	500	447	http://farm6.staticflickr.com/5487/11273879423_a6ec9a59d7_b.jpg	1024	916	http://farm6.staticflickr.com/5487/11273879423_39950338e8_o.jpg	1125	1006
0	Western Historical Co.	The History of Clinton County, Iowa ... Illustrated			Chicago	000726414		1879	http://www.flickr.com/photos/britishlibrary/11273810746	1	000403	11273810746	http://farm6.staticflickr.com/5485/11273810746_d4fd441c1b_m.jpg	240	161	http://farm6.staticflickr.com/5485/11273810746_d4fd441c1b.jpg	500	335	http://farm6.staticflickr.com/5485/11273810746_d4fd441c1b_b.jpg	1024	686	http://farm6.staticflickr.com/5485/11273810746_f14ae7af31_o.jpg	1748	1171
0		The Wild Man at Home: or, pictures of life in savage lands ... With woodcuts ... and coloured illustrations	GREENWOOD, James Novelist	lsidyv2af6fa2f	London, Edinburgh	001503444	ark:/81055/vdc_0000000519A2	1879	http://www.flickr.com/photos/britishlibrary/11273831184	1	000417	11273831184	http://farm8.staticflickr.com/7349/11273831184_63336177b6_m.jpg	178	240	http://farm8.staticflickr.com/7349/11273831184_63336177b6.jpg	371	500	http://farm8.staticflickr.com/7349/11273831184_63336177b6_b.jpg	760	1024	http://farm8.staticflickr.com/7349/11273831184_7559434dd0_o.jpg	1026	1383
0	John Murray	[The Student's Manual of Modern Geography. Mathematical, physical, and descriptive.]	BEVAN, William Latham.	lsidyv3ca2f2a9	London	000307737	ark:/81055/vdc_00000005C7F6	1879	http://www.flickr.com/photos/britishlibrary/11273877093	1	000006	11273877093	http://farm6.staticflickr.com/5475/11273877093_b3fb34003e_m.jpg	240	166	http://farm6.staticflickr.com/5475/11273877093_b3fb34003e.jpg	500	346	http://farm6.staticflickr.com/5475/11273877093_b3fb34003e_b.jpg	1024	709	http://farm6.staticflickr.com/5475/11273877093_dd6f8841e0_o.jpg	1666	1153
0	Religious Tract Society	The Lands of Scripture: comprising “Those Holy Fields”; “The Land of the Pharaohs” [both by S. M.]; “Pictures from Bible Lands” (edited by S. G. Green. The illustrations by E. Whymper, etc.)	MANNING, Samuel LL.D		London	002369128		1879	http://www.flickr.com/photos/britishlibrary/11273876483	1	000156	11273876483	http://farm8.staticflickr.com/7427/11273876483_c68db6fdc0_m.jpg	173	240	http://farm8.staticflickr.com/7427/11273876483_c68db6fdc0.jpg	361	500	http://farm8.staticflickr.com/7427/11273876483_c68db6fdc0_b.jpg	740	1024	http://farm8.staticflickr.com/7427/11273876483_8fa0f68259_o.jpg	1102	1525
0	Cassell, Petter, Galpin & Co.	Morocco: its people and places ... Translated by C. Rollin-Tilton. With ... illustrations	AMICIS, Edmondo de.	lsidyv3c6b00d2	London	000070870	ark:/81055/vdc_00000005AC0C	1879	http://www.flickr.com/photos/britishlibrary/11273808336	1	000014	11273808336	http://farm3.staticflickr.com/2834/11273808336_6eae27a5c4_m.jpg	240	233	http://farm3.staticflickr.com/2834/11273808336_6eae27a5c4.jpg	500	485	http://farm3.staticflickr.com/2834/11273808336_6eae27a5c4_b.jpg	1024	993	http://farm3.staticflickr.com/2834/11273808336_765d1432a7_o.jpg	1296	1257
0		Les Rues du vieux Paris. Galerie populaire et pittoresque ... Ouvrage illustré de 165 gravures sur bois	FOURNEL, Victor.		Paris	001279089		1879	http://www.flickr.com/photos/britishlibrary/11273807716	1	000421	11273807716	http://farm3.staticflickr.com/2876/11273807716_3c55d25bb0_m.jpg	240	239	http://farm3.staticflickr.com/2876/11273807716_3c55d25bb0.jpg	500	497	http://farm3.staticflickr.com/2876/11273807716_3c55d25bb0_b.jpg	1024	1018	http://farm3.staticflickr.com/2876/11273807716_325dfc8de7_o.jpg	1442	1433
0	T. Lewis	Waltham, past and present, and its industries. With ... photographic illustrations	NELSON, Charles Alexander.		Cambridge [Mass.]	002618620		1879	http://www.flickr.com/photos/britishlibrary/11273763955	1	000059	11273763955	http://farm4.staticflickr.com/3799/11273763955_ea3ab65c4b_m.jpg	180	240	http://farm4.staticflickr.com/3799/11273763955_ea3ab65c4b.jpg	375	500	http://farm4.staticflickr.com/3799/11273763955_ea3ab65c4b_b.jpg	767	1024	http://farm4.staticflickr.com/3799/11273763955_51370ffe1f_o.jpg	990	1321
0		Les Vieilles Villes de Suisse. Notes et souvenirs. Ouvrage illustré de 105 dessins à la plume par A. Robida reproduits en fac-simile	ROBIDA, Albert.		Paris	003121715		1879	http://www.flickr.com/photos/britishlibrary/11273827154	1	000305	11273827154	http://farm6.staticflickr.com/5488/11273827154_b6b720333e_m.jpg	186	240	http://farm6.staticflickr.com/5488/11273827154_b6b720333e.jpg	388	500	http://farm6.staticflickr.com/5488/11273827154_b6b720333e_b.jpg	795	1024	http://farm6.staticflickr.com/5488/11273827154_607c031fbd_o.jpg	1278	1647
0	W. D. Ensign & Co.	History of Cuyahoga County, Ohio ... With portraits and biographical sketches of its prominent men and pioneers	JOHNSON, Crisfield.		Philadelphia]	001884499		1879	http://www.flickr.com/photos/britishlibrary/11273763495	1	000685	11273763495	http://farm6.staticflickr.com/5543/11273763495_ac227b4a79_m.jpg	240	185	http://farm6.staticflickr.com/5543/11273763495_ac227b4a79.jpg	500	386	http://farm6.staticflickr.com/5543/11273763495_ac227b4a79_b.jpg	1024	791	http://farm6.staticflickr.com/5543/11273763495_2b5cf73681_o.jpg	1545	1193
0	E. Marlborough & Co.	Popular Guide up the Thames, to Kew, Richmond, Twickenham and Hampton Court			London	003605985		1879	http://www.flickr.com/photos/britishlibrary/11273872433	1	000006	11273872433	http://farm4.staticflickr.com/3829/11273872433_19b559bba8_m.jpg	240	150	http://farm4.staticflickr.com/3829/11273872433_19b559bba8.jpg	500	312	http://farm4.staticflickr.com/3829/11273872433_19b559bba8_b.jpg	1024	639	http://farm4.staticflickr.com/3829/11273872433_f104bea1c4_o.jpg	1797	1122
0	Lewis, Peck & Co.	History of Steuben County, New York, with illustrations and biographical sketches of some of its prominent men and pioneers	CLAYTON, W. Woodford.		Philadelphia	000719876		1879	http://www.flickr.com/photos/britishlibrary/11273804736	1	000663	11273804736	http://farm8.staticflickr.com/7413/11273804736_a3f30ff27f_m.jpg	240	188	http://farm8.staticflickr.com/7413/11273804736_a3f30ff27f.jpg	500	391	http://farm8.staticflickr.com/7413/11273804736_a3f30ff27f_b.jpg	1024	801	http://farm8.staticflickr.com/7413/11273804736_62bb4f6b37_o.jpg	1628	1273
0	Moses King	King's Handbook of Boston. Profusely illustrated. [With a map.]	KING, Moses.		Cambridge, Mass	001968594		1879	http://www.flickr.com/photos/britishlibrary/11273825274	1	000297	11273825274	http://farm3.staticflickr.com/2867/11273825274_6495a951d9_m.jpg	240	131	http://farm3.staticflickr.com/2867/11273825274_6495a951d9.jpg	500	272	http://farm3.staticflickr.com/2867/11273825274_6495a951d9_b.jpg	1024	557	http://farm3.staticflickr.com/2867/11273825274_2782244517_o.jpg	1573	856
02	L. H. Everts	History of the Connecticut Valley in Massachusetts (by N. B. Sylvester), with illustrations and biographical sketches of some of its prominent men and pioneers [by other authors]	SYLVESTER, Nathaniel Bartlett.		Philadelphia	003562080		1879	http://www.flickr.com/photos/britishlibrary/11273870613	1	000141	11273870613	http://farm8.staticflickr.com/7325/11273870613_b0c515c256_m.jpg	240	185	http://farm8.staticflickr.com/7325/11273870613_b0c515c256.jpg	500	385	http://farm8.staticflickr.com/7325/11273870613_b0c515c256_b.jpg	1024	788	http://farm8.staticflickr.com/7325/11273870613_5abc30b219_o.jpg	1651	1271
0	Cassell, Petter, Galpin & Co.	Morocco: its people and places ... Translated by C. Rollin-Tilton. With ... illustrations	AMICIS, Edmondo de.	lsidyv3c6b00d2	London	000070870	ark:/81055/vdc_00000005AC0C	1879	http://www.flickr.com/photos/britishlibrary/11273871023	1	000269	11273871023	http://farm3.staticflickr.com/2810/11273871023_b0c9aa0f89_m.jpg	240	113	http://farm3.staticflickr.com/2810/11273871023_b0c9aa0f89.jpg	500	235	http://farm3.staticflickr.com/2810/11273871023_b0c9aa0f89_b.jpg	1024	482	http://farm3.staticflickr.com/2810/11273871023_6ac73f43e8_o.jpg	1971	927
0	Waterlow & Sons	Up the River from Westminster to Windsor and Oxford; a descriptive panorama of Thames Scenery			London	003606029		1879	http://www.flickr.com/photos/britishlibrary/11273759865	1	000109	11273759865	http://farm6.staticflickr.com/5550/11273759865_d086aa0a97_m.jpg	173	240	http://farm6.staticflickr.com/5550/11273759865_d086aa0a97.jpg	361	500	http://farm6.staticflickr.com/5550/11273759865_d086aa0a97_b.jpg	740	1024	http://farm6.staticflickr.com/5550/11273759865_308bcba591_o.jpg	948	1311
0		Viaje al pais de los Tehuelches, pt. I. Exploraciones en la Patagonia austral. [With map.]	LISTA, Ramon.		Buenos Aires	002182842		1879	http://www.flickr.com/photos/britishlibrary/11273869613	1	000075	11273869613	http://farm8.staticflickr.com/7377/11273869613_a0095a2d8b_m.jpg	147	240	http://farm8.staticflickr.com/7377/11273869613_a0095a2d8b.jpg	307	500	http://farm8.staticflickr.com/7377/11273869613_a0095a2d8b_b.jpg	629	1024	http://farm8.staticflickr.com/7377/11273869613_dfbc2e140a_o.jpg	925	1507
0	Pickering & Co.	The History of the County of Monaghan	SHIRLEY, Evelyn Philip.		London	003370961		1879	http://www.flickr.com/photos/britishlibrary/11273801466	1	000171	11273801466	http://farm8.staticflickr.com/7372/11273801466_ed4d2fc0d1_m.jpg	240	147	http://farm8.staticflickr.com/7372/11273801466_ed4d2fc0d1.jpg	500	306	http://farm8.staticflickr.com/7372/11273801466_ed4d2fc0d1_b.jpg	1024	626	http://farm8.staticflickr.com/7372/11273801466_523a2fec07_o.jpg	1762	1077
0		Les États-Unis d'Amérique. Impressions de Voyage, abrégées [from “White Conquest”] par H. Vattemare. [With illustrations.]	DIXON, William Hepworth F.S.A		Paris	000953753		1879	http://www.flickr.com/photos/britishlibrary/11273821774	1	000200	11273821774	http://farm8.staticflickr.com/7395/11273821774_cd7b3062bd_m.jpg	240	172	http://farm8.staticflickr.com/7395/11273821774_cd7b3062bd.jpg	500	358	http://farm8.staticflickr.com/7395/11273821774_cd7b3062bd_b.jpg	1024	733	http://farm8.staticflickr.com/7395/11273821774_8e32c1aac8_o.jpg	1433	1026
0	Pickering & Co.	The History of the County of Monaghan	SHIRLEY, Evelyn Philip.		London	003370961		1879	http://www.flickr.com/photos/britishlibrary/11273821104	1	000254	11273821104	http://farm6.staticflickr.com/5527/11273821104_264aa7a2e8_m.jpg	152	240	http://farm6.staticflickr.com/5527/11273821104_264aa7a2e8.jpg	316	500	http://farm6.staticflickr.com/5527/11273821104_264aa7a2e8_b.jpg	647	1024	http://farm6.staticflickr.com/5527/11273821104_ae1373cba0_o.jpg	987	1563
0	T. Lewis	Waltham, past and present, and its industries. With ... photographic illustrations	NELSON, Charles Alexander.		Cambridge [Mass.]	002618620		1879	http://www.flickr.com/photos/britishlibrary/11273798826	2	000183	11273798826	http://farm3.staticflickr.com/2862/11273798826_5700b39dc4_m.jpg	181	240	http://farm3.staticflickr.com/2862/11273798826_5700b39dc4.jpg	376	500	http://farm3.staticflickr.com/2862/11273798826_5700b39dc4_b.jpg	771	1024	http://farm3.staticflickr.com/2862/11273798826_f239dbcde8_o.jpg	1060	1407
0	A. Williams & Co.	History of the town of Hollis, New Hampshire, from its first settlement to ... 1879. ... Illustrated, etc	WORCESTER, Samuel T.		Boston [Mass.]	003975907		1879	http://www.flickr.com/photos/britishlibrary/11273866523	1	000260	11273866523	http://farm6.staticflickr.com/5471/11273866523_d548223640_m.jpg	240	211	http://farm6.staticflickr.com/5471/11273866523_d548223640.jpg	500	439	http://farm6.staticflickr.com/5471/11273866523_d548223640_b.jpg	1024	899	http://farm6.staticflickr.com/5471/11273866523_170a030259_o.jpg	1407	1235
0		[Brazil and the Brazilians ... in historical and descriptive sketches ... Engravings.]	KIDDER, Daniel Parish and FLETCHER (James C.)		London	001961854		1879	http://www.flickr.com/photos/britishlibrary/11273818764	1	000082	11273818764	http://farm8.staticflickr.com/7414/11273818764_0b764cbc69_m.jpg	162	240	http://farm8.staticflickr.com/7414/11273818764_0b764cbc69.jpg	338	500	http://farm8.staticflickr.com/7414/11273818764_0b764cbc69_b.jpg	693	1024	http://farm8.staticflickr.com/7414/11273818764_21c310c108_o.jpg	918	1356
0		Viaje á la Patagonia austral emprendido bajo los auspicios del Gobierno Nacional 1876-1877. tom. 1	MORENO, Francisco Josué Pascasio.		Buenos Aires	002546654		1879	http://www.flickr.com/photos/britishlibrary/11273754875	1	000237	11273754875	http://farm6.staticflickr.com/5517/11273754875_9452c624ef_m.jpg	159	240	http://farm6.staticflickr.com/5517/11273754875_9452c624ef.jpg	332	500	http://farm6.staticflickr.com/5517/11273754875_9452c624ef_b.jpg	680	1024	http://farm6.staticflickr.com/5517/11273754875_aed4ff411c_o.jpg	1023	1540
0	Harper & Bros.	From Egypt to Palestine through Sinai, the Wilderness and the South Country. Observations of a journey made with special reference to the history of the Israelites ... With maps and illustrations	BARTLETT, Samuel Colcord.	lsidyv3c53baba	New York	000216339	ark:/81055/vdc_000000059CA0	1879	http://www.flickr.com/photos/britishlibrary/11273753365	1	000493	11273753365	http://farm6.staticflickr.com/5540/11273753365_a53656c0ed_m.jpg	240	197	http://farm6.staticflickr.com/5540/11273753365_a53656c0ed.jpg	500	410	http://farm6.staticflickr.com/5540/11273753365_a53656c0ed_b.jpg	1024	840	http://farm6.staticflickr.com/5540/11273753365_258a714aa9_o.jpg	1528	1253
0	[Ward, Lock & Co.	[Charles O'Malley, the Irish Dragoon. Edited by Harry Lorrequer. [By C. J. L.]]	LEVER, Charles James.		London,] Perth [printed	002150760		1879	http://www.flickr.com/photos/britishlibrary/11273817594	1	000345	11273817594	http://farm8.staticflickr.com/7367/11273817594_238735f5d9_m.jpg	232	240	http://farm8.staticflickr.com/7367/11273817594_238735f5d9.jpg	484	500	http://farm8.staticflickr.com/7367/11273817594_238735f5d9_b.jpg	991	1024	http://farm8.staticflickr.com/7367/11273817594_b0df0ff7f4_o.jpg	1042	1077
02	American News Company	Round the world with General Grant. A narrative of the visit of General U. S. Grant ... to various countries ... in 1877, 1878, 1879. To which are added certain conversations with General Grant on questions connected with American politics and history ... With ... illustrations	YOUNG, John Russell.		New York	004002305		1879	http://www.flickr.com/photos/britishlibrary/11273752545	1	000529	11273752545	http://farm4.staticflickr.com/3714/11273752545_2a12cf155d_m.jpg	163	240	http://farm4.staticflickr.com/3714/11273752545_2a12cf155d.jpg	340	500	http://farm4.staticflickr.com/3714/11273752545_2a12cf155d_b.jpg	696	1024	http://farm4.staticflickr.com/3714/11273752545_dcd1f92bd4_o.jpg	1110	1633
02		Memorials of the Civil War between King Charles I. and the Parliament of England as it affected Herefordshire and the adjacent counties ... Edited and completed by ... T. W. Webb ... with an appendix of documents. [With illustrations.]	WEBB, John Rector of Tretyre, Herefordshire		London	003870802		1879	http://www.flickr.com/photos/britishlibrary/11273751765	1	000392	11273751765	http://farm4.staticflickr.com/3701/11273751765_6149dc1294_m.jpg	240	199	http://farm4.staticflickr.com/3701/11273751765_6149dc1294.jpg	500	415	http://farm4.staticflickr.com/3701/11273751765_6149dc1294_b.jpg	1024	849	http://farm4.staticflickr.com/3701/11273751765_7e7ae19db3_o.jpg	1551	1286
0	W. & R. Chambers	Story of St. Giles' Cathedral Church, Edinburgh. [With a plan.]	Chambers, William		Edinburgh	000655296		1879	http://www.flickr.com/photos/britishlibrary/11273861693	1	000031	11273861693	http://farm3.staticflickr.com/2815/11273861693_3f0b63f3cb_m.jpg	164	240	http://farm3.staticflickr.com/2815/11273861693_3f0b63f3cb.jpg	341	500	http://farm3.staticflickr.com/2815/11273861693_3f0b63f3cb_b.jpg	698	1024	http://farm3.staticflickr.com/2815/11273861693_c16fd2b7fd_o.jpg	881	1293
0	Everts & Ensign	History of Toga, Chemung, Tompkins, and Schuyler Counties, New York. With illustrations and biographical sketches of some of its prominent men and pioneers	PEIRCE, Henry B. and HURD (Duane Hamilton)		Philadelphia	002810116		1879	http://www.flickr.com/photos/britishlibrary/11273792976	1	001086	11273792976	http://farm6.staticflickr.com/5486/11273792976_07a276ae29_m.jpg	240	192	http://farm6.staticflickr.com/5486/11273792976_07a276ae29.jpg	500	400	http://farm6.staticflickr.com/5486/11273792976_07a276ae29_b.jpg	1024	819	http://farm6.staticflickr.com/5486/11273792976_33bb04f5ca_o.jpg	1257	1005
02	Tinsley Brothers	Berlin under the New Empire, its institutions, inhabitants, industry ... With ... engravings, etc	VIZETELLY, Henry.		London	003807524		1879	http://www.flickr.com/photos/britishlibrary/11273749955	1	000378	11273749955	http://farm6.staticflickr.com/5478/11273749955_953d59347b_m.jpg	240	191	http://farm6.staticflickr.com/5478/11273749955_953d59347b.jpg	500	398	http://farm6.staticflickr.com/5478/11273749955_953d59347b_b.jpg	1024	816	http://farm6.staticflickr.com/5478/11273749955_a472b4df3e_o.jpg	1470	1172
01	Tinsley Brothers	Berlin under the New Empire, its institutions, inhabitants, industry ... With ... engravings, etc	VIZETELLY, Henry.		London	003807524		1879	http://www.flickr.com/photos/britishlibrary/11273813804	1	000026	11273813804	http://farm6.staticflickr.com/5507/11273813804_2ba1c81591_m.jpg	133	240	http://farm6.staticflickr.com/5507/11273813804_2ba1c81591.jpg	277	500	http://farm6.staticflickr.com/5507/11273813804_2ba1c81591_b.jpg	567	1024	http://farm6.staticflickr.com/5507/11273813804_2ed3a5a288_o.jpg	787	1421
0	Waterlow & Sons	Up the River from Westminster to Windsor and Oxford; a descriptive panorama of Thames Scenery			London	003606029		1879	http://www.flickr.com/photos/britishlibrary/11273791416	2	000071	11273791416	http://farm6.staticflickr.com/5493/11273791416_6cc663f0a2_m.jpg	173	240	http://farm6.staticflickr.com/5493/11273791416_6cc663f0a2.jpg	359	500	http://farm6.staticflickr.com/5493/11273791416_6cc663f0a2_b.jpg	736	1024	http://farm6.staticflickr.com/5493/11273791416_e61b69b979_o.jpg	940	1307
02	American News Company	Round the world with General Grant. A narrative of the visit of General U. S. Grant ... to various countries ... in 1877, 1878, 1879. To which are added certain conversations with General Grant on questions connected with American politics and history ... With ... illustrations	YOUNG, John Russell.		New York	004002305		1879	http://www.flickr.com/photos/britishlibrary/11273812694	1	000641	11273812694	http://farm8.staticflickr.com/7430/11273812694_f0deabcc6d_m.jpg	119	240	http://farm8.staticflickr.com/7430/11273812694_f0deabcc6d.jpg	248	500	http://farm8.staticflickr.com/7430/11273812694_f0deabcc6d_b.jpg	507	1024	http://farm8.staticflickr.com/7430/11273812694_269251a7db_o.jpg	846	1708
0		The Children's fairy geography, or a merry trip round Europe	WINSLOW, Forbes Edward.	lsidyv3c92d153	London	003952456	ark:/81055/vdc_00000005BE18	1879	http://www.flickr.com/photos/britishlibrary/11273790716	1	000117	11273790716	http://farm4.staticflickr.com/3684/11273790716_a95f92bcde_m.jpg	144	240	http://farm4.staticflickr.com/3684/11273790716_a95f92bcde.jpg	301	500	http://farm4.staticflickr.com/3684/11273790716_a95f92bcde_b.jpg	616	1024	http://farm4.staticflickr.com/3684/11273790716_4c90c74c65_o.jpg	843	1401
0	Lewis, Peck & Co.	History of Steuben County, New York, with illustrations and biographical sketches of some of its prominent men and pioneers	CLAYTON, W. Woodford.		Philadelphia	000719876		1879	http://www.flickr.com/photos/britishlibrary/11273789886	1	000428	11273789886	http://farm6.staticflickr.com/5519/11273789886_eb7163a04c_m.jpg	240	240	http://farm6.staticflickr.com/5519/11273789886_eb7163a04c.jpg	500	500	http://farm6.staticflickr.com/5519/11273789886_eb7163a04c_b.jpg	1023	1024	http://farm6.staticflickr.com/5519/11273789886_89aefd91c5_o.jpg	1420	1421
01		Paris à travers les siècles. Histoire nationale de Paris et des Parisiens depuis la fondation de Lutèce jusqu'à nos jours, etc	GOURDON DE GENOUILLAC, Nicolas Jules Henri.		Paris	001476975		1879	http://www.flickr.com/photos/britishlibrary/11273811074	1	000567	11273811074	http://farm3.staticflickr.com/2853/11273811074_c949bb8d24_m.jpg	162	240	http://farm3.staticflickr.com/2853/11273811074_c949bb8d24.jpg	338	500	http://farm3.staticflickr.com/2853/11273811074_c949bb8d24_b.jpg	692	1024	http://farm3.staticflickr.com/2853/11273811074_75f257dfe2_o.jpg	1198	1772
0	A. Williams & Co.	School-history of North Carolina, from 1584 to 1879	MOORE, John Wheeler.		Raleigh, N.C	002540019		1879	http://www.flickr.com/photos/britishlibrary/11273788926	1	000273	11273788926	http://farm4.staticflickr.com/3788/11273788926_c56d66a4e2_m.jpg	204	240	http://farm4.staticflickr.com/3788/11273788926_c56d66a4e2.jpg	425	500	http://farm4.staticflickr.com/3788/11273788926_c56d66a4e2_b.jpg	870	1024	http://farm4.staticflickr.com/3788/11273788926_8180ebf171_o.jpg	1075	1265
01	Tinsley Brothers	Berlin under the New Empire, its institutions, inhabitants, industry ... With ... engravings, etc	VIZETELLY, Henry.		London	003807524		1879	http://www.flickr.com/photos/britishlibrary/11273745775	1	000057	11273745775	http://farm4.staticflickr.com/3721/11273745775_a10763cfa5_m.jpg	240	165	http://farm4.staticflickr.com/3721/11273745775_a10763cfa5.jpg	500	344	http://farm4.staticflickr.com/3721/11273745775_a10763cfa5_b.jpg	1024	705	http://farm4.staticflickr.com/3721/11273745775_7fe32526a7_o.jpg	1628	1121
0	Waterlow & Sons	Up the River from Westminster to Windsor and Oxford; a descriptive panorama of Thames Scenery			London	003606029		1879	http://www.flickr.com/photos/britishlibrary/11273854983	1	000127	11273854983	http://farm6.staticflickr.com/5550/11273854983_a7f96f4a75_m.jpg	178	240	http://farm6.staticflickr.com/5550/11273854983_a7f96f4a75.jpg	371	500	http://farm6.staticflickr.com/5550/11273854983_a7f96f4a75_b.jpg	759	1024	http://farm6.staticflickr.com/5550/11273854983_a4f9c82e96_o.jpg	1012	1366
0		The Complete Guide to Clevedon and its vicinity ... with notes on the natural history of the neighbourhood. By R. S. S. Illustrated	S., R. S.		Clevedon	003213996		1879	http://www.flickr.com/photos/britishlibrary/11273854373	1	000114	11273854373	http://farm3.staticflickr.com/2871/11273854373_3d9a36cf73_m.jpg	240	187	http://farm3.staticflickr.com/2871/11273854373_3d9a36cf73.jpg	500	390	http://farm3.staticflickr.com/2871/11273854373_3d9a36cf73_b.jpg	1024	799	http://farm3.staticflickr.com/2871/11273854373_f87d0997d4_o.jpg	1546	1207
0		The Children's fairy geography, or a merry trip round Europe	WINSLOW, Forbes Edward.	lsidyv3c92d153	London	003952456	ark:/81055/vdc_00000005BE18	1879	http://www.flickr.com/photos/britishlibrary/11273785936	1	000283	11273785936	http://farm8.staticflickr.com/7442/11273785936_90a5a2225a_m.jpg	240	133	http://farm8.staticflickr.com/7442/11273785936_90a5a2225a.jpg	500	277	http://farm8.staticflickr.com/7442/11273785936_90a5a2225a_b.jpg	1024	568	http://farm8.staticflickr.com/7442/11273785936_9e2945fe45_o.jpg	1695	941
0	John Murray	[The Student's Manual of Modern Geography. Mathematical, physical, and descriptive.]	BEVAN, William Latham.	lsidyv3ca2f2a9	London	000307737	ark:/81055/vdc_00000005C7F6	1879	http://www.flickr.com/photos/britishlibrary/11273807274	1	000578	11273807274	http://farm4.staticflickr.com/3752/11273807274_8b7bf99a66_m.jpg	240	205	http://farm4.staticflickr.com/3752/11273807274_8b7bf99a66.jpg	500	427	http://farm4.staticflickr.com/3752/11273807274_8b7bf99a66_b.jpg	1024	874	http://farm4.staticflickr.com/3752/11273807274_2640019d7c_o.jpg	1333	1138
01	Tinsley Brothers	Berlin under the New Empire, its institutions, inhabitants, industry ... With ... engravings, etc	VIZETELLY, Henry.		London	003807524		1879	http://www.flickr.com/photos/britishlibrary/11273804934	2	000085	11273804934	http://farm3.staticflickr.com/2832/11273804934_cf0bd3e809_m.jpg	197	240	http://farm3.staticflickr.com/2832/11273804934_cf0bd3e809.jpg	410	500	http://farm3.staticflickr.com/2832/11273804934_cf0bd3e809_b.jpg	839	1024	http://farm3.staticflickr.com/2832/11273804934_a706e961bb_o.jpg	1025	1251
0	Union Historical Co.	The History of Warren County ... Illustrated			Des Moines	003854638		1879	http://www.flickr.com/photos/britishlibrary/11273740985	1	000431	11273740985	http://farm4.staticflickr.com/3708/11273740985_cb90255d5c_m.jpg	240	168	http://farm4.staticflickr.com/3708/11273740985_cb90255d5c.jpg	500	350	http://farm4.staticflickr.com/3708/11273740985_cb90255d5c_b.jpg	1024	716	http://farm4.staticflickr.com/3708/11273740985_1fc18e713b_o.jpg	1753	1226
01	Tinsley Brothers	Berlin under the New Empire, its institutions, inhabitants, industry ... With ... engravings, etc	VIZETELLY, Henry.		London	003807524		1879	http://www.flickr.com/photos/britishlibrary/11273783906	1	000397	11273783906	http://farm3.staticflickr.com/2831/11273783906_da9f636cde_m.jpg	210	240	http://farm3.staticflickr.com/2831/11273783906_da9f636cde.jpg	438	500	http://farm3.staticflickr.com/2831/11273783906_da9f636cde_b.jpg	898	1024	http://farm3.staticflickr.com/2831/11273783906_9affccf7ba_o.jpg	976	1113
0		Worsborough; its historical associations and rural attractions	WILKINSON, Joseph of Barnsley		London, Barnsley [printed	003927300		1879	http://www.flickr.com/photos/britishlibrary/11273850683	1	000153	11273850683	http://farm8.staticflickr.com/7359/11273850683_ca2426dbf0_m.jpg	240	195	http://farm8.staticflickr.com/7359/11273850683_ca2426dbf0.jpg	500	406	http://farm8.staticflickr.com/7359/11273850683_ca2426dbf0_b.jpg	1024	831	http://farm8.staticflickr.com/7359/11273850683_695c7fa9b0_o.jpg	1386	1125
0	J. A. & R. A. Reid	The Past and the Present. Narragansett sea and shore. An illustrated guide to Providence, Newport, Narragansett Pier, Block Island, Watch Hill, Rocky Point, Silver Spring, and all the famous sea-side resorts of Rhode Island, with a map of Narragansett Bay	DENISON, Frederic.		Providence	000908069		1879	http://www.flickr.com/photos/britishlibrary/11273781386	1	000040	11273781386	http://farm4.staticflickr.com/3734/11273781386_b03b89e6d6_m.jpg	240	190	http://farm4.staticflickr.com/3734/11273781386_b03b89e6d6.jpg	500	396	http://farm4.staticflickr.com/3734/11273781386_b03b89e6d6_b.jpg	1024	812	http://farm4.staticflickr.com/3734/11273781386_14c48e825f_o.jpg	1281	1016
01	D. Appleton & Co.	[Appleton's European Guide Book illustrated. Including England, Scotland, and Ireland, France, Belgium, Holland, Northern and Southern Germany, Switzerland, Italy, Spain and Portugal, Russia, Denmark, Norway, and Sweden. Containing ... maps, etc.]	APPLETON, Daniel AND CO	lsidyv3cbe7355	New York; Longmans & Co	000100280	ark:/81055/vdc_00000005D9DE	1879	http://www.flickr.com/photos/britishlibrary/11273738715	1	000156	11273738715	http://farm8.staticflickr.com/7396/11273738715_8674188fbd_m.jpg	182	240	http://farm8.staticflickr.com/7396/11273738715_8674188fbd.jpg	380	500	http://farm8.staticflickr.com/7396/11273738715_8674188fbd_b.jpg	778	1024	http://farm8.staticflickr.com/7396/11273738715_a8c3951da5_o.jpg	937	1233
0	Religious Tract Society	The Lands of Scripture: comprising “Those Holy Fields”; “The Land of the Pharaohs” [both by S. M.]; “Pictures from Bible Lands” (edited by S. G. Green. The illustrations by E. Whymper, etc.)	MANNING, Samuel LL.D		London	002369128		1879	http://www.flickr.com/photos/britishlibrary/11273738405	2	000449	11273738405	http://farm6.staticflickr.com/5524/11273738405_feba41bd9b_m.jpg	240	196	http://farm6.staticflickr.com/5524/11273738405_feba41bd9b.jpg	500	408	http://farm6.staticflickr.com/5524/11273738405_feba41bd9b_b.jpg	1024	836	http://farm6.staticflickr.com/5524/11273738405_c88b45cb56_o.jpg	1338	1092
0	Moses King	King's Handbook of Boston. Profusely illustrated. [With a map.]	KING, Moses.		Cambridge, Mass	001968594		1879	http://www.flickr.com/photos/britishlibrary/11273736845	1	000252	11273736845	http://farm6.staticflickr.com/5534/11273736845_2c637be9d9_m.jpg	237	240	http://farm6.staticflickr.com/5534/11273736845_2c637be9d9.jpg	495	500	http://farm6.staticflickr.com/5534/11273736845_2c637be9d9_b.jpg	1013	1024	http://farm6.staticflickr.com/5534/11273736845_4bb7a20f79_o.jpg	1108	1120
01	Tinsley Brothers	Berlin under the New Empire, its institutions, inhabitants, industry ... With ... engravings, etc	VIZETELLY, Henry.		London	003807524		1879	http://www.flickr.com/photos/britishlibrary/11273779196	1	000145	11273779196	http://farm3.staticflickr.com/2817/11273779196_1f91508fd2_m.jpg	240	182	http://farm3.staticflickr.com/2817/11273779196_1f91508fd2.jpg	500	379	http://farm3.staticflickr.com/2817/11273779196_1f91508fd2_b.jpg	1024	776	http://farm3.staticflickr.com/2817/11273779196_665812c928_o.jpg	1588	1203
0	Lewis, Peck & Co.	History of Steuben County, New York, with illustrations and biographical sketches of some of its prominent men and pioneers	CLAYTON, W. Woodford.		Philadelphia	000719876		1879	http://www.flickr.com/photos/britishlibrary/11273801624	1	000287	11273801624	http://farm3.staticflickr.com/2830/11273801624_2b66fb2e96_m.jpg	240	194	http://farm3.staticflickr.com/2830/11273801624_2b66fb2e96.jpg	500	403	http://farm3.staticflickr.com/2830/11273801624_2b66fb2e96_b.jpg	1024	826	http://farm3.staticflickr.com/2830/11273801624_d049e1bf29_o.jpg	1265	1020
02		Paris à travers les siècles. Histoire nationale de Paris et des Parisiens depuis la fondation de Lutèce jusqu'à nos jours, etc	GOURDON DE GENOUILLAC, Nicolas Jules Henri.		Paris	001476975		1879	http://www.flickr.com/photos/britishlibrary/11273735645	1	000495	11273735645	http://farm4.staticflickr.com/3758/11273735645_a62a07e427_m.jpg	240	215	http://farm4.staticflickr.com/3758/11273735645_a62a07e427.jpg	500	448	http://farm4.staticflickr.com/3758/11273735645_a62a07e427_b.jpg	1024	918	http://farm4.staticflickr.com/3758/11273735645_8632dc6bd2_o.jpg	1216	1090
0	F. W. Bird	History of the Town of Douglas, Massachusetts, from the earliest period to the close of 1878	EMERSON, William Andrew.		Boston [Mass.]	001065911		1879	http://www.flickr.com/photos/britishlibrary/11273799714	1	000075	11273799714	http://farm4.staticflickr.com/3681/11273799714_d473f32bcb_m.jpg	240	137	http://farm4.staticflickr.com/3681/11273799714_d473f32bcb.jpg	500	285	http://farm4.staticflickr.com/3681/11273799714_d473f32bcb_b.jpg	1024	583	http://farm4.staticflickr.com/3681/11273799714_c4f4c6dc6d_o.jpg	1650	940
0	Religious Tract Society	English Pictures drawn with pen and pencil	MANNING, Samuel LL.D. and GREEN (Samuel Gosnell)	lsidyv3c492c1d	London	002369135	ark:/81055/vdc_000000059460	1879	http://www.flickr.com/photos/britishlibrary/11273799204	1	000019	11273799204	http://farm8.staticflickr.com/7332/11273799204_f792335aba_m.jpg	107	240	http://farm8.staticflickr.com/7332/11273799204_f792335aba.jpg	224	500	http://farm8.staticflickr.com/7332/11273799204_f792335aba_b.jpg	458	1024	http://farm8.staticflickr.com/7332/11273799204_f54bb8bf6f_o.jpg	906	2026
0	John Murray	A Lady's Life in the Rocky Mountains ... With illustrations	BIRD, afterwards BISHOP, Isabella Lucy.		London	000356186		1879	http://www.flickr.com/photos/britishlibrary/11273775476	1	000230	11273775476	http://farm4.staticflickr.com/3681/11273775476_f08a83ebe4_m.jpg	240	179	http://farm4.staticflickr.com/3681/11273775476_f08a83ebe4.jpg	500	374	http://farm4.staticflickr.com/3681/11273775476_f08a83ebe4_b.jpg	1024	765	http://farm4.staticflickr.com/3681/11273775476_ed6edb702d_o.jpg	1671	1248
0		Saint-Pierre de Rome. Ouvrage illustré, etc	LORBAC, Charles de.		Rome	002259706		1879	http://www.flickr.com/photos/britishlibrary/11273798094	1	000043	11273798094	http://farm6.staticflickr.com/5540/11273798094_0c2c4ea548_m.jpg	113	240	http://farm6.staticflickr.com/5540/11273798094_0c2c4ea548.jpg	234	500	http://farm6.staticflickr.com/5540/11273798094_0c2c4ea548_b.jpg	480	1024	http://farm6.staticflickr.com/5540/11273798094_f7ed19a20d_o.jpg	730	1556
0	F. W. Bird	History of the Town of Douglas, Massachusetts, from the earliest period to the close of 1878	EMERSON, William Andrew.		Boston [Mass.]	001065911		1879	http://www.flickr.com/photos/britishlibrary/11273843063	1	000236	11273843063	http://farm8.staticflickr.com/7328/11273843063_81bffa48bf_m.jpg	240	133	http://farm8.staticflickr.com/7328/11273843063_81bffa48bf.jpg	500	277	http://farm8.staticflickr.com/7328/11273843063_81bffa48bf_b.jpg	1024	568	http://farm8.staticflickr.com/7328/11273843063_ebbe2a9668_o.jpg	1820	1010
01		Paris à travers les siècles. Histoire nationale de Paris et des Parisiens depuis la fondation de Lutèce jusqu'à nos jours, etc	GOURDON DE GENOUILLAC, Nicolas Jules Henri.		Paris	001476975		1879	http://www.flickr.com/photos/britishlibrary/11273774586	1	001100	11273774586	http://farm8.staticflickr.com/7322/11273774586_8a611cf0aa_m.jpg	240	134	http://farm8.staticflickr.com/7322/11273774586_8a611cf0aa.jpg	500	279	http://farm8.staticflickr.com/7322/11273774586_8a611cf0aa_b.jpg	1024	572	http://farm8.staticflickr.com/7322/11273774586_38110392fc_o.jpg	1665	930
02	L. H. Everts	History of the Connecticut Valley in Massachusetts (by N. B. Sylvester), with illustrations and biographical sketches of some of its prominent men and pioneers [by other authors]	SYLVESTER, Nathaniel Bartlett.		Philadelphia	003562080		1879	http://www.flickr.com/photos/britishlibrary/11273795174	1	000080	11273795174	http://farm6.staticflickr.com/5472/11273795174_a715cba821_m.jpg	240	168	http://farm6.staticflickr.com/5472/11273795174_a715cba821.jpg	500	350	http://farm6.staticflickr.com/5472/11273795174_a715cba821_b.jpg	1024	717	http://farm6.staticflickr.com/5472/11273795174_e650ef7cb6_o.jpg	1696	1188
0	Union Historical Co.	The History of Warren County ... Illustrated			Des Moines	003854638		1879	http://www.flickr.com/photos/britishlibrary/11273730215	1	000074	11273730215	http://farm6.staticflickr.com/5514/11273730215_637c71cc0b_m.jpg	147	240	http://farm6.staticflickr.com/5514/11273730215_637c71cc0b.jpg	307	500	http://farm6.staticflickr.com/5514/11273730215_637c71cc0b_b.jpg	628	1024	http://farm6.staticflickr.com/5514/11273730215_cbecf059f7_o.jpg	975	1590
0	Lewis, Peck & Co.	History of Steuben County, New York, with illustrations and biographical sketches of some of its prominent men and pioneers	CLAYTON, W. Woodford.		Philadelphia	000719876		1879	http://www.flickr.com/photos/britishlibrary/11273841873	2	000310	11273841873	http://farm3.staticflickr.com/2839/11273841873_594b7946a9_m.jpg	240	232	http://farm3.staticflickr.com/2839/11273841873_594b7946a9.jpg	500	483	http://farm3.staticflickr.com/2839/11273841873_594b7946a9_b.jpg	1024	989	http://farm3.staticflickr.com/2839/11273841873_837035c490_o.jpg	1085	1048
0		The Illustrated Guide to Sheffield and the surrounding district, etc	TAYLOR, John of Sheffield		Sheffield	003589731		1879	http://www.flickr.com/photos/britishlibrary/11273840543	1	000506	11273840543	http://farm4.staticflickr.com/3802/11273840543_feee2aba35_m.jpg	187	240	http://farm4.staticflickr.com/3802/11273840543_feee2aba35.jpg	390	500	http://farm4.staticflickr.com/3802/11273840543_feee2aba35_b.jpg	798	1024	http://farm4.staticflickr.com/3802/11273840543_d737ec7d37_o.jpg	1103	1415
0	Waterlow & Sons	Up the River from Westminster to Windsor and Oxford; a descriptive panorama of Thames Scenery			London	003606029		1879	http://www.flickr.com/photos/britishlibrary/11273729235	1	000098	11273729235	http://farm8.staticflickr.com/7376/11273729235_fa7c4d1229_m.jpg	173	240	http://farm8.staticflickr.com/7376/11273729235_fa7c4d1229.jpg	361	500	http://farm8.staticflickr.com/7376/11273729235_fa7c4d1229_b.jpg	739	1024	http://farm8.staticflickr.com/7376/11273729235_23f049ac64_o.jpg	933	1293
0	N. D. Thompson & Co.	A Pictorial History of Texas, from the earliest visits of European adventurers to A.D. 1879 ... Third edition, ... revised	THRALL, Homer S.		St. Louis, Mo	003632148		1879	http://www.flickr.com/photos/britishlibrary/11273839883	1	000805	11273839883	http://farm6.staticflickr.com/5531/11273839883_cbcd530d88_m.jpg	226	240	http://farm6.staticflickr.com/5531/11273839883_cbcd530d88.jpg	471	500	http://farm6.staticflickr.com/5531/11273839883_cbcd530d88_b.jpg	965	1024	http://farm6.staticflickr.com/5531/11273839883_8bc40d98d0_o.jpg	1138	1207
02		Danmarks og Norges Historie i Slutningen af det 16de Aarhundrede	TROELS-LUND, Troels Frederik.		Kjøbenhavn	003677661		1879	http://www.flickr.com/photos/britishlibrary/11273770736	1	000437	11273770736	http://farm3.staticflickr.com/2812/11273770736_eb60f5301b_m.jpg	221	240	http://farm3.staticflickr.com/2812/11273770736_eb60f5301b.jpg	460	500	http://farm3.staticflickr.com/2812/11273770736_eb60f5301b_b.jpg	942	1024	http://farm3.staticflickr.com/2812/11273770736_358d2433b5_o.jpg	1240	1348
02	D. Appleton & Co.	[Appleton's European Guide Book illustrated. Including England, Scotland, and Ireland, France, Belgium, Holland, Northern and Southern Germany, Switzerland, Italy, Spain and Portugal, Russia, Denmark, Norway, and Sweden. Containing ... maps, etc.]	APPLETON, Daniel AND CO	lsidyv3cbe7355	New York; Longmans & Co	000100280	ark:/81055/vdc_00000005D9DE	1879	http://www.flickr.com/photos/britishlibrary/11273770236	1	000106	11273770236	http://farm6.staticflickr.com/5495/11273770236_58fe871c35_m.jpg	148	240	http://farm6.staticflickr.com/5495/11273770236_58fe871c35.jpg	309	500	http://farm6.staticflickr.com/5495/11273770236_58fe871c35_b.jpg	632	1024	http://farm6.staticflickr.com/5495/11273770236_247e0b9228_o.jpg	793	1284
0	Everts & Ensign	History of Toga, Chemung, Tompkins, and Schuyler Counties, New York. With illustrations and biographical sketches of some of its prominent men and pioneers	PEIRCE, Henry B. and HURD (Duane Hamilton)		Philadelphia	002810116		1879	http://www.flickr.com/photos/britishlibrary/11273726975	2	000467	11273726975	http://farm6.staticflickr.com/5541/11273726975_9f804750f8_m.jpg	240	158	http://farm6.staticflickr.com/5541/11273726975_9f804750f8.jpg	500	328	http://farm6.staticflickr.com/5541/11273726975_9f804750f8_b.jpg	1024	672	http://farm6.staticflickr.com/5541/11273726975_b76f4095b3_o.jpg	1541	1012
02		Histoire générale des peuples anciens et modernes	GIGAULT DE LA BÉDOLLIÈRE, Émile.		Paris	001419243		1879	http://www.flickr.com/photos/britishlibrary/11273769056	1	000257	11273769056	http://farm6.staticflickr.com/5548/11273769056_4559144b68_m.jpg	240	212	http://farm6.staticflickr.com/5548/11273769056_4559144b68.jpg	500	441	http://farm6.staticflickr.com/5548/11273769056_4559144b68_b.jpg	1024	904	http://farm6.staticflickr.com/5548/11273769056_0523df6047_o.jpg	1568	1385
0	W. H. Luke	Illustrated Handbook to Plymouth, Stonehouse & Devonport, with a new map ... New and enlarged edition	WRIGHT, William Henry Kearley.		Plymouth	003985100		1879	http://www.flickr.com/photos/britishlibrary/11273790614	1	000007	11273790614	http://farm8.staticflickr.com/7411/11273790614_9de4d95923_m.jpg	172	240	http://farm8.staticflickr.com/7411/11273790614_9de4d95923.jpg	358	500	http://farm8.staticflickr.com/7411/11273790614_9de4d95923_b.jpg	733	1024	http://farm8.staticflickr.com/7411/11273790614_f4f143e193_o.jpg	907	1267
0		Monuments religieux, civils et militaires du Gatinais, ... depuis le XIe jusqu'au XVIIe siècle. ... Ouvrage accompagné de planches, etc	MICHEL, Edmond.		Lyon	002482448		1879	http://www.flickr.com/photos/britishlibrary/11273725195	1	000543	11273725195	http://farm4.staticflickr.com/3786/11273725195_7f6230ba30_m.jpg	240	106	http://farm4.staticflickr.com/3786/11273725195_7f6230ba30.jpg	500	220	http://farm4.staticflickr.com/3786/11273725195_7f6230ba30_b.jpg	1024	451	http://farm4.staticflickr.com/3786/11273725195_7c9ce42816_o.jpg	1990	876
0	J. A. & R. A. Reid	The Past and the Present. Narragansett sea and shore. An illustrated guide to Providence, Newport, Narragansett Pier, Block Island, Watch Hill, Rocky Point, Silver Spring, and all the famous sea-side resorts of Rhode Island, with a map of Narragansett Bay	DENISON, Frederic.		Providence	000908069		1879	http://www.flickr.com/photos/britishlibrary/11273836183	1	000077	11273836183	http://farm8.staticflickr.com/7300/11273836183_b4eba47ec2_m.jpg	120	240	http://farm8.staticflickr.com/7300/11273836183_b4eba47ec2.jpg	251	500	http://farm8.staticflickr.com/7300/11273836183_b4eba47ec2_b.jpg	514	1024	http://farm8.staticflickr.com/7300/11273836183_273ef73977_o.jpg	745	1483
02		Danmarks og Norges Historie i Slutningen af det 16de Aarhundrede	TROELS-LUND, Troels Frederik.		Kjøbenhavn	003677661		1879	http://www.flickr.com/photos/britishlibrary/11273766776	1	000444	11273766776	http://farm4.staticflickr.com/3701/11273766776_d5e57e6016_m.jpg	240	184	http://farm4.staticflickr.com/3701/11273766776_d5e57e6016.jpg	500	384	http://farm4.staticflickr.com/3701/11273766776_d5e57e6016_b.jpg	1024	787	http://farm4.staticflickr.com/3701/11273766776_476d73f91e_o.jpg	1466	1126
0	Everts & Ensign	History of Toga, Chemung, Tompkins, and Schuyler Counties, New York. With illustrations and biographical sketches of some of its prominent men and pioneers	PEIRCE, Henry B. and HURD (Duane Hamilton)		Philadelphia	002810116		1879	http://www.flickr.com/photos/britishlibrary/11273788094	1	000313	11273788094	http://farm8.staticflickr.com/7449/11273788094_3fb7cb5e8e_m.jpg	240	160	http://farm8.staticflickr.com/7449/11273788094_3fb7cb5e8e.jpg	500	333	http://farm8.staticflickr.com/7449/11273788094_3fb7cb5e8e_b.jpg	1024	682	http://farm8.staticflickr.com/7449/11273788094_84aacf900d_o.jpg	1733	1155
02	L. H. Everts	History of the Connecticut Valley in Massachusetts (by N. B. Sylvester), with illustrations and biographical sketches of some of its prominent men and pioneers [by other authors]	SYLVESTER, Nathaniel Bartlett.		Philadelphia	003562080		1879	http://www.flickr.com/photos/britishlibrary/11273788194	1	000781	11273788194	http://farm4.staticflickr.com/3754/11273788194_f010839a7e_m.jpg	240	217	http://farm4.staticflickr.com/3754/11273788194_f010839a7e.jpg	500	452	http://farm4.staticflickr.com/3754/11273788194_f010839a7e_b.jpg	1024	925	http://farm4.staticflickr.com/3754/11273788194_a16f8aebc3_o.jpg	1397	1262
01		Old and New London, etc	Thornbury, Walter	lsidyv3c47ab1a	London	003628788	ark:/81055/vdc_000000059328	1879	http://www.flickr.com/photos/britishlibrary/11273787334	1	000381	11273787334	http://farm4.staticflickr.com/3784/11273787334_a3fe831e77_m.jpg	240	161	http://farm4.staticflickr.com/3784/11273787334_a3fe831e77.jpg	500	336	http://farm4.staticflickr.com/3784/11273787334_a3fe831e77_b.jpg	1024	688	http://farm4.staticflickr.com/3784/11273787334_44efc99187_o.jpg	1562	1050
0		The History of France, from the earliest times to the outbreak of the Revolution. Abridged from ... R. Black's translation of ... Guizot's larger history. With chronological index, ... tables, portraits ... By G. Masson, etc	GUIZOT, François Pierre Guillaume.		London	001541681		1879	http://www.flickr.com/photos/britishlibrary/11273764166	1	000505	11273764166	http://farm8.staticflickr.com/7316/11273764166_947923dbaf_m.jpg	170	240	http://farm8.staticflickr.com/7316/11273764166_947923dbaf.jpg	354	500	http://farm8.staticflickr.com/7316/11273764166_947923dbaf_b.jpg	724	1024	http://farm8.staticflickr.com/7316/11273764166_f4cc9013d1_o.jpg	987	1396
0	Union Historical Co.	The History of Warren County ... Illustrated			Des Moines	003854638		1879	http://www.flickr.com/photos/britishlibrary/11273763716	1	000413	11273763716	http://farm6.staticflickr.com/5519/11273763716_2f3de54e18_m.jpg	240	235	http://farm6.staticflickr.com/5519/11273763716_2f3de54e18.jpg	500	490	http://farm6.staticflickr.com/5519/11273763716_2f3de54e18_b.jpg	1024	1003	http://farm6.staticflickr.com/5519/11273763716_99fc4a75f7_o.jpg	1228	1203
0	Harper & Bros.	What Mr. Darwin saw in his Voyage round The World in the Ship “Beagle.” [Compiled and adapted from “Journal of Researches into the Geology and Natural History of the Various Countries visited by H.M.S. Beagle, etc.”]	Darwin, Charles	lsidyv3c8ea4b0	New York	000868098	ark:/81055/vdc_00000005BB84	1879	http://www.flickr.com/photos/britishlibrary/11273763616	2	000059	11273763616	http://farm3.staticflickr.com/2830/11273763616_676af3708f_m.jpg	110	240	http://farm3.staticflickr.com/2830/11273763616_676af3708f.jpg	229	500	http://farm3.staticflickr.com/2830/11273763616_676af3708f_b.jpg	470	1024	http://farm3.staticflickr.com/2830/11273763616_c1976864f8_o.jpg	712	1550
0		[Brazil and the Brazilians ... in historical and descriptive sketches ... Engravings.]	KIDDER, Daniel Parish and FLETCHER (James C.)		London	001961854		1879	http://www.flickr.com/photos/britishlibrary/11273719895	1	000180	11273719895	http://farm3.staticflickr.com/2849/11273719895_2b070df2f0_m.jpg	148	240	http://farm3.staticflickr.com/2849/11273719895_2b070df2f0.jpg	308	500	http://farm3.staticflickr.com/2849/11273719895_2b070df2f0_b.jpg	630	1024	http://farm3.staticflickr.com/2849/11273719895_a243f8cb3f_o.jpg	841	1366
0	Edward Stanford	Life in Asiatic Turkey. A journal of travel in Cilicia-Pedias and Trachœa-Isauria, and parts of Lycaonia and Cappadocia ... Map and illustrations, from original drawings by the author and Mr. Ancketill	DAVIS, Edwin John M.A		London	000878911		1879	http://www.flickr.com/photos/britishlibrary/11273719915	1	000194	11273719915	http://farm6.staticflickr.com/5540/11273719915_35d2033a1e_m.jpg	186	240	http://farm6.staticflickr.com/5540/11273719915_35d2033a1e.jpg	387	500	http://farm6.staticflickr.com/5540/11273719915_35d2033a1e_b.jpg	793	1024	http://farm6.staticflickr.com/5540/11273719915_d6662496a6_o.jpg	1021	1318
0		The Illustrated Guide to Sheffield and the surrounding district, etc	TAYLOR, John of Sheffield		Sheffield	003589731		1879	http://www.flickr.com/photos/britishlibrary/11273831123	1	000239	11273831123	http://farm8.staticflickr.com/7346/11273831123_d897fb7450_m.jpg	199	240	http://farm8.staticflickr.com/7346/11273831123_d897fb7450.jpg	416	500	http://farm8.staticflickr.com/7346/11273831123_d897fb7450_b.jpg	851	1024	http://farm8.staticflickr.com/7346/11273831123_3fb636112f_o.jpg	1176	1415
01		A magyar nemzet története. I. kötet írta Bodon J. és Dr. Szalay J. (II.-IV.) kötet, írta Dr. Szalay J.) [With portraits.]	BODON, József and SZALAY (József)		Budapest	000389221		1879	http://www.flickr.com/photos/britishlibrary/11273718335	1	000015	11273718335	http://farm6.staticflickr.com/5484/11273718335_55de3481f0_m.jpg	62	240	http://farm6.staticflickr.com/5484/11273718335_55de3481f0.jpg	130	500	http://farm6.staticflickr.com/5484/11273718335_55de3481f0_b.jpg	266	1024	http://farm6.staticflickr.com/5484/11273718335_15afd4efa9_o.jpg	493	1899
0		The Wild Man at Home: or, pictures of life in savage lands ... With woodcuts ... and coloured illustrations	GREENWOOD, James Novelist	lsidyv2af6fa2f	London, Edinburgh	001503444	ark:/81055/vdc_0000000519A2	1879	http://www.flickr.com/photos/britishlibrary/11273718565	1	000207	11273718565	http://farm4.staticflickr.com/3789/11273718565_18ea36e7e8_m.jpg	233	240	http://farm4.staticflickr.com/3789/11273718565_18ea36e7e8.jpg	484	500	http://farm4.staticflickr.com/3789/11273718565_18ea36e7e8_b.jpg	992	1024	http://farm4.staticflickr.com/3789/11273718565_6ee88c9a3f_o.jpg	1340	1383
0		The Life of Charles Dickens ... With forty illustrations	FORSTER, John Barrister-at-Law, of the Inner Temple		Chapman & Hall, London	001272474		1879	http://www.flickr.com/photos/britishlibrary/11273783174	1	000361	11273783174	http://farm6.staticflickr.com/5487/11273783174_81ccb9c1ce_m.jpg	173	240	http://farm6.staticflickr.com/5487/11273783174_81ccb9c1ce.jpg	360	500	http://farm6.staticflickr.com/5487/11273783174_81ccb9c1ce_b.jpg	738	1024	http://farm6.staticflickr.com/5487/11273783174_0d7cfcf451_o.jpg	957	1328
0	Western Historical Company	The History of Jones County, Iowa ... illustrated			Chicago	001892342		1879	http://www.flickr.com/photos/britishlibrary/11273716685	1	000027	11273716685	http://farm3.staticflickr.com/2853/11273716685_3822d940b3_m.jpg	238	240	http://farm3.staticflickr.com/2853/11273716685_3822d940b3.jpg	495	500	http://farm3.staticflickr.com/2853/11273716685_3822d940b3_b.jpg	1014	1024	http://farm3.staticflickr.com/2853/11273716685_9c2e53997d_o.jpg	1201	1213
0	Lee & Shepard	A summer jaunt through the old world: a record of an excursion made to and through Europe by the Tourgée educational party of 1878	HOLDEN, Luther L.	lsidyv3c9a5a21	Boston [Mass.]	001711043	ark:/81055/vdc_00000005C31C	1879	http://www.flickr.com/photos/britishlibrary/11273827193	1	000358	11273827193	http://farm3.staticflickr.com/2824/11273827193_11a0e594e3_m.jpg	240	156	http://farm3.staticflickr.com/2824/11273827193_11a0e594e3.jpg	500	326	http://farm3.staticflickr.com/2824/11273827193_11a0e594e3_b.jpg	1024	667	http://farm3.staticflickr.com/2824/11273827193_a0c54a12dc_o.jpg	1313	855
0	Moses King	King's Handbook of Boston. Profusely illustrated. [With a map.]	KING, Moses.		Cambridge, Mass	001968594		1879	http://www.flickr.com/photos/britishlibrary/11273758596	1	000313	11273758596	http://farm3.staticflickr.com/2840/11273758596_1eebc7ccbc_m.jpg	161	240	http://farm3.staticflickr.com/2840/11273758596_1eebc7ccbc.jpg	336	500	http://farm3.staticflickr.com/2840/11273758596_1eebc7ccbc_b.jpg	689	1024	http://farm3.staticflickr.com/2840/11273758596_451b922b4e_o.jpg	947	1408
02		Sahărâ und Sûdân. Ergebnisse sechsjähriger Reisen in Afrika. (Thl. 3 herausgegeben von E. Groddeck.)	NACHTIGAL, Gustav.		Berlin	002599811		1879	http://www.flickr.com/photos/britishlibrary/11273714525	1	000629	11273714525	http://farm4.staticflickr.com/3819/11273714525_5b3e43ef39_m.jpg	240	113	http://farm4.staticflickr.com/3819/11273714525_5b3e43ef39.jpg	500	234	http://farm4.staticflickr.com/3819/11273714525_5b3e43ef39_b.jpg	1024	480	http://farm4.staticflickr.com/3819/11273714525_2b82bfd74b_o.jpg	1655	775
0	Harper & Bros.	What Mr. Darwin saw in his Voyage round The World in the Ship “Beagle.” [Compiled and adapted from “Journal of Researches into the Geology and Natural History of the Various Countries visited by H.M.S. Beagle, etc.”]	Darwin, Charles	lsidyv3c8ea4b0	New York	000868098	ark:/81055/vdc_00000005BB84	1879	http://www.flickr.com/photos/britishlibrary/11273825893	1	000174	11273825893	http://farm4.staticflickr.com/3801/11273825893_006651a456_m.jpg	240	115	http://farm4.staticflickr.com/3801/11273825893_006651a456.jpg	500	240	http://farm4.staticflickr.com/3801/11273825893_006651a456_b.jpg	1024	492	http://farm4.staticflickr.com/3801/11273825893_f1b85a23f4_o.jpg	1700	816
0	Everts & Ensign	History of Toga, Chemung, Tompkins, and Schuyler Counties, New York. With illustrations and biographical sketches of some of its prominent men and pioneers	PEIRCE, Henry B. and HURD (Duane Hamilton)		Philadelphia	002810116		1879	http://www.flickr.com/photos/britishlibrary/11273714165	2	000905	11273714165	http://farm6.staticflickr.com/5538/11273714165_6e3cf1e2f3_m.jpg	240	188	http://farm6.staticflickr.com/5538/11273714165_6e3cf1e2f3.jpg	500	392	http://farm6.staticflickr.com/5538/11273714165_6e3cf1e2f3_b.jpg	1024	803	http://farm6.staticflickr.com/5538/11273714165_c8dddbc899_o.jpg	1202	942
0	N. D. Thompson & Co.	A Pictorial History of Texas, from the earliest visits of European adventurers to A.D. 1879 ... Third edition, ... revised	THRALL, Homer S.		St. Louis, Mo	003632148		1879	http://www.flickr.com/photos/britishlibrary/11273755816	1	000501	11273755816	http://farm3.staticflickr.com/2862/11273755816_2ef579a903_m.jpg	240	233	http://farm3.staticflickr.com/2862/11273755816_2ef579a903.jpg	500	485	http://farm3.staticflickr.com/2862/11273755816_2ef579a903_b.jpg	1024	994	http://farm3.staticflickr.com/2862/11273755816_ac2212a37b_o.jpg	1288	1250
0	Macmillan and Co.	The Arctic Voyages of A. E. Nordenskiöld. 1858-1879. With illustrations and maps	LESLIE, Alexander of Aberdeen		London	002142895		1879	http://www.flickr.com/photos/britishlibrary/11273712845	1	000158	11273712845	http://farm4.staticflickr.com/3736/11273712845_a260857b12_m.jpg	144	240	http://farm4.staticflickr.com/3736/11273712845_a260857b12.jpg	300	500	http://farm4.staticflickr.com/3736/11273712845_a260857b12_b.jpg	615	1024	http://farm4.staticflickr.com/3736/11273712845_f586cc2048_o.jpg	863	1438
0	Lewis, Peck & Co.	History of Steuben County, New York, with illustrations and biographical sketches of some of its prominent men and pioneers	CLAYTON, W. Woodford.		Philadelphia	000719876		1879	http://www.flickr.com/photos/britishlibrary/11273823673	1	000545	11273823673	http://farm8.staticflickr.com/7393/11273823673_12cc4f7947_m.jpg	240	178	http://farm8.staticflickr.com/7393/11273823673_12cc4f7947.jpg	500	370	http://farm8.staticflickr.com/7393/11273823673_12cc4f7947_b.jpg	1024	758	http://farm8.staticflickr.com/7393/11273823673_8b529718ba_o.jpg	1710	1265
0	Western Historical Company	The History of Jackson County, Iowa ... Illustrated			Chicago	001833692		1879	http://www.flickr.com/photos/britishlibrary/11273822083	1	000029	11273822083	http://farm6.staticflickr.com/5532/11273822083_5cf6102442_m.jpg	240	240	http://farm6.staticflickr.com/5532/11273822083_5cf6102442.jpg	500	500	http://farm6.staticflickr.com/5532/11273822083_5cf6102442_b.jpg	1024	1024	http://farm6.staticflickr.com/5532/11273822083_d3933eeb3c_o.jpg	1191	1191
01		The Australian abroad. Branches from the Main Routes round the World. [Reprinted from the Melbourne “Argus.” With illustrations.] 2 series	HINGSTON, James.	lsidyv3cbf9abe	London	001689101	ark:/81055/vdc_00000005DA7A	1879	http://www.flickr.com/photos/britishlibrary/11273822073	1	000043	11273822073	http://farm3.staticflickr.com/2840/11273822073_d1363a589c_m.jpg	160	240	http://farm3.staticflickr.com/2840/11273822073_d1363a589c.jpg	334	500	http://farm3.staticflickr.com/2840/11273822073_d1363a589c_b.jpg	684	1024	http://farm3.staticflickr.com/2840/11273822073_0f1d84c9ed_o.jpg	935	1400
02	American News Company	Round the world with General Grant. A narrative of the visit of General U. S. Grant ... to various countries ... in 1877, 1878, 1879. To which are added certain conversations with General Grant on questions connected with American politics and history ... With ... illustrations	YOUNG, John Russell.		New York	004002305		1879	http://www.flickr.com/photos/britishlibrary/11273774964	1	000278	11273774964	http://farm4.staticflickr.com/3671/11273774964_0ff8d8838d_m.jpg	164	240	http://farm4.staticflickr.com/3671/11273774964_0ff8d8838d.jpg	342	500	http://farm4.staticflickr.com/3671/11273774964_0ff8d8838d_b.jpg	700	1024	http://farm4.staticflickr.com/3671/11273774964_4fa9505a85_o.jpg	1158	1693
01	Tinsley Brothers	Berlin under the New Empire, its institutions, inhabitants, industry ... With ... engravings, etc	VIZETELLY, Henry.		London	003807524		1879	http://www.flickr.com/photos/britishlibrary/11273708555	1	000250	11273708555	http://farm4.staticflickr.com/3701/11273708555_48dce8dd19_m.jpg	196	240	http://farm4.staticflickr.com/3701/11273708555_48dce8dd19.jpg	408	500	http://farm4.staticflickr.com/3701/11273708555_48dce8dd19_b.jpg	836	1024	http://farm4.staticflickr.com/3701/11273708555_e861c4fb83_o.jpg	1160	1421
0	Waterlow & Sons	Up the River from Westminster to Windsor and Oxford; a descriptive panorama of Thames Scenery			London	003606029		1879	http://www.flickr.com/photos/britishlibrary/11273819703	1	000077	11273819703	http://farm4.staticflickr.com/3693/11273819703_3f24d5b3c7_m.jpg	212	240	http://farm4.staticflickr.com/3693/11273819703_3f24d5b3c7.jpg	441	500	http://farm4.staticflickr.com/3693/11273819703_3f24d5b3c7_b.jpg	904	1024	http://farm4.staticflickr.com/3693/11273819703_9daa3b217c_o.jpg	1048	1187
0	Harper & Bros.	From Egypt to Palestine through Sinai, the Wilderness and the South Country. Observations of a journey made with special reference to the history of the Israelites ... With maps and illustrations	BARTLETT, Samuel Colcord.	lsidyv3c53baba	New York	000216339	ark:/81055/vdc_000000059CA0	1879	http://www.flickr.com/photos/britishlibrary/11273772834	1	000291	11273772834	http://farm8.staticflickr.com/7327/11273772834_1c6db32d29_m.jpg	203	240	http://farm8.staticflickr.com/7327/11273772834_1c6db32d29.jpg	422	500	http://farm8.staticflickr.com/7327/11273772834_1c6db32d29_b.jpg	865	1024	http://farm8.staticflickr.com/7327/11273772834_fee5d44325_o.jpg	1096	1298
0		[Brazil and the Brazilians ... in historical and descriptive sketches ... Engravings.]	KIDDER, Daniel Parish and FLETCHER (James C.)		London	001961854		1879	http://www.flickr.com/photos/britishlibrary/11273749886	1	000181	11273749886	http://farm4.staticflickr.com/3780/11273749886_4a6d1eb719_m.jpg	240	163	http://farm4.staticflickr.com/3780/11273749886_4a6d1eb719.jpg	500	340	http://farm4.staticflickr.com/3780/11273749886_4a6d1eb719_b.jpg	1024	697	http://farm4.staticflickr.com/3780/11273749886_3ef2b43c09_o.jpg	1291	879
0	Harper & Bros.	From Egypt to Palestine through Sinai, the Wilderness and the South Country. Observations of a journey made with special reference to the history of the Israelites ... With maps and illustrations	BARTLETT, Samuel Colcord.	lsidyv3c53baba	New York	000216339	ark:/81055/vdc_000000059CA0	1879	http://www.flickr.com/photos/britishlibrary/11273707035	2	000228	11273707035	http://farm8.staticflickr.com/7392/11273707035_27a0b8603b_m.jpg	143	240	http://farm8.staticflickr.com/7392/11273707035_27a0b8603b.jpg	297	500	http://farm8.staticflickr.com/7392/11273707035_27a0b8603b_b.jpg	608	1024	http://farm8.staticflickr.com/7392/11273707035_087ea1b01b_o.jpg	821	1383
0	Religious Tract Society	The Lands of Scripture: comprising “Those Holy Fields”; “The Land of the Pharaohs” [both by S. M.]; “Pictures from Bible Lands” (edited by S. G. Green. The illustrations by E. Whymper, etc.)	MANNING, Samuel LL.D		London	002369128		1879	http://www.flickr.com/photos/britishlibrary/11273770564	1	000060	11273770564	http://farm4.staticflickr.com/3819/11273770564_a2e7311eba_m.jpg	240	167	http://farm4.staticflickr.com/3819/11273770564_a2e7311eba.jpg	500	349	http://farm4.staticflickr.com/3819/11273770564_a2e7311eba_b.jpg	1024	714	http://farm4.staticflickr.com/3819/11273770564_7beabc9abf_o.jpg	1505	1050
02	Tinsley Brothers	Berlin under the New Empire, its institutions, inhabitants, industry ... With ... engravings, etc	VIZETELLY, Henry.		London	003807524		1879	http://www.flickr.com/photos/britishlibrary/11273705735	1	000315	11273705735	http://farm4.staticflickr.com/3807/11273705735_fe14fafa24_m.jpg	240	163	http://farm4.staticflickr.com/3807/11273705735_fe14fafa24.jpg	500	340	http://farm4.staticflickr.com/3807/11273705735_fe14fafa24_b.jpg	1024	696	http://farm4.staticflickr.com/3807/11273705735_48c61fd2d5_o.jpg	1366	928
01	William Mackenzie	The National Burns. Edited by Rev. George Gilfillan, including the airs of all the songs, and an original life of Burns by the editor. [With plates, including portraits.]	Burns, Robert		Glasgow	000543200		1879	http://www.flickr.com/photos/britishlibrary/11273816113	1	000174	11273816113	http://farm4.staticflickr.com/3713/11273816113_8c960895bf_m.jpg	140	240	http://farm4.staticflickr.com/3713/11273816113_8c960895bf.jpg	292	500	http://farm4.staticflickr.com/3713/11273816113_8c960895bf_b.jpg	599	1024	http://farm4.staticflickr.com/3713/11273816113_e4098b3f87_o.jpg	805	1377
0		[Viaje á la Patagonia austral emprendido bajo los auspicios del Gobierno Nacional 1876-1877. tom. 1.]	MORENO, Francisco Josué Pascasio.		Buenos Aires	002546655		1879	http://www.flickr.com/photos/britishlibrary/11273747706	1	000011	11273747706	http://farm6.staticflickr.com/5519/11273747706_e0f6bdf6d7_m.jpg	146	240	http://farm6.staticflickr.com/5519/11273747706_e0f6bdf6d7.jpg	303	500	http://farm6.staticflickr.com/5519/11273747706_e0f6bdf6d7_b.jpg	621	1024	http://farm6.staticflickr.com/5519/11273747706_89f97cd83c_o.jpg	941	1551
0	Moses King	King's Handbook of Boston. Profusely illustrated. [With a map.]	KING, Moses.		Cambridge, Mass	001968594		1879	http://www.flickr.com/photos/britishlibrary/11273814993	1	000140	11273814993	http://farm8.staticflickr.com/7387/11273814993_0fa2c4737a_m.jpg	194	240	http://farm8.staticflickr.com/7387/11273814993_0fa2c4737a.jpg	403	500	http://farm8.staticflickr.com/7387/11273814993_0fa2c4737a_b.jpg	826	1024	http://farm8.staticflickr.com/7387/11273814993_976a67328c_o.jpg	970	1202
0		Очерки Русской Исторіи въ памятникахъ быта. pt. 1, 2	POLEVOI, Petr Nikolaevich.		С.-Петербургъ	002948284		1879	http://www.flickr.com/photos/britishlibrary/11273704065	1	000169	11273704065	http://farm6.staticflickr.com/5497/11273704065_39d6c72e8a_m.jpg	86	240	http://farm6.staticflickr.com/5497/11273704065_39d6c72e8a.jpg	178	500	http://farm6.staticflickr.com/5497/11273704065_39d6c72e8a_b.jpg	365	1024	http://farm6.staticflickr.com/5497/11273704065_86296b1c3d_o.jpg	648	1817
0		[Brazil and the Brazilians ... in historical and descriptive sketches ... Engravings.]	KIDDER, Daniel Parish and FLETCHER (James C.)		London	001961854		1879	http://www.flickr.com/photos/britishlibrary/11273767314	1	000033	11273767314	http://farm8.staticflickr.com/7415/11273767314_611f5652b5_m.jpg	144	240	http://farm8.staticflickr.com/7415/11273767314_611f5652b5.jpg	299	500	http://farm8.staticflickr.com/7415/11273767314_611f5652b5_b.jpg	613	1024	http://farm8.staticflickr.com/7415/11273767314_7eab8f557a_o.jpg	830	1387
0	C. R. Barns	Switzler's Illustrated History of Missouri, from 1541 to 1877, etc. [Edited by C. R. Barns. From the larger work edited by him, entitled: “The Commonwealth of Missouri.”]	BARNS, Chancy R.		Saint Louis	000206134		1879	http://www.flickr.com/photos/britishlibrary/11273702935	1	000151	11273702935	http://farm4.staticflickr.com/3728/11273702935_0e331ef44f_m.jpg	188	240	http://farm4.staticflickr.com/3728/11273702935_0e331ef44f.jpg	392	500	http://farm4.staticflickr.com/3728/11273702935_0e331ef44f_b.jpg	802	1024	http://farm4.staticflickr.com/3728/11273702935_599b76ff4d_o.jpg	938	1198
01	Tinsley Brothers	Berlin under the New Empire, its institutions, inhabitants, industry ... With ... engravings, etc	VIZETELLY, Henry.		London	003807524		1879	http://www.flickr.com/photos/britishlibrary/11273813173	1	000183	11273813173	http://farm8.staticflickr.com/7425/11273813173_694ddd3641_m.jpg	240	157	http://farm8.staticflickr.com/7425/11273813173_694ddd3641.jpg	500	327	http://farm8.staticflickr.com/7425/11273813173_694ddd3641_b.jpg	1024	669	http://farm8.staticflickr.com/7425/11273813173_22bf41b612_o.jpg	1563	1021
02	Tinsley Brothers	Berlin under the New Empire, its institutions, inhabitants, industry ... With ... engravings, etc	VIZETELLY, Henry.		London	003807524		1879	http://www.flickr.com/photos/britishlibrary/11273701625	1	000160	11273701625	http://farm6.staticflickr.com/5475/11273701625_bee374430f_m.jpg	240	220	http://farm6.staticflickr.com/5475/11273701625_bee374430f.jpg	500	459	http://farm6.staticflickr.com/5475/11273701625_bee374430f_b.jpg	1024	940	http://farm6.staticflickr.com/5475/11273701625_bb06f4674a_o.jpg	1135	1042
0	Murray Williamson & Phelps	The History of Adams County, Illinois ... Illustrated			Chicago	000014468		1879	http://www.flickr.com/photos/britishlibrary/11273744656	1	000465	11273744656	http://farm6.staticflickr.com/5471/11273744656_4323165a41_m.jpg	240	149	http://farm6.staticflickr.com/5471/11273744656_4323165a41.jpg	500	310	http://farm6.staticflickr.com/5471/11273744656_4323165a41_b.jpg	1024	635	http://farm6.staticflickr.com/5471/11273744656_849c679157_o.jpg	1783	1105
0	Everts & Abbott	History of Hillsdale County, Michigan, with illustrations and biographical sketches of some of its prominent men, etc	Johnson, Crisfield.		Philadelphia	001884500		1879	http://www.flickr.com/photos/britishlibrary/11273811933	2	000236	11273811933	http://farm3.staticflickr.com/2860/11273811933_73804a8134_m.jpg	183	240	http://farm3.staticflickr.com/2860/11273811933_73804a8134.jpg	382	500	http://farm3.staticflickr.com/2860/11273811933_73804a8134_b.jpg	782	1024	http://farm3.staticflickr.com/2860/11273811933_1396e20cdd_o.jpg	1158	1517
0		[Brazil and the Brazilians ... in historical and descriptive sketches ... Engravings.]	KIDDER, Daniel Parish and FLETCHER (James C.)		London	001961854		1879	http://www.flickr.com/photos/britishlibrary/11273810703	1	000612	11273810703	http://farm6.staticflickr.com/5515/11273810703_4a87767cfe_m.jpg	151	240	http://farm6.staticflickr.com/5515/11273810703_4a87767cfe.jpg	315	500	http://farm6.staticflickr.com/5515/11273810703_4a87767cfe_b.jpg	645	1024	http://farm6.staticflickr.com/5515/11273810703_120d0e909b_o.jpg	848	1346
0		Les Rues du vieux Paris. Galerie populaire et pittoresque ... Ouvrage illustré de 165 gravures sur bois	FOURNEL, Victor.		Paris	001279089		1879	http://www.flickr.com/photos/britishlibrary/11273699815	1	000647	11273699815	http://farm3.staticflickr.com/2847/11273699815_77197a9d2a_m.jpg	240	168	http://farm3.staticflickr.com/2847/11273699815_77197a9d2a.jpg	500	349	http://farm3.staticflickr.com/2847/11273699815_77197a9d2a_b.jpg	1024	715	http://farm3.staticflickr.com/2847/11273699815_13646105b3_o.jpg	1755	1225
0		Les Vieilles Villes de Suisse. Notes et souvenirs. Ouvrage illustré de 105 dessins à la plume par A. Robida reproduits en fac-simile	ROBIDA, Albert.		Paris	003121715		1879	http://www.flickr.com/photos/britishlibrary/11273809893	1	000143	11273809893	http://farm4.staticflickr.com/3762/11273809893_f81db8e4e4_m.jpg	240	229	http://farm4.staticflickr.com/3762/11273809893_f81db8e4e4.jpg	500	478	http://farm4.staticflickr.com/3762/11273809893_f81db8e4e4_b.jpg	1024	978	http://farm4.staticflickr.com/3762/11273809893_d8dc45c82b_o.jpg	1415	1352
0		Sahara & Sahel. I. Un Été dans le Sahara. II. Une Année dans le Sahel. Édition illustrée d'eaux fortes ... et de quarante-cinq gravures, etc	Fromentin, Eugène		Paris	001334608		1879	http://www.flickr.com/photos/britishlibrary/11273741516	1	000251	11273741516	http://farm4.staticflickr.com/3778/11273741516_4b30f96f95_m.jpg	129	240	http://farm4.staticflickr.com/3778/11273741516_4b30f96f95.jpg	268	500	http://farm4.staticflickr.com/3778/11273741516_4b30f96f95_b.jpg	549	1024	http://farm4.staticflickr.com/3778/11273741516_04c87d8168_o.jpg	927	1728
0	The Mission Press	The manners and customs of the Chinese of the Straits Settlements	VAUGHAN, Jonas Daniel.	lsidyv3c6920e3	Singapore	003763775	ark:/81055/vdc_00000005AABC	1879	http://www.flickr.com/photos/britishlibrary/11273762204	2	000087	11273762204	http://farm4.staticflickr.com/3741/11273762204_18c638be01_m.jpg	181	240	http://farm4.staticflickr.com/3741/11273762204_18c638be01.jpg	377	500	http://farm4.staticflickr.com/3741/11273762204_18c638be01_b.jpg	773	1024	http://farm4.staticflickr.com/3741/11273762204_146cedc508_o.jpg	1093	1448
01	L. H. Everts	History of the Connecticut Valley in Massachusetts (by N. B. Sylvester), with illustrations and biographical sketches of some of its prominent men and pioneers [by other authors]	SYLVESTER, Nathaniel Bartlett.		Philadelphia	003562080		1879	http://www.flickr.com/photos/britishlibrary/11273697895	3	000428	11273697895	http://farm6.staticflickr.com/5544/11273697895_d1d5580e97_m.jpg	199	240	http://farm6.staticflickr.com/5544/11273697895_d1d5580e97.jpg	414	500	http://farm6.staticflickr.com/5544/11273697895_d1d5580e97_b.jpg	847	1024	http://farm6.staticflickr.com/5544/11273697895_baa090ac0c_o.jpg	916	1108
0	C. R. Barns	Switzler's Illustrated History of Missouri, from 1541 to 1877, etc. [Edited by C. R. Barns. From the larger work edited by him, entitled: “The Commonwealth of Missouri.”]	BARNS, Chancy R.		Saint Louis	000206134		1879	http://www.flickr.com/photos/britishlibrary/11273739826	1	000176	11273739826	http://farm3.staticflickr.com/2877/11273739826_85d2c31667_m.jpg	152	240	http://farm3.staticflickr.com/2877/11273739826_85d2c31667.jpg	316	500	http://farm3.staticflickr.com/2877/11273739826_85d2c31667_b.jpg	648	1024	http://farm3.staticflickr.com/2877/11273739826_2e2c6b9612_o.jpg	872	1377
02	D. Appleton & Co.	[Appleton's European Guide Book illustrated. Including England, Scotland, and Ireland, France, Belgium, Holland, Northern and Southern Germany, Switzerland, Italy, Spain and Portugal, Russia, Denmark, Norway, and Sweden. Containing ... maps, etc.]	APPLETON, Daniel AND CO	lsidyv3cbe7355	New York; Longmans & Co	000100280	ark:/81055/vdc_00000005D9DE	1879	http://www.flickr.com/photos/britishlibrary/11273760024	1	000453	11273760024	http://farm3.staticflickr.com/2865/11273760024_bb8b03c80c_m.jpg	161	240	http://farm3.staticflickr.com/2865/11273760024_bb8b03c80c.jpg	336	500	http://farm3.staticflickr.com/2865/11273760024_bb8b03c80c_b.jpg	689	1024	http://farm3.staticflickr.com/2865/11273760024_7a0d7227fb_o.jpg	852	1267
0	Western Historical Company	The History of Jackson County, Iowa ... Illustrated			Chicago	001833692		1879	http://www.flickr.com/photos/britishlibrary/11273806883	1	000085	11273806883	http://farm6.staticflickr.com/5525/11273806883_294e07921b_m.jpg	173	240	http://farm6.staticflickr.com/5525/11273806883_294e07921b.jpg	359	500	http://farm6.staticflickr.com/5525/11273806883_294e07921b_b.jpg	736	1024	http://farm6.staticflickr.com/5525/11273806883_fc31c60b52_o.jpg	1133	1576
0	Pickering & Co.	The History of the County of Monaghan	SHIRLEY, Evelyn Philip.		London	003370961		1879	http://www.flickr.com/photos/britishlibrary/11273759634	1	000348	11273759634	http://farm8.staticflickr.com/7449/11273759634_17974d6dd0_m.jpg	240	129	http://farm8.staticflickr.com/7449/11273759634_17974d6dd0.jpg	500	270	http://farm8.staticflickr.com/7449/11273759634_17974d6dd0_b.jpg	1024	552	http://farm8.staticflickr.com/7449/11273759634_d186362c94_o.jpg	1787	963
0	Waterlow & Sons	Up the River from Westminster to Windsor and Oxford; a descriptive panorama of Thames Scenery			London	003606029		1879	http://www.flickr.com/photos/britishlibrary/11273737466	2	000093	11273737466	http://farm3.staticflickr.com/2875/11273737466_4ac6c5cda5_m.jpg	111	240	http://farm3.staticflickr.com/2875/11273737466_4ac6c5cda5.jpg	231	500	http://farm3.staticflickr.com/2875/11273737466_4ac6c5cda5_b.jpg	474	1024	http://farm3.staticflickr.com/2875/11273737466_56997746c7_o.jpg	717	1548
0	W. Mullan & Son	Winifred Martin. A story of English family life ... With illustrations, etc	BROOK, afterwards ROSS, Ellen.		London & Belfast	000486054		1879	http://www.flickr.com/photos/britishlibrary/11273736646	1	000506	11273736646	http://farm3.staticflickr.com/2876/11273736646_7927983443_m.jpg	240	236	http://farm3.staticflickr.com/2876/11273736646_7927983443.jpg	500	493	http://farm3.staticflickr.com/2876/11273736646_7927983443_b.jpg	1024	1009	http://farm3.staticflickr.com/2876/11273736646_da3d53af85_o.jpg	1237	1219
01	American News Company	Round the world with General Grant. A narrative of the visit of General U. S. Grant ... to various countries ... in 1877, 1878, 1879. To which are added certain conversations with General Grant on questions connected with American politics and history ... With ... illustrations	YOUNG, John Russell.		New York	004002305		1879	http://www.flickr.com/photos/britishlibrary/11273694345	1	000039	11273694345	http://farm8.staticflickr.com/7453/11273694345_ec4bf584a4_m.jpg	170	240	http://farm8.staticflickr.com/7453/11273694345_ec4bf584a4.jpg	354	500	http://farm8.staticflickr.com/7453/11273694345_ec4bf584a4_b.jpg	724	1024	http://farm8.staticflickr.com/7453/11273694345_94b8b1a1d5_o.jpg	1221	1727
0	F. F. Baillière	[Baillière's Victorian Gazetteer and Road Guide, containing the most recent ... information as to every place in the colony ... With a map.]	WHITWORTH, Robert Percy.		Melbourne	003914618		1879	http://www.flickr.com/photos/britishlibrary/11273757004	1	000570	11273757004	http://farm3.staticflickr.com/2818/11273757004_d1f44b1daa_m.jpg	240	229	http://farm3.staticflickr.com/2818/11273757004_d1f44b1daa.jpg	500	476	http://farm3.staticflickr.com/2818/11273757004_d1f44b1daa_b.jpg	1024	975	http://farm3.staticflickr.com/2818/11273757004_e9ccc2b2ca_o.jpg	1115	1062
0	C. R. Barns	Switzler's Illustrated History of Missouri, from 1541 to 1877, etc. [Edited by C. R. Barns. From the larger work edited by him, entitled: “The Commonwealth of Missouri.”]	BARNS, Chancy R.		Saint Louis	000206134		1879	http://www.flickr.com/photos/britishlibrary/11273692645	1	000631	11273692645	http://farm3.staticflickr.com/2864/11273692645_976a2e6523_m.jpg	196	240	http://farm3.staticflickr.com/2864/11273692645_976a2e6523.jpg	409	500	http://farm3.staticflickr.com/2864/11273692645_976a2e6523_b.jpg	838	1024	http://farm3.staticflickr.com/2864/11273692645_0dd0c6c4aa_o.jpg	1196	1461
0	John Murray	[The Student's Manual of Modern Geography. Mathematical, physical, and descriptive.]	BEVAN, William Latham.	lsidyv3ca2f2a9	London	000307737	ark:/81055/vdc_00000005C7F6	1879	http://www.flickr.com/photos/britishlibrary/11273734856	1	000159	11273734856	http://farm8.staticflickr.com/7414/11273734856_a5d6e89858_m.jpg	161	240	http://farm8.staticflickr.com/7414/11273734856_a5d6e89858.jpg	336	500	http://farm8.staticflickr.com/7414/11273734856_a5d6e89858_b.jpg	688	1024	http://farm8.staticflickr.com/7414/11273734856_a19b50c84f_o.jpg	823	1225
0		Los Euskaros en Alava, Guipúzcoa y Vizcaya; sus orígenes, historia, ... costumbres y tradiciones. (Con 11 grabados y un mapa.)	VELASCO Y FERNANDEZ DE LA CUESTA, Ladislao de.		Barcelona	003768400		1879	http://www.flickr.com/photos/britishlibrary/11273801763	1	000151	11273801763	http://farm8.staticflickr.com/7307/11273801763_4a34f55411_m.jpg	240	89	http://farm8.staticflickr.com/7307/11273801763_4a34f55411.jpg	500	185	http://farm8.staticflickr.com/7307/11273801763_4a34f55411_b.jpg	1024	379	http://farm8.staticflickr.com/7307/11273801763_4523cf9916_o.jpg	2270	841
0		[Guerra del Pacífico.] Chile. Episodias maritimos. Las dos Esmeraldas	VICUÑA MACKENNA, Benjamín.		Santiago	003787772		1879	http://www.flickr.com/photos/britishlibrary/11273753184	1	000465	11273753184	http://farm3.staticflickr.com/2846/11273753184_30bf689301_m.jpg	240	214	http://farm3.staticflickr.com/2846/11273753184_30bf689301.jpg	500	445	http://farm3.staticflickr.com/2846/11273753184_30bf689301_b.jpg	1024	911	http://farm3.staticflickr.com/2846/11273753184_a833043a16_o.jpg	1363	1213
01	Tinsley Brothers	Berlin under the New Empire, its institutions, inhabitants, industry ... With ... engravings, etc	VIZETELLY, Henry.		London	003807524		1879	http://www.flickr.com/photos/britishlibrary/11273754414	1	000188	11273754414	http://farm6.staticflickr.com/5518/11273754414_4a7a579369_m.jpg	176	240	http://farm6.staticflickr.com/5518/11273754414_4a7a579369.jpg	368	500	http://farm6.staticflickr.com/5518/11273754414_4a7a579369_b.jpg	753	1024	http://farm6.staticflickr.com/5518/11273754414_84389f331f_o.jpg	1038	1411
0		Sahara & Sahel. I. Un Été dans le Sahara. II. Une Année dans le Sahel. Édition illustrée d'eaux fortes ... et de quarante-cinq gravures, etc	Fromentin, Eugène		Paris	001334608		1879	http://www.flickr.com/photos/britishlibrary/11273800403	1	000031	11273800403	http://farm3.staticflickr.com/2845/11273800403_9761b43127_m.jpg	224	240	http://farm3.staticflickr.com/2845/11273800403_9761b43127.jpg	466	500	http://farm3.staticflickr.com/2845/11273800403_9761b43127_b.jpg	954	1024	http://farm3.staticflickr.com/2845/11273800403_2f4314a4af_o.jpg	1035	1111
01	William Mackenzie	The National Burns. Edited by Rev. George Gilfillan, including the airs of all the songs, and an original life of Burns by the editor. [With plates, including portraits.]	Burns, Robert		Glasgow	000543200		1879	http://www.flickr.com/photos/britishlibrary/11273688725	1	000356	11273688725	http://farm6.staticflickr.com/5473/11273688725_58bce6fa15_m.jpg	240	201	http://farm6.staticflickr.com/5473/11273688725_58bce6fa15.jpg	500	419	http://farm6.staticflickr.com/5473/11273688725_58bce6fa15_b.jpg	1024	859	http://farm6.staticflickr.com/5473/11273688725_65a9c60b80_o.jpg	1488	1248
0	Mark and Bailey	Northampton past and present, a Handy Guide Book to the town and neighbourhood			Northampton	002673317		1879	http://www.flickr.com/photos/britishlibrary/11273687765	1	000110	11273687765	http://farm3.staticflickr.com/2839/11273687765_2d286b99dd_m.jpg	200	240	http://farm3.staticflickr.com/2839/11273687765_2d286b99dd.jpg	416	500	http://farm3.staticflickr.com/2839/11273687765_2d286b99dd_b.jpg	852	1024	http://farm3.staticflickr.com/2839/11273687765_ec25b123aa_o.jpg	1052	1265
02	L. H. Everts	History of the Connecticut Valley in Massachusetts (by N. B. Sylvester), with illustrations and biographical sketches of some of its prominent men and pioneers [by other authors]	SYLVESTER, Nathaniel Bartlett.		Philadelphia	003562080		1879	http://www.flickr.com/photos/britishlibrary/11273751604	3	000567	11273751604	http://farm8.staticflickr.com/7316/11273751604_4c71f6a10c_m.jpg	201	240	http://farm8.staticflickr.com/7316/11273751604_4c71f6a10c.jpg	418	500	http://farm8.staticflickr.com/7316/11273751604_4c71f6a10c_b.jpg	857	1024	http://farm8.staticflickr.com/7316/11273751604_246b31d8f6_o.jpg	938	1121
0	Everts & Abbott	History of Hillsdale County, Michigan, with illustrations and biographical sketches of some of its prominent men, etc	Johnson, Crisfield.		Philadelphia	001884500		1879	http://www.flickr.com/photos/britishlibrary/11273687105	2	000342	11273687105	http://farm8.staticflickr.com/7411/11273687105_10094c169d_m.jpg	240	195	http://farm8.staticflickr.com/7411/11273687105_10094c169d.jpg	500	407	http://farm8.staticflickr.com/7411/11273687105_10094c169d_b.jpg	1024	834	http://farm8.staticflickr.com/7411/11273687105_eb9545170f_o.jpg	1203	980
0	Wesleyan Conference Office	Rambles in Bible Lands	NEWTON, Richard D.D., Rector of St. Paul's Church, Philadelphia	lsidyv3ca35e3a	London	002646495	ark:/81055/vdc_00000005C826	1879	http://www.flickr.com/photos/britishlibrary/11273686435	1	000221	11273686435	http://farm4.staticflickr.com/3757/11273686435_7a238cf369_m.jpg	240	205	http://farm4.staticflickr.com/3757/11273686435_7a238cf369.jpg	500	428	http://farm4.staticflickr.com/3757/11273686435_7a238cf369_b.jpg	1024	876	http://farm4.staticflickr.com/3757/11273686435_6ff97c5b37_o.jpg	1547	1323
0		Die amerikanische Nordpol-Expedition ... Mit zahlreichen Illustrationen in Holzschnitt, etc	BESSELS, Emil.		Leipzig	000303634		1879	http://www.flickr.com/photos/britishlibrary/11273729526	1	000432	11273729526	http://farm8.staticflickr.com/7334/11273729526_c903943137_m.jpg	186	240	http://farm8.staticflickr.com/7334/11273729526_c903943137.jpg	388	500	http://farm8.staticflickr.com/7334/11273729526_c903943137_b.jpg	795	1024	http://farm8.staticflickr.com/7334/11273729526_e8b4546835_o.jpg	1153	1486
0		Очерки Русской Исторіи въ памятникахъ быта. pt. 1, 2	POLEVOI, Petr Nikolaevich.		С.-Петербургъ	002948284		1879	http://www.flickr.com/photos/britishlibrary/11273795513	1	000316	11273795513	http://farm8.staticflickr.com/7403/11273795513_dfc51dfc73_m.jpg	106	240	http://farm8.staticflickr.com/7403/11273795513_dfc51dfc73.jpg	222	500	http://farm8.staticflickr.com/7403/11273795513_dfc51dfc73_b.jpg	454	1024	http://farm8.staticflickr.com/7403/11273795513_33e89d2806_o.jpg	703	1585
02		Paris à travers les siècles. Histoire nationale de Paris et des Parisiens depuis la fondation de Lutèce jusqu'à nos jours, etc	GOURDON DE GENOUILLAC, Nicolas Jules Henri.		Paris	001476975		1879	http://www.flickr.com/photos/britishlibrary/11273795193	1	001209	11273795193	http://farm4.staticflickr.com/3813/11273795193_466463d617_m.jpg	240	201	http://farm4.staticflickr.com/3813/11273795193_466463d617.jpg	500	419	http://farm4.staticflickr.com/3813/11273795193_466463d617_b.jpg	1024	859	http://farm4.staticflickr.com/3813/11273795193_e6578243e4_o.jpg	1307	1096
02	D. Appleton & Co.	[Appleton's European Guide Book illustrated. Including England, Scotland, and Ireland, France, Belgium, Holland, Northern and Southern Germany, Switzerland, Italy, Spain and Portugal, Russia, Denmark, Norway, and Sweden. Containing ... maps, etc.]	APPLETON, Daniel AND CO	lsidyv3cbe7355	New York; Longmans & Co	000100280	ark:/81055/vdc_00000005D9DE	1879	http://www.flickr.com/photos/britishlibrary/11273794413	1	000307	11273794413	http://farm3.staticflickr.com/2818/11273794413_45084a4696_m.jpg	179	240	http://farm3.staticflickr.com/2818/11273794413_45084a4696.jpg	372	500	http://farm3.staticflickr.com/2818/11273794413_45084a4696_b.jpg	762	1024	http://farm3.staticflickr.com/2818/11273794413_3e3527f629_o.jpg	955	1284
0		Les Vieilles Villes de Suisse. Notes et souvenirs. Ouvrage illustré de 105 dessins à la plume par A. Robida reproduits en fac-simile	ROBIDA, Albert.		Paris	003121715		1879	http://www.flickr.com/photos/britishlibrary/11273747704	1	000115	11273747704	http://farm4.staticflickr.com/3784/11273747704_3a8cb4964f_m.jpg	240	228	http://farm4.staticflickr.com/3784/11273747704_3a8cb4964f.jpg	500	474	http://farm4.staticflickr.com/3784/11273747704_3a8cb4964f_b.jpg	1024	971	http://farm4.staticflickr.com/3784/11273747704_af03873907_o.jpg	1383	1311
01	American News Company	Round the world with General Grant. A narrative of the visit of General U. S. Grant ... to various countries ... in 1877, 1878, 1879. To which are added certain conversations with General Grant on questions connected with American politics and history ... With ... illustrations	YOUNG, John Russell.		New York	004002305		1879	http://www.flickr.com/photos/britishlibrary/11273793843	1	000030	11273793843	http://farm4.staticflickr.com/3816/11273793843_cec736e67d_m.jpg	150	240	http://farm4.staticflickr.com/3816/11273793843_cec736e67d.jpg	312	500	http://farm4.staticflickr.com/3816/11273793843_cec736e67d_b.jpg	639	1024	http://farm4.staticflickr.com/3816/11273793843_0a99de1df8_o.jpg	1056	1692
0	Cassell, Petter, Galpin & Co.	Morocco: its people and places ... Translated by C. Rollin-Tilton. With ... illustrations	AMICIS, Edmondo de.	lsidyv3c6b00d2	London	000070870	ark:/81055/vdc_00000005AC0C	1879	http://www.flickr.com/photos/britishlibrary/11273682785	1	000101	11273682785	http://farm3.staticflickr.com/2843/11273682785_a000a9b8b3_m.jpg	95	240	http://farm3.staticflickr.com/2843/11273682785_a000a9b8b3.jpg	198	500	http://farm3.staticflickr.com/2843/11273682785_a000a9b8b3_b.jpg	406	1024	http://farm3.staticflickr.com/2843/11273682785_3d9f9edbb9_o.jpg	768	1938
03		Black but Comely, or the Adventures of Jane Lee	MELVILLE, George John Whyte.	lsidyv3b5e6162	London	002454856	ark:/81055/vdc_00000004F17C	1879	http://www.flickr.com/photos/britishlibrary/11273682465	1	000314	11273682465	http://farm4.staticflickr.com/3803/11273682465_4b11a3fb73_m.jpg	240	221	http://farm4.staticflickr.com/3803/11273682465_4b11a3fb73.jpg	500	461	http://farm4.staticflickr.com/3803/11273682465_4b11a3fb73_b.jpg	1024	944	http://farm4.staticflickr.com/3803/11273682465_616eda8623_o.jpg	1400	1291
01	L. H. Everts	History of the Connecticut Valley in Massachusetts (by N. B. Sylvester), with illustrations and biographical sketches of some of its prominent men and pioneers [by other authors]	SYLVESTER, Nathaniel Bartlett.		Philadelphia	003562080		1879	http://www.flickr.com/photos/britishlibrary/11273681895	1	000274	11273681895	http://farm6.staticflickr.com/5506/11273681895_dfc962a28a_m.jpg	240	199	http://farm6.staticflickr.com/5506/11273681895_dfc962a28a.jpg	500	416	http://farm6.staticflickr.com/5506/11273681895_dfc962a28a_b.jpg	1024	851	http://farm6.staticflickr.com/5506/11273681895_b8d5d93054_o.jpg	1376	1143
0		Camp life on the Weser	TOMLINSON, Harry and POWELL (James)	lsidyv3bbdaca6	London	003651567	ark:/81055/vdc_000000053B08	1879	http://www.flickr.com/photos/britishlibrary/11273680995	1	000036	11273680995	http://farm6.staticflickr.com/5519/11273680995_aaa4e8f26f_m.jpg	210	240	http://farm6.staticflickr.com/5519/11273680995_aaa4e8f26f.jpg	438	500	http://farm6.staticflickr.com/5519/11273680995_aaa4e8f26f_b.jpg	897	1024	http://farm6.staticflickr.com/5519/11273680995_6eebd1db4d_o.jpg	1091	1245
0	W. & A. K. Johnston	Johnston's Handbook to the Terrestrial Globe	JOHNSTON, Alexander Keith the Younger	lsidyv3ca2d1a6	Edinburgh	001888259	ark:/81055/vdc_00000005C7DE	1879	http://www.flickr.com/photos/britishlibrary/11273724206	1	000047	11273724206	http://farm8.staticflickr.com/7316/11273724206_6faa10121b_m.jpg	211	240	http://farm8.staticflickr.com/7316/11273724206_6faa10121b.jpg	440	500	http://farm8.staticflickr.com/7316/11273724206_6faa10121b_b.jpg	901	1024	http://farm8.staticflickr.com/7316/11273724206_914355f475_o.jpg	1161	1319
01	American News Company	Round the world with General Grant. A narrative of the visit of General U. S. Grant ... to various countries ... in 1877, 1878, 1879. To which are added certain conversations with General Grant on questions connected with American politics and history ... With ... illustrations	YOUNG, John Russell.		New York	004002305		1879	http://www.flickr.com/photos/britishlibrary/11273744544	1	000314	11273744544	http://farm6.staticflickr.com/5501/11273744544_5007886fe2_m.jpg	161	240	http://farm6.staticflickr.com/5501/11273744544_5007886fe2.jpg	335	500	http://farm6.staticflickr.com/5501/11273744544_5007886fe2_b.jpg	687	1024	http://farm6.staticflickr.com/5501/11273744544_360fc12796_o.jpg	1138	1695
0		The History of France, from the earliest times to the outbreak of the Revolution. Abridged from ... R. Black's translation of ... Guizot's larger history. With chronological index, ... tables, portraits ... By G. Masson, etc	GUIZOT, François Pierre Guillaume.		London	001541681		1879	http://www.flickr.com/photos/britishlibrary/11273679105	1	000423	11273679105	http://farm6.staticflickr.com/5486/11273679105_f7f5b44782_m.jpg	174	240	http://farm6.staticflickr.com/5486/11273679105_f7f5b44782.jpg	362	500	http://farm6.staticflickr.com/5486/11273679105_f7f5b44782_b.jpg	742	1024	http://farm6.staticflickr.com/5486/11273679105_753202cc9c_o.jpg	1011	1396
0	Religious Tract Society	English Pictures drawn with pen and pencil	MANNING, Samuel LL.D. and GREEN (Samuel Gosnell)	lsidyv3c492c1d	London	002369135	ark:/81055/vdc_000000059460	1879	http://www.flickr.com/photos/britishlibrary/11273790153	1	000228	11273790153	http://farm8.staticflickr.com/7379/11273790153_33fe390dc8_m.jpg	157	240	http://farm8.staticflickr.com/7379/11273790153_33fe390dc8.jpg	327	500	http://farm8.staticflickr.com/7379/11273790153_33fe390dc8_b.jpg	670	1024	http://farm8.staticflickr.com/7379/11273790153_22025f7cfa_o.jpg	1055	1613
01		[Traditions of Lancashire ... Illustrated ... Fourth edition.]	ROBY, John.		London and Edinburgh	003126958		1879	http://www.flickr.com/photos/britishlibrary/11273789733	1	000047	11273789733	http://farm4.staticflickr.com/3825/11273789733_e7966c711a_m.jpg	236	240	http://farm4.staticflickr.com/3825/11273789733_e7966c711a.jpg	491	500	http://farm4.staticflickr.com/3825/11273789733_e7966c711a_b.jpg	1006	1024	http://farm4.staticflickr.com/3825/11273789733_735a2fddcd_o.jpg	1157	1178
02	John Wiley & Sons	The Middle Kingdom; a survey of the geography, government, education, social life, arts, religion, &c. of the Chinese Empire and its inhabitants. With a new map of the Empire	WILLIAMS, Samuel Wells.		New York	003936389		1879	http://www.flickr.com/photos/britishlibrary/11273720956	1	000122	11273720956	http://farm6.staticflickr.com/5485/11273720956_bbd99ecc40_m.jpg	240	238	http://farm6.staticflickr.com/5485/11273720956_bbd99ecc40.jpg	500	496	http://farm6.staticflickr.com/5485/11273720956_bbd99ecc40_b.jpg	1024	1015	http://farm6.staticflickr.com/5485/11273720956_867d63e7a3_o.jpg	1316	1304
0	Lewis, Peck & Co.	History of Steuben County, New York, with illustrations and biographical sketches of some of its prominent men and pioneers	CLAYTON, W. Woodford.		Philadelphia	000719876		1879	http://www.flickr.com/photos/britishlibrary/11273742084	1	000520	11273742084	http://farm4.staticflickr.com/3693/11273742084_384133849a_m.jpg	240	141	http://farm4.staticflickr.com/3693/11273742084_384133849a.jpg	500	293	http://farm4.staticflickr.com/3693/11273742084_384133849a_b.jpg	1024	601	http://farm4.staticflickr.com/3693/11273742084_9275f1cc9f_o.jpg	1415	831
01		Paris à travers les siècles. Histoire nationale de Paris et des Parisiens depuis la fondation de Lutèce jusqu'à nos jours, etc	GOURDON DE GENOUILLAC, Nicolas Jules Henri.		Paris	001476975		1879	http://www.flickr.com/photos/britishlibrary/11273788423	1	000161	11273788423	http://farm6.staticflickr.com/5536/11273788423_51e9fa6f8c_m.jpg	185	240	http://farm6.staticflickr.com/5536/11273788423_51e9fa6f8c.jpg	386	500	http://farm6.staticflickr.com/5536/11273788423_51e9fa6f8c_b.jpg	790	1024	http://farm6.staticflickr.com/5536/11273788423_2324682363_o.jpg	1027	1331
0	Everts & Abbott	History of Hillsdale County, Michigan, with illustrations and biographical sketches of some of its prominent men, etc	Johnson, Crisfield.		Philadelphia	001884500		1879	http://www.flickr.com/photos/britishlibrary/11273720186	2	000218	11273720186	http://farm3.staticflickr.com/2810/11273720186_972ffe754f_m.jpg	240	203	http://farm3.staticflickr.com/2810/11273720186_972ffe754f.jpg	500	424	http://farm3.staticflickr.com/2810/11273720186_972ffe754f_b.jpg	1024	868	http://farm3.staticflickr.com/2810/11273720186_fb3b819205_o.jpg	1191	1010
0		[Brazil and the Brazilians ... in historical and descriptive sketches ... Engravings.]	KIDDER, Daniel Parish and FLETCHER (James C.)		London	001961854		1879	http://www.flickr.com/photos/britishlibrary/11273787263	1	000203	11273787263	http://farm3.staticflickr.com/2822/11273787263_a50e294aa8_m.jpg	135	240	http://farm3.staticflickr.com/2822/11273787263_a50e294aa8.jpg	282	500	http://farm3.staticflickr.com/2822/11273787263_a50e294aa8_b.jpg	578	1024	http://farm3.staticflickr.com/2822/11273787263_2bdfe9484f_o.jpg	783	1387
01		Sahărâ und Sûdân. Ergebnisse sechsjähriger Reisen in Afrika. (Thl. 3 herausgegeben von E. Groddeck.)	NACHTIGAL, Gustav.		Berlin	002599811		1879	http://www.flickr.com/photos/britishlibrary/11273739824	1	000130	11273739824	http://farm4.staticflickr.com/3736/11273739824_dd80b17a54_m.jpg	190	240	http://farm4.staticflickr.com/3736/11273739824_dd80b17a54.jpg	396	500	http://farm4.staticflickr.com/3736/11273739824_dd80b17a54_b.jpg	811	1024	http://farm4.staticflickr.com/3736/11273739824_29f818d799_o.jpg	1233	1556
07		Geschiedenis van Amsterdam	GOUW, Jan ter.		Amsterdam	001477539		1879	http://www.flickr.com/photos/britishlibrary/11273738354	1	000012	11273738354	http://farm3.staticflickr.com/2891/11273738354_6540c6bf7a_m.jpg	240	175	http://farm3.staticflickr.com/2891/11273738354_6540c6bf7a.jpg	500	365	http://farm3.staticflickr.com/2891/11273738354_6540c6bf7a_b.jpg	1024	748	http://farm3.staticflickr.com/2891/11273738354_207a0716f1_o.jpg	1550	1132
02	J. B. Lippincott & Co.	History of Princeton and its institutions. ... Illustrated with ... engravings Second edition	HAGEMAN, John Frelinghuysen.		Philadelphia	001560548		1879	http://www.flickr.com/photos/britishlibrary/11273738964	1	000293	11273738964	http://farm6.staticflickr.com/5536/11273738964_646037e295_m.jpg	240	200	http://farm6.staticflickr.com/5536/11273738964_646037e295.jpg	500	416	http://farm6.staticflickr.com/5536/11273738964_646037e295_b.jpg	1024	852	http://farm6.staticflickr.com/5536/11273738964_b932c219a9_o.jpg	1575	1311
0	Western Historical Company	The History of Jackson County, Iowa ... Illustrated			Chicago	001833692		1879	http://www.flickr.com/photos/britishlibrary/11273717616	1	000509	11273717616	http://farm8.staticflickr.com/7409/11273717616_009dd0b548_m.jpg	240	160	http://farm8.staticflickr.com/7409/11273717616_009dd0b548.jpg	500	333	http://farm8.staticflickr.com/7409/11273717616_009dd0b548_b.jpg	1024	682	http://farm8.staticflickr.com/7409/11273717616_e7a79b6dae_o.jpg	1786	1190
0	Wesleyan Conference Office	Rambles in Bible Lands	NEWTON, Richard D.D., Rector of St. Paul's Church, Philadelphia	lsidyv3ca35e3a	London	002646495	ark:/81055/vdc_00000005C826	1879	http://www.flickr.com/photos/britishlibrary/11273784213	1	000140	11273784213	http://farm8.staticflickr.com/7293/11273784213_e6a14edef8_m.jpg	208	240	http://farm8.staticflickr.com/7293/11273784213_e6a14edef8.jpg	434	500	http://farm8.staticflickr.com/7293/11273784213_e6a14edef8_b.jpg	888	1024	http://farm8.staticflickr.com/7293/11273784213_207b240374_o.jpg	1171	1350
0	Everts & Abbott	History of Hillsdale County, Michigan, with illustrations and biographical sketches of some of its prominent men, etc	Johnson, Crisfield.		Philadelphia	001884500		1879	http://www.flickr.com/photos/britishlibrary/11273783673	2	000355	11273783673	http://farm4.staticflickr.com/3757/11273783673_c8291abb0b_m.jpg	240	197	http://farm4.staticflickr.com/3757/11273783673_c8291abb0b.jpg	500	411	http://farm4.staticflickr.com/3757/11273783673_c8291abb0b_b.jpg	1024	841	http://farm4.staticflickr.com/3757/11273783673_21e159b309_o.jpg	1173	963
0	Religious Tract Society	English Pictures drawn with pen and pencil	MANNING, Samuel LL.D. and GREEN (Samuel Gosnell)	lsidyv3c492c1d	London	002369135	ark:/81055/vdc_000000059460	1879	http://www.flickr.com/photos/britishlibrary/11273736324	2	000026	11273736324	http://farm4.staticflickr.com/3807/11273736324_f1f1bac5e2_m.jpg	163	240	http://farm4.staticflickr.com/3807/11273736324_f1f1bac5e2.jpg	340	500	http://farm4.staticflickr.com/3807/11273736324_f1f1bac5e2_b.jpg	696	1024	http://farm4.staticflickr.com/3807/11273736324_f0d2bf4d67_o.jpg	883	1300
0	N. D. Thompson & Co.	A Pictorial History of Texas, from the earliest visits of European adventurers to A.D. 1879 ... Third edition, ... revised	THRALL, Homer S.		St. Louis, Mo	003632148		1879	http://www.flickr.com/photos/britishlibrary/11273735554	1	000601	11273735554	http://farm3.staticflickr.com/2870/11273735554_f6e8156eea_m.jpg	240	202	http://farm3.staticflickr.com/2870/11273735554_f6e8156eea.jpg	500	421	http://farm3.staticflickr.com/2870/11273735554_f6e8156eea_b.jpg	1024	863	http://farm3.staticflickr.com/2870/11273735554_b0fee4de4a_o.jpg	1602	1350
0	W. Mullan & Son	Winifred Martin. A story of English family life ... With illustrations, etc	BROOK, afterwards ROSS, Ellen.		London & Belfast	000486054		1879	http://www.flickr.com/photos/britishlibrary/11273670415	1	000408	11273670415	http://farm8.staticflickr.com/7366/11273670415_e3ededcaf3_m.jpg	240	202	http://farm8.staticflickr.com/7366/11273670415_e3ededcaf3.jpg	500	420	http://farm8.staticflickr.com/7366/11273670415_e3ededcaf3_b.jpg	1024	860	http://farm8.staticflickr.com/7366/11273670415_7bf0a1c12c_o.jpg	1281	1076
0		A History of the Town of Franklin, Mass.; from its settlement to the completion of its first century, 2d March, 1878; with genealogical notices of its earliest families, sketches of its professional men, and a report of the centennial celebration. By Mortimer Blake	BLAKE, Mortimer.		Franklin	001311432		1879	http://www.flickr.com/photos/britishlibrary/11273670495	1	000357	11273670495	http://farm6.staticflickr.com/5541/11273670495_6fd9fa2709_m.jpg	240	171	http://farm6.staticflickr.com/5541/11273670495_6fd9fa2709.jpg	500	356	http://farm6.staticflickr.com/5541/11273670495_6fd9fa2709_b.jpg	1024	730	http://farm6.staticflickr.com/5541/11273670495_6c2a590a9d_o.jpg	1523	1086
01	L. H. Everts	History of the Connecticut Valley in Massachusetts (by N. B. Sylvester), with illustrations and biographical sketches of some of its prominent men and pioneers [by other authors]	SYLVESTER, Nathaniel Bartlett.		Philadelphia	003562080		1879	http://www.flickr.com/photos/britishlibrary/11273780983	1	000654	11273780983	http://farm8.staticflickr.com/7446/11273780983_b40c13a787_m.jpg	240	209	http://farm8.staticflickr.com/7446/11273780983_b40c13a787.jpg	500	435	http://farm8.staticflickr.com/7446/11273780983_b40c13a787_b.jpg	1024	890	http://farm8.staticflickr.com/7446/11273780983_263493fbc8_o.jpg	1313	1141
02		A magyar nemzet története. I. kötet írta Bodon J. és Dr. Szalay J. (II.-IV.) kötet, írta Dr. Szalay J.) [With portraits.]	BODON, József and SZALAY (József)		Budapest	000389221		1879	http://www.flickr.com/photos/britishlibrary/11273733574	1	000261	11273733574	http://farm6.staticflickr.com/5506/11273733574_0f9610a24e_m.jpg	240	210	http://farm6.staticflickr.com/5506/11273733574_0f9610a24e.jpg	500	438	http://farm6.staticflickr.com/5506/11273733574_0f9610a24e_b.jpg	1024	898	http://farm6.staticflickr.com/5506/11273733574_bb91c6d164_o.jpg	1555	1363
0		Les Rues du vieux Paris. Galerie populaire et pittoresque ... Ouvrage illustré de 165 gravures sur bois	FOURNEL, Victor.		Paris	001279089		1879	http://www.flickr.com/photos/britishlibrary/11273712786	1	000418	11273712786	http://farm4.staticflickr.com/3731/11273712786_f2c3d90b04_m.jpg	240	173	http://farm4.staticflickr.com/3731/11273712786_f2c3d90b04.jpg	500	360	http://farm4.staticflickr.com/3731/11273712786_f2c3d90b04_b.jpg	1024	737	http://farm4.staticflickr.com/3731/11273712786_fbc2c0e6f1_o.jpg	1400	1007
0	Lewis, Peck & Co.	History of Steuben County, New York, with illustrations and biographical sketches of some of its prominent men and pioneers	CLAYTON, W. Woodford.		Philadelphia	000719876		1879	http://www.flickr.com/photos/britishlibrary/11273778963	1	000624	11273778963	http://farm6.staticflickr.com/5545/11273778963_54a778abf4_m.jpg	240	215	http://farm6.staticflickr.com/5545/11273778963_54a778abf4.jpg	500	448	http://farm6.staticflickr.com/5545/11273778963_54a778abf4_b.jpg	1024	918	http://farm6.staticflickr.com/5545/11273778963_3e025957f5_o.jpg	1491	1336
01		Sahărâ und Sûdân. Ergebnisse sechsjähriger Reisen in Afrika. (Thl. 3 herausgegeben von E. Groddeck.)	NACHTIGAL, Gustav.		Berlin	002599811		1879	http://www.flickr.com/photos/britishlibrary/11273667555	1	000617	11273667555	http://farm4.staticflickr.com/3721/11273667555_3e623aa426_m.jpg	170	240	http://farm4.staticflickr.com/3721/11273667555_3e623aa426.jpg	354	500	http://farm4.staticflickr.com/3721/11273667555_3e623aa426_b.jpg	726	1024	http://farm4.staticflickr.com/3721/11273667555_b12346fc6d_o.jpg	1015	1432
0		Viaje á la Patagonia austral emprendido bajo los auspicios del Gobierno Nacional 1876-1877. tom. 1	MORENO, Francisco Josué Pascasio.		Buenos Aires	002546654		1879	http://www.flickr.com/photos/britishlibrary/11273731354	1	000156	11273731354	http://farm6.staticflickr.com/5548/11273731354_7b4152123a_m.jpg	174	240	http://farm6.staticflickr.com/5548/11273731354_7b4152123a.jpg	362	500	http://farm6.staticflickr.com/5548/11273731354_7b4152123a_b.jpg	742	1024	http://farm6.staticflickr.com/5548/11273731354_8ee35d8fb0_o.jpg	1068	1473
0	Religious Tract Society	English Pictures drawn with pen and pencil	MANNING, Samuel LL.D. and GREEN (Samuel Gosnell)	lsidyv3c492c1d	London	002369135	ark:/81055/vdc_000000059460	1879	http://www.flickr.com/photos/britishlibrary/11273731144	1	000045	11273731144	http://farm4.staticflickr.com/3694/11273731144_07785a4bcc_m.jpg	240	175	http://farm4.staticflickr.com/3694/11273731144_07785a4bcc.jpg	500	365	http://farm4.staticflickr.com/3694/11273731144_07785a4bcc_b.jpg	1024	748	http://farm4.staticflickr.com/3694/11273731144_b1aca552b1_o.jpg	1523	1113
0		Die amerikanische Nordpol-Expedition ... Mit zahlreichen Illustrationen in Holzschnitt, etc	BESSELS, Emil.		Leipzig	000303634		1879	http://www.flickr.com/photos/britishlibrary/11273777033	1	000336	11273777033	http://farm8.staticflickr.com/7456/11273777033_9b26864a59_m.jpg	202	240	http://farm8.staticflickr.com/7456/11273777033_9b26864a59.jpg	420	500	http://farm8.staticflickr.com/7456/11273777033_9b26864a59_b.jpg	860	1024	http://farm8.staticflickr.com/7456/11273777033_c2c10ab9b9_o.jpg	1212	1443
0	[Ward, Lock & Co.	[Charles O'Malley, the Irish Dragoon. Edited by Harry Lorrequer. [By C. J. L.]]	LEVER, Charles James.		London,] Perth [printed	002150760		1879	http://www.flickr.com/photos/britishlibrary/11273665585	1	000058	11273665585	http://farm8.staticflickr.com/7366/11273665585_239be39628_m.jpg	240	172	http://farm8.staticflickr.com/7366/11273665585_239be39628.jpg	500	359	http://farm8.staticflickr.com/7366/11273665585_239be39628_b.jpg	1024	735	http://farm8.staticflickr.com/7366/11273665585_d18126d3a6_o.jpg	1278	917
0	Everts & Abbott	History of Hillsdale County, Michigan, with illustrations and biographical sketches of some of its prominent men, etc	Johnson, Crisfield.		Philadelphia	001884500		1879	http://www.flickr.com/photos/britishlibrary/11273775753	1	000192	11273775753	http://farm3.staticflickr.com/2864/11273775753_e1de6a3ffa_m.jpg	240	195	http://farm3.staticflickr.com/2864/11273775753_e1de6a3ffa.jpg	500	407	http://farm3.staticflickr.com/2864/11273775753_e1de6a3ffa_b.jpg	1024	833	http://farm3.staticflickr.com/2864/11273775753_33a5453c25_o.jpg	1202	978
0	Wesleyan Conference Office	Rambles in Bible Lands	NEWTON, Richard D.D., Rector of St. Paul's Church, Philadelphia	lsidyv3ca35e3a	London	002646495	ark:/81055/vdc_00000005C826	1879	http://www.flickr.com/photos/britishlibrary/11273664575	1	000171	11273664575	http://farm6.staticflickr.com/5483/11273664575_3d049ffda3_m.jpg	235	240	http://farm6.staticflickr.com/5483/11273664575_3d049ffda3.jpg	490	500	http://farm6.staticflickr.com/5483/11273664575_3d049ffda3_b.jpg	1003	1024	http://farm6.staticflickr.com/5483/11273664575_2740972322_o.jpg	1015	1036
02	L. H. Everts	History of the Connecticut Valley in Massachusetts (by N. B. Sylvester), with illustrations and biographical sketches of some of its prominent men and pioneers [by other authors]	SYLVESTER, Nathaniel Bartlett.		Philadelphia	003562080		1879	http://www.flickr.com/photos/britishlibrary/11273728374	1	000383	11273728374	http://farm4.staticflickr.com/3822/11273728374_c1b010895c_m.jpg	216	240	http://farm4.staticflickr.com/3822/11273728374_c1b010895c.jpg	449	500	http://farm4.staticflickr.com/3822/11273728374_c1b010895c_b.jpg	920	1024	http://farm4.staticflickr.com/3822/11273728374_f731b67672_o.jpg	1022	1137
0	Cassell, Petter, Galpin & Co.	Morocco: its people and places ... Translated by C. Rollin-Tilton. With ... illustrations	AMICIS, Edmondo de.	lsidyv3c6b00d2	London	000070870	ark:/81055/vdc_00000005AC0C	1879	http://www.flickr.com/photos/britishlibrary/11273706726	1	000110	11273706726	http://farm8.staticflickr.com/7397/11273706726_5898f074f1_m.jpg	123	240	http://farm8.staticflickr.com/7397/11273706726_5898f074f1.jpg	255	500	http://farm8.staticflickr.com/7397/11273706726_5898f074f1_b.jpg	523	1024	http://farm8.staticflickr.com/7397/11273706726_b9e8b59504_o.jpg	1000	1957
01	Tinsley Brothers	Berlin under the New Empire, its institutions, inhabitants, industry ... With ... engravings, etc	VIZETELLY, Henry.		London	003807524		1879	http://www.flickr.com/photos/britishlibrary/11273663025	1	000142	11273663025	http://farm8.staticflickr.com/7456/11273663025_7089e4efe2_m.jpg	240	235	http://farm8.staticflickr.com/7456/11273663025_7089e4efe2.jpg	500	490	http://farm8.staticflickr.com/7456/11273663025_7089e4efe2_b.jpg	1024	1003	http://farm8.staticflickr.com/7456/11273663025_4d92d54a53_o.jpg	1052	1030
02	D. Appleton & Co.	[Appleton's European Guide Book illustrated. Including England, Scotland, and Ireland, France, Belgium, Holland, Northern and Southern Germany, Switzerland, Italy, Spain and Portugal, Russia, Denmark, Norway, and Sweden. Containing ... maps, etc.]	APPLETON, Daniel AND CO	lsidyv3cbe7355	New York; Longmans & Co	000100280	ark:/81055/vdc_00000005D9DE	1879	http://www.flickr.com/photos/britishlibrary/11273662195	1	000391	11273662195	http://farm4.staticflickr.com/3676/11273662195_7a52410ff6_m.jpg	168	240	http://farm4.staticflickr.com/3676/11273662195_7a52410ff6.jpg	350	500	http://farm4.staticflickr.com/3676/11273662195_7a52410ff6_b.jpg	717	1024	http://farm4.staticflickr.com/3676/11273662195_b37edbdc6c_o.jpg	896	1280
0	A. Gardner	That Loon o' Baxter's: a tale of Scottish Life	SKINNER, William Rev., of Chigwell Row		Paisley	003403206		1879	http://www.flickr.com/photos/britishlibrary/11273661585	1	000008	11273661585	http://farm3.staticflickr.com/2825/11273661585_dc64cc468d_m.jpg	240	146	http://farm3.staticflickr.com/2825/11273661585_dc64cc468d.jpg	500	305	http://farm3.staticflickr.com/2825/11273661585_dc64cc468d_b.jpg	1024	625	http://farm3.staticflickr.com/2825/11273661585_04eb1a2531_o.jpg	1762	1075
0	C. C. Chapman & Co.	History of Fulton County, together with sketches of its cities, villages and townships, ... and biographies ... History of Illinois ... Illustrated			Peoria	001341605		1879	http://www.flickr.com/photos/britishlibrary/11273771533	1	000637	11273771533	http://farm4.staticflickr.com/3719/11273771533_7419efedf6_m.jpg	150	240	http://farm4.staticflickr.com/3719/11273771533_7419efedf6.jpg	312	500	http://farm4.staticflickr.com/3719/11273771533_7419efedf6_b.jpg	638	1024	http://farm4.staticflickr.com/3719/11273771533_6cc5e6e3ea_o.jpg	1045	1676
01	Tinsley Brothers	Berlin under the New Empire, its institutions, inhabitants, industry ... With ... engravings, etc	VIZETELLY, Henry.		London	003807524		1879	http://www.flickr.com/photos/britishlibrary/11273771553	1	000290	11273771553	http://farm4.staticflickr.com/3685/11273771553_60d828228a_m.jpg	240	211	http://farm4.staticflickr.com/3685/11273771553_60d828228a.jpg	500	440	http://farm4.staticflickr.com/3685/11273771553_60d828228a_b.jpg	1024	902	http://farm4.staticflickr.com/3685/11273771553_7bbcf01f39_o.jpg	1491	1313
01	Tinsley Brothers	Berlin under the New Empire, its institutions, inhabitants, industry ... With ... engravings, etc	VIZETELLY, Henry.		London	003807524		1879	http://www.flickr.com/photos/britishlibrary/11273659595	1	000255	11273659595	http://farm6.staticflickr.com/5528/11273659595_7e8162dfde_m.jpg	240	191	http://farm6.staticflickr.com/5528/11273659595_7e8162dfde.jpg	500	397	http://farm6.staticflickr.com/5528/11273659595_7e8162dfde_b.jpg	1024	814	http://farm6.staticflickr.com/5528/11273659595_a4b5c740f9_o.jpg	1422	1131
0	Seton and Mackenzie	History of the Burgh of Canongate, with notices of the Abbey and Palace of Holyrood	MACKAY, John of Edinburgh		Edinburgh	002320355		1879	http://www.flickr.com/photos/britishlibrary/11273658795	1	000169	11273658795	http://farm6.staticflickr.com/5540/11273658795_8b25bfb5b0_m.jpg	220	240	http://farm6.staticflickr.com/5540/11273658795_8b25bfb5b0.jpg	458	500	http://farm6.staticflickr.com/5540/11273658795_8b25bfb5b0_b.jpg	937	1024	http://farm6.staticflickr.com/5540/11273658795_06f777c369_o.jpg	1067	1166
01	D. Appleton & Co.	[Appleton's European Guide Book illustrated. Including England, Scotland, and Ireland, France, Belgium, Holland, Northern and Southern Germany, Switzerland, Italy, Spain and Portugal, Russia, Denmark, Norway, and Sweden. Containing ... maps, etc.]	APPLETON, Daniel AND CO	lsidyv3cbe7355	New York; Longmans & Co	000100280	ark:/81055/vdc_00000005D9DE	1879	http://www.flickr.com/photos/britishlibrary/11273702826	1	000147	11273702826	http://farm6.staticflickr.com/5535/11273702826_ddafc83f41_m.jpg	203	240	http://farm6.staticflickr.com/5535/11273702826_ddafc83f41.jpg	422	500	http://farm6.staticflickr.com/5535/11273702826_ddafc83f41_b.jpg	865	1024	http://farm6.staticflickr.com/5535/11273702826_b67f7276b4_o.jpg	1041	1233
0		Up the Amazon and Madeira Rivers, through Bolivia and Peru	MATHEWS, Edward Davis.		London	002421157		1879	http://www.flickr.com/photos/britishlibrary/11273768713	1	000401	11273768713	http://farm8.staticflickr.com/7382/11273768713_1f2a355fa4_m.jpg	196	240	http://farm8.staticflickr.com/7382/11273768713_1f2a355fa4.jpg	408	500	http://farm8.staticflickr.com/7382/11273768713_1f2a355fa4_b.jpg	835	1024	http://farm8.staticflickr.com/7382/11273768713_f2ac197a33_o.jpg	1090	1337
01		Paris à travers les siècles. Histoire nationale de Paris et des Parisiens depuis la fondation de Lutèce jusqu'à nos jours, etc	GOURDON DE GENOUILLAC, Nicolas Jules Henri.		Paris	001476975		1879	http://www.flickr.com/photos/britishlibrary/11273656755	1	000183	11273656755	http://farm4.staticflickr.com/3770/11273656755_6a2e9518a5_m.jpg	240	195	http://farm4.staticflickr.com/3770/11273656755_6a2e9518a5.jpg	500	406	http://farm4.staticflickr.com/3770/11273656755_6a2e9518a5_b.jpg	1024	832	http://farm4.staticflickr.com/3770/11273656755_733d493ded_o.jpg	1318	1071
01	L. H. Everts	History of the Connecticut Valley in Massachusetts (by N. B. Sylvester), with illustrations and biographical sketches of some of its prominent men and pioneers [by other authors]	SYLVESTER, Nathaniel Bartlett.		Philadelphia	003562080		1879	http://www.flickr.com/photos/britishlibrary/11273701166	2	000345	11273701166	http://farm6.staticflickr.com/5546/11273701166_8a302d3314_m.jpg	92	240	http://farm6.staticflickr.com/5546/11273701166_8a302d3314.jpg	192	500	http://farm6.staticflickr.com/5546/11273701166_8a302d3314_b.jpg	394	1024	http://farm6.staticflickr.com/5546/11273701166_18cc3b9f46_o.jpg	658	1711
0		The Illustrated Guide to Sheffield and the surrounding district, etc	TAYLOR, John of Sheffield		Sheffield	003589731		1879	http://www.flickr.com/photos/britishlibrary/11273767443	5	000524	11273767443	http://farm4.staticflickr.com/3825/11273767443_089d858a16_m.jpg	240	121	http://farm4.staticflickr.com/3825/11273767443_089d858a16.jpg	500	252	http://farm4.staticflickr.com/3825/11273767443_089d858a16_b.jpg	1024	516	http://farm4.staticflickr.com/3825/11273767443_50c752b31e_o.jpg	1529	771
0	Sampson Low, etc.	Eldmuir: an Art-Story of Scottish Home-Life, Scenery and Incident. By J. Thompson, Junior. Illustrated with engravings after paintings of J. Thompson [Senior]. With an introductory notice by Ll. Jewitt	THOMPSON, Jacob the Younger		London	003623080		1879	http://www.flickr.com/photos/britishlibrary/11273719764	1	000010	11273719764	http://farm6.staticflickr.com/5546/11273719764_19df8f03f0_m.jpg	240	157	http://farm6.staticflickr.com/5546/11273719764_19df8f03f0.jpg	500	326	http://farm6.staticflickr.com/5546/11273719764_19df8f03f0_b.jpg	1024	668	http://farm6.staticflickr.com/5546/11273719764_e4c06f0a95_o.jpg	1665	1086
02	American News Company	Round the world with General Grant. A narrative of the visit of General U. S. Grant ... to various countries ... in 1877, 1878, 1879. To which are added certain conversations with General Grant on questions connected with American politics and history ... With ... illustrations	YOUNG, John Russell.		New York	004002305		1879	http://www.flickr.com/photos/britishlibrary/11273765193	1	000536	11273765193	http://farm4.staticflickr.com/3779/11273765193_c3f7c95b3f_m.jpg	150	240	http://farm4.staticflickr.com/3779/11273765193_c3f7c95b3f.jpg	313	500	http://farm4.staticflickr.com/3779/11273765193_c3f7c95b3f_b.jpg	642	1024	http://farm4.staticflickr.com/3779/11273765193_53e91a672f_o.jpg	1052	1677
0		Очерки Русской Исторіи въ памятникахъ быта. pt. 1, 2	POLEVOI, Petr Nikolaevich.		С.-Петербургъ	002948284		1879	http://www.flickr.com/photos/britishlibrary/11273719804	1	000377	11273719804	http://farm3.staticflickr.com/2812/11273719804_c4d0dd05b1_m.jpg	240	214	http://farm3.staticflickr.com/2812/11273719804_c4d0dd05b1.jpg	500	447	http://farm3.staticflickr.com/2812/11273719804_c4d0dd05b1_b.jpg	1024	915	http://farm3.staticflickr.com/2812/11273719804_6871f500c1_o.jpg	1432	1280
0		[Brazil and the Brazilians ... in historical and descriptive sketches ... Engravings.]	KIDDER, Daniel Parish and FLETCHER (James C.)		London	001961854		1879	http://www.flickr.com/photos/britishlibrary/11273652875	1	000527	11273652875	http://farm4.staticflickr.com/3829/11273652875_54b9aa0217_m.jpg	240	148	http://farm4.staticflickr.com/3829/11273652875_54b9aa0217.jpg	500	309	http://farm4.staticflickr.com/3829/11273652875_54b9aa0217_b.jpg	1024	633	http://farm4.staticflickr.com/3829/11273652875_b3f2dcd5a3_o.jpg	1335	825
01	D. Appleton & Co.	[Appleton's European Guide Book illustrated. Including England, Scotland, and Ireland, France, Belgium, Holland, Northern and Southern Germany, Switzerland, Italy, Spain and Portugal, Russia, Denmark, Norway, and Sweden. Containing ... maps, etc.]	APPLETON, Daniel AND CO	lsidyv3cbe7355	New York; Longmans & Co	000100280	ark:/81055/vdc_00000005D9DE	1879	http://www.flickr.com/photos/britishlibrary/11273763483	2	000653	11273763483	http://farm6.staticflickr.com/5471/11273763483_f254af1b12_m.jpg	184	240	http://farm6.staticflickr.com/5471/11273763483_f254af1b12.jpg	384	500	http://farm6.staticflickr.com/5471/11273763483_f254af1b12_b.jpg	787	1024	http://farm6.staticflickr.com/5471/11273763483_3306635425_o.jpg	971	1263
0	Harper & Bros.	What Mr. Darwin saw in his Voyage round The World in the Ship “Beagle.” [Compiled and adapted from “Journal of Researches into the Geology and Natural History of the Various Countries visited by H.M.S. Beagle, etc.”]	Darwin, Charles	lsidyv3c8ea4b0	New York	000868098	ark:/81055/vdc_00000005BB84	1879	http://www.flickr.com/photos/britishlibrary/11273652425	1	000210	11273652425	http://farm4.staticflickr.com/3697/11273652425_027be23ee4_m.jpg	240	236	http://farm4.staticflickr.com/3697/11273652425_027be23ee4.jpg	500	491	http://farm4.staticflickr.com/3697/11273652425_027be23ee4_b.jpg	1024	1006	http://farm4.staticflickr.com/3697/11273652425_d60426ff01_o.jpg	1277	1255
0		The Complete Guide to Clevedon and its vicinity ... with notes on the natural history of the neighbourhood. By R. S. S. Illustrated	S., R. S.		Clevedon	003213996		1879	http://www.flickr.com/photos/britishlibrary/11273715464	1	000226	11273715464	http://farm3.staticflickr.com/2883/11273715464_40c77370ed_m.jpg	240	180	http://farm3.staticflickr.com/2883/11273715464_40c77370ed.jpg	500	375	http://farm3.staticflickr.com/2883/11273715464_40c77370ed_b.jpg	1024	768	http://farm3.staticflickr.com/2883/11273715464_f2e9169537_o.jpg	1630	1222
01	William Mackenzie	The National Burns. Edited by Rev. George Gilfillan, including the airs of all the songs, and an original life of Burns by the editor. [With plates, including portraits.]	Burns, Robert		Glasgow	000543200		1879	http://www.flickr.com/photos/britishlibrary/11273650545	1	000334	11273650545	http://farm6.staticflickr.com/5509/11273650545_73d67b42e4_m.jpg	188	240	http://farm6.staticflickr.com/5509/11273650545_73d67b42e4.jpg	391	500	http://farm6.staticflickr.com/5509/11273650545_73d67b42e4_b.jpg	800	1024	http://farm6.staticflickr.com/5509/11273650545_6e3666c949_o.jpg	1102	1410
0	Everts & Ensign	History of Toga, Chemung, Tompkins, and Schuyler Counties, New York. With illustrations and biographical sketches of some of its prominent men and pioneers	PEIRCE, Henry B. and HURD (Duane Hamilton)		Philadelphia	002810116		1879	http://www.flickr.com/photos/britishlibrary/11273695596	1	000403	11273695596	http://farm3.staticflickr.com/2806/11273695596_6daf813184_m.jpg	240	189	http://farm3.staticflickr.com/2806/11273695596_6daf813184.jpg	500	395	http://farm3.staticflickr.com/2806/11273695596_6daf813184_b.jpg	1024	808	http://farm3.staticflickr.com/2806/11273695596_79e07dd24f_o.jpg	1246	983
0		The Illustrated Guide to Sheffield and the surrounding district, etc	TAYLOR, John of Sheffield		Sheffield	003589731		1879	http://www.flickr.com/photos/britishlibrary/11273693506	1	000536	11273693506	http://farm6.staticflickr.com/5495/11273693506_d779d367a2_m.jpg	154	240	http://farm6.staticflickr.com/5495/11273693506_d779d367a2.jpg	320	500	http://farm6.staticflickr.com/5495/11273693506_d779d367a2_b.jpg	656	1024	http://farm6.staticflickr.com/5495/11273693506_4a8b8f126c_o.jpg	906	1415
0	J. A. & R. A. Reid	The Past and the Present. Narragansett sea and shore. An illustrated guide to Providence, Newport, Narragansett Pier, Block Island, Watch Hill, Rocky Point, Silver Spring, and all the famous sea-side resorts of Rhode Island, with a map of Narragansett Bay	DENISON, Frederic.		Providence	000908069		1879	http://www.flickr.com/photos/britishlibrary/11273648885	2	000051	11273648885	http://farm6.staticflickr.com/5531/11273648885_a9bcc18702_m.jpg	240	194	http://farm6.staticflickr.com/5531/11273648885_a9bcc18702.jpg	500	404	http://farm6.staticflickr.com/5531/11273648885_a9bcc18702_b.jpg	1024	827	http://farm6.staticflickr.com/5531/11273648885_309995b05a_o.jpg	1297	1047
0	A. Williams & Co.	History of the town of Hollis, New Hampshire, from its first settlement to ... 1879. ... Illustrated, etc	WORCESTER, Samuel T.		Boston [Mass.]	003975907		1879	http://www.flickr.com/photos/britishlibrary/11273692046	1	000256	11273692046	http://farm4.staticflickr.com/3703/11273692046_665989b170_m.jpg	240	227	http://farm4.staticflickr.com/3703/11273692046_665989b170.jpg	500	472	http://farm4.staticflickr.com/3703/11273692046_665989b170_b.jpg	1024	967	http://farm4.staticflickr.com/3703/11273692046_1992ab233f_o.jpg	1325	1251
0		The Illustrated Guide to Sheffield and the surrounding district, etc	TAYLOR, John of Sheffield		Sheffield	003589731		1879	http://www.flickr.com/photos/britishlibrary/11273758323	1	000444	11273758323	http://farm6.staticflickr.com/5550/11273758323_5000c236c5_m.jpg	195	240	http://farm6.staticflickr.com/5550/11273758323_5000c236c5.jpg	406	500	http://farm6.staticflickr.com/5550/11273758323_5000c236c5_b.jpg	831	1024	http://farm6.staticflickr.com/5550/11273758323_76d3f11c5a_o.jpg	1183	1457
0		A History of the Town of Franklin, Mass.; from its settlement to the completion of its first century, 2d March, 1878; with genealogical notices of its earliest families, sketches of its professional men, and a report of the centennial celebration. By Mortimer Blake	BLAKE, Mortimer.		Franklin	001311432		1879	http://www.flickr.com/photos/britishlibrary/11273711934	1	000193	11273711934	http://farm4.staticflickr.com/3829/11273711934_4be2e84819_m.jpg	240	135	http://farm4.staticflickr.com/3829/11273711934_4be2e84819.jpg	500	282	http://farm4.staticflickr.com/3829/11273711934_4be2e84819_b.jpg	1024	577	http://farm4.staticflickr.com/3829/11273711934_992e06fd9d_o.jpg	1668	940
0	Harper & Bros.	From Egypt to Palestine through Sinai, the Wilderness and the South Country. Observations of a journey made with special reference to the history of the Israelites ... With maps and illustrations	BARTLETT, Samuel Colcord.	lsidyv3c53baba	New York	000216339	ark:/81055/vdc_000000059CA0	1879	http://www.flickr.com/photos/britishlibrary/11273688946	1	000502	11273688946	http://farm6.staticflickr.com/5526/11273688946_548b05518e_m.jpg	155	240	http://farm6.staticflickr.com/5526/11273688946_548b05518e.jpg	324	500	http://farm6.staticflickr.com/5526/11273688946_548b05518e_b.jpg	663	1024	http://farm6.staticflickr.com/5526/11273688946_3bbb3c6e51_o.jpg	828	1278
0	C. R. Barns	Switzler's Illustrated History of Missouri, from 1541 to 1877, etc. [Edited by C. R. Barns. From the larger work edited by him, entitled: “The Commonwealth of Missouri.”]	BARNS, Chancy R.		Saint Louis	000206134		1879	http://www.flickr.com/photos/britishlibrary/11273756793	1	000212	11273756793	http://farm8.staticflickr.com/7312/11273756793_5eb7869e4e_m.jpg	121	240	http://farm8.staticflickr.com/7312/11273756793_5eb7869e4e.jpg	251	500	http://farm8.staticflickr.com/7312/11273756793_5eb7869e4e_b.jpg	515	1024	http://farm8.staticflickr.com/7312/11273756793_bc30ec0b70_o.jpg	771	1532
01	American News Company	Round the world with General Grant. A narrative of the visit of General U. S. Grant ... to various countries ... in 1877, 1878, 1879. To which are added certain conversations with General Grant on questions connected with American politics and history ... With ... illustrations	YOUNG, John Russell.		New York	004002305		1879	http://www.flickr.com/photos/britishlibrary/11273755883	1	000651	11273755883	http://farm6.staticflickr.com/5472/11273755883_738c5b6e07_m.jpg	174	240	http://farm6.staticflickr.com/5472/11273755883_738c5b6e07.jpg	362	500	http://farm6.staticflickr.com/5472/11273755883_738c5b6e07_b.jpg	742	1024	http://farm6.staticflickr.com/5472/11273755883_6bea1af2c6_o.jpg	1243	1715
03		[Histoire de la Révolution Française.]	Michelet, Jules		Paris	002483188		1879	http://www.flickr.com/photos/britishlibrary/11273644745	1	000002	11273644745	http://farm4.staticflickr.com/3684/11273644745_5f01e9c755_m.jpg	240	166	http://farm4.staticflickr.com/3684/11273644745_5f01e9c755.jpg	500	346	http://farm4.staticflickr.com/3684/11273644745_5f01e9c755_b.jpg	1024	708	http://farm4.staticflickr.com/3684/11273644745_ebf741562f_o.jpg	1283	887
0	John Murray	[The Student's Manual of Modern Geography. Mathematical, physical, and descriptive.]	BEVAN, William Latham.	lsidyv3ca2f2a9	London	000307737	ark:/81055/vdc_00000005C7F6	1879	http://www.flickr.com/photos/britishlibrary/11273687326	1	000218	11273687326	http://farm4.staticflickr.com/3678/11273687326_ee4e066bcd_m.jpg	184	240	http://farm4.staticflickr.com/3678/11273687326_ee4e066bcd.jpg	384	500	http://farm4.staticflickr.com/3678/11273687326_ee4e066bcd_b.jpg	787	1024	http://farm4.staticflickr.com/3678/11273687326_f477de44e9_o.jpg	941	1225
0		The Children's fairy geography, or a merry trip round Europe	WINSLOW, Forbes Edward.	lsidyv3c92d153	London	003952456	ark:/81055/vdc_00000005BE18	1879	http://www.flickr.com/photos/britishlibrary/11273754033	1	000334	11273754033	http://farm3.staticflickr.com/2840/11273754033_e33f51db3b_m.jpg	147	240	http://farm3.staticflickr.com/2840/11273754033_e33f51db3b.jpg	307	500	http://farm3.staticflickr.com/2840/11273754033_e33f51db3b_b.jpg	628	1024	http://farm3.staticflickr.com/2840/11273754033_758ebbb192_o.jpg	1088	1775
0	N. D. Thompson & Co.	A Pictorial History of Texas, from the earliest visits of European adventurers to A.D. 1879 ... Third edition, ... revised	THRALL, Homer S.		St. Louis, Mo	003632148		1879	http://www.flickr.com/photos/britishlibrary/11273642335	1	000841	11273642335	http://farm6.staticflickr.com/5526/11273642335_cfbbe672bf_m.jpg	240	206	http://farm6.staticflickr.com/5526/11273642335_cfbbe672bf.jpg	500	429	http://farm6.staticflickr.com/5526/11273642335_cfbbe672bf_b.jpg	1024	878	http://farm6.staticflickr.com/5526/11273642335_de429aec47_o.jpg	1312	1125
0		The Illustrated Guide to Sheffield and the surrounding district, etc	TAYLOR, John of Sheffield		Sheffield	003589731		1879	http://www.flickr.com/photos/britishlibrary/11273752973	1	000505	11273752973	http://farm6.staticflickr.com/5499/11273752973_5f81c000d7_m.jpg	232	240	http://farm6.staticflickr.com/5499/11273752973_5f81c000d7.jpg	482	500	http://farm6.staticflickr.com/5499/11273752973_5f81c000d7_b.jpg	988	1024	http://farm6.staticflickr.com/5499/11273752973_00a2b1560d_o.jpg	1365	1415
0		Materialien für den Unterricht in der Geographie nach der constructiven Methode	WENZ, Gustav Geographer		München	003889554		1879	http://www.flickr.com/photos/britishlibrary/11273685786	1	000199	11273685786	http://farm4.staticflickr.com/3829/11273685786_2203d3d4b2_m.jpg	188	240	http://farm4.staticflickr.com/3829/11273685786_2203d3d4b2.jpg	392	500	http://farm4.staticflickr.com/3829/11273685786_2203d3d4b2_b.jpg	802	1024	http://farm4.staticflickr.com/3829/11273685786_a084e9407d_o.jpg	1168	1491
0		The Illustrated Guide to Sheffield and the surrounding district, etc	TAYLOR, John of Sheffield		Sheffield	003589731		1879	http://www.flickr.com/photos/britishlibrary/11273705824	1	000574	11273705824	http://farm6.staticflickr.com/5492/11273705824_725008398a_m.jpg	132	240	http://farm6.staticflickr.com/5492/11273705824_725008398a.jpg	274	500	http://farm6.staticflickr.com/5492/11273705824_725008398a_b.jpg	562	1024	http://farm6.staticflickr.com/5492/11273705824_bfafa7192e_o.jpg	776	1415
0		Les Rues du vieux Paris. Galerie populaire et pittoresque ... Ouvrage illustré de 165 gravures sur bois	FOURNEL, Victor.		Paris	001279089		1879	http://www.flickr.com/photos/britishlibrary/11273705084	1	000545	11273705084	http://farm6.staticflickr.com/5508/11273705084_6302ba4810_m.jpg	240	189	http://farm6.staticflickr.com/5508/11273705084_6302ba4810.jpg	500	394	http://farm6.staticflickr.com/5508/11273705084_6302ba4810_b.jpg	1024	807	http://farm6.staticflickr.com/5508/11273705084_9b82932979_o.jpg	1175	926
0	Murray Williamson & Phelps	The History of Adams County, Illinois ... Illustrated			Chicago	000014468		1879	http://www.flickr.com/photos/britishlibrary/11273750153	1	000115	11273750153	http://farm3.staticflickr.com/2867/11273750153_6a4ba1a1ab_m.jpg	164	240	http://farm3.staticflickr.com/2867/11273750153_6a4ba1a1ab.jpg	342	500	http://farm3.staticflickr.com/2867/11273750153_6a4ba1a1ab_b.jpg	701	1024	http://farm3.staticflickr.com/2867/11273750153_326b5cbb3a_o.jpg	1070	1563
0	Union Historical Co.	The History of Warren County ... Illustrated			Des Moines	003854638		1879	http://www.flickr.com/photos/britishlibrary/11273750233	1	000377	11273750233	http://farm3.staticflickr.com/2814/11273750233_de8c59ac14_m.jpg	240	191	http://farm3.staticflickr.com/2814/11273750233_de8c59ac14.jpg	500	397	http://farm3.staticflickr.com/2814/11273750233_de8c59ac14_b.jpg	1024	813	http://farm3.staticflickr.com/2814/11273750233_51e1aa8764_o.jpg	1541	1223
0	Moses King	King's Handbook of Boston. Profusely illustrated. [With a map.]	KING, Moses.		Cambridge, Mass	001968594		1879	http://www.flickr.com/photos/britishlibrary/11273683416	1	000222	11273683416	http://farm4.staticflickr.com/3776/11273683416_3defe4fa8b_m.jpg	174	240	http://farm4.staticflickr.com/3776/11273683416_3defe4fa8b.jpg	363	500	http://farm4.staticflickr.com/3776/11273683416_3defe4fa8b_b.jpg	743	1024	http://farm4.staticflickr.com/3776/11273683416_7737b4704e_o.jpg	1021	1408
02	American News Company	Round the world with General Grant. A narrative of the visit of General U. S. Grant ... to various countries ... in 1877, 1878, 1879. To which are added certain conversations with General Grant on questions connected with American politics and history ... With ... illustrations	YOUNG, John Russell.		New York	004002305		1879	http://www.flickr.com/photos/britishlibrary/11273701964	1	000447	11273701964	http://farm8.staticflickr.com/7408/11273701964_58817313cf_m.jpg	173	240	http://farm8.staticflickr.com/7408/11273701964_58817313cf.jpg	360	500	http://farm8.staticflickr.com/7408/11273701964_58817313cf_b.jpg	737	1024	http://farm8.staticflickr.com/7408/11273701964_4e2aa5a1d1_o.jpg	1188	1651
0	Simpkin, Marshall & Co.	[Canterbury in the Olden Time, from the municipal archives and other sources. [With illustrations and plans.]]	BRENT, John F.S.A	lsidyv3c4b2696	London	000465042	ark:/81055/vdc_000000059610	1879	http://www.flickr.com/photos/britishlibrary/11273637385	1	000301	11273637385	http://farm8.staticflickr.com/7446/11273637385_fcfd4ba6d0_m.jpg	189	240	http://farm8.staticflickr.com/7446/11273637385_fcfd4ba6d0.jpg	395	500	http://farm8.staticflickr.com/7446/11273637385_fcfd4ba6d0_b.jpg	808	1024	http://farm8.staticflickr.com/7446/11273637385_6aab37ca5f_o.jpg	952	1207
01	D. Appleton & Co.	[Appleton's European Guide Book illustrated. Including England, Scotland, and Ireland, France, Belgium, Holland, Northern and Southern Germany, Switzerland, Italy, Spain and Portugal, Russia, Denmark, Norway, and Sweden. Containing ... maps, etc.]	APPLETON, Daniel AND CO	lsidyv3cbe7355	New York; Longmans & Co	000100280	ark:/81055/vdc_00000005D9DE	1879	http://www.flickr.com/photos/britishlibrary/11273748153	1	000547	11273748153	http://farm3.staticflickr.com/2853/11273748153_70f32a79d8_m.jpg	195	240	http://farm3.staticflickr.com/2853/11273748153_70f32a79d8.jpg	407	500	http://farm3.staticflickr.com/2853/11273748153_70f32a79d8_b.jpg	833	1024	http://farm3.staticflickr.com/2853/11273748153_15443a14d9_o.jpg	1003	1233
01	William Mackenzie	The National Burns. Edited by Rev. George Gilfillan, including the airs of all the songs, and an original life of Burns by the editor. [With plates, including portraits.]	Burns, Robert		Glasgow	000543200		1879	http://www.flickr.com/photos/britishlibrary/11273746423	1	000386	11273746423	http://farm8.staticflickr.com/7355/11273746423_b3ff5dddbe_m.jpg	240	206	http://farm8.staticflickr.com/7355/11273746423_b3ff5dddbe.jpg	500	430	http://farm8.staticflickr.com/7355/11273746423_b3ff5dddbe_b.jpg	1024	881	http://farm8.staticflickr.com/7355/11273746423_475cf59f0b_o.jpg	1321	1137
0		Saint-Pierre de Rome. Ouvrage illustré, etc	LORBAC, Charles de.		Rome	002259706		1879	http://www.flickr.com/photos/britishlibrary/11273635475	2	000133	11273635475	http://farm6.staticflickr.com/5509/11273635475_29d4e7aafa_m.jpg	145	240	http://farm6.staticflickr.com/5509/11273635475_29d4e7aafa.jpg	303	500	http://farm6.staticflickr.com/5509/11273635475_29d4e7aafa_b.jpg	620	1024	http://farm6.staticflickr.com/5509/11273635475_39d416bf80_o.jpg	912	1506
0		Die amerikanische Nordpol-Expedition ... Mit zahlreichen Illustrationen in Holzschnitt, etc	BESSELS, Emil.		Leipzig	000303634		1879	http://www.flickr.com/photos/britishlibrary/11273746313	1	000538	11273746313	http://farm3.staticflickr.com/2853/11273746313_e933955f8a_m.jpg	124	240	http://farm3.staticflickr.com/2853/11273746313_e933955f8a.jpg	258	500	http://farm3.staticflickr.com/2853/11273746313_e933955f8a_b.jpg	528	1024	http://farm3.staticflickr.com/2853/11273746313_f65320ee72_o.jpg	816	1584
01		Paris à travers les siècles. Histoire nationale de Paris et des Parisiens depuis la fondation de Lutèce jusqu'à nos jours, etc	GOURDON DE GENOUILLAC, Nicolas Jules Henri.		Paris	001476975		1879	http://www.flickr.com/photos/britishlibrary/11273678676	1	000707	11273678676	http://farm4.staticflickr.com/3683/11273678676_5ef92da6f0_m.jpg	240	165	http://farm4.staticflickr.com/3683/11273678676_5ef92da6f0.jpg	500	343	http://farm4.staticflickr.com/3683/11273678676_5ef92da6f0_b.jpg	1024	703	http://farm4.staticflickr.com/3683/11273678676_afb24672a9_o.jpg	1511	1037
0	W. D. Ensign & Co.	History of Cuyahoga County, Ohio ... With portraits and biographical sketches of its prominent men and pioneers	JOHNSON, Crisfield.		Philadelphia]	001884499		1879	http://www.flickr.com/photos/britishlibrary/11273744043	1	000747	11273744043	http://farm4.staticflickr.com/3815/11273744043_54183434f1_m.jpg	240	230	http://farm4.staticflickr.com/3815/11273744043_54183434f1.jpg	500	479	http://farm4.staticflickr.com/3815/11273744043_54183434f1_b.jpg	1024	982	http://farm4.staticflickr.com/3815/11273744043_cdc163b0b6_o.jpg	1477	1416
02	L. H. Everts	History of the Connecticut Valley in Massachusetts (by N. B. Sylvester), with illustrations and biographical sketches of some of its prominent men and pioneers [by other authors]	SYLVESTER, Nathaniel Bartlett.		Philadelphia	003562080		1879	http://www.flickr.com/photos/britishlibrary/11273678596	1	000321	11273678596	http://farm8.staticflickr.com/7349/11273678596_99d04d31f9_m.jpg	240	176	http://farm8.staticflickr.com/7349/11273678596_99d04d31f9.jpg	500	367	http://farm8.staticflickr.com/7349/11273678596_99d04d31f9_b.jpg	1024	751	http://farm8.staticflickr.com/7349/11273678596_6eb8c8cd07_o.jpg	1615	1185
0		[Viaje á la Patagonia austral emprendido bajo los auspicios del Gobierno Nacional 1876-1877. tom. 1.]	MORENO, Francisco Josué Pascasio.		Buenos Aires	002546655		1879	http://www.flickr.com/photos/britishlibrary/11273676876	1	000376	11273676876	http://farm8.staticflickr.com/7334/11273676876_3cedb40c27_m.jpg	157	240	http://farm8.staticflickr.com/7334/11273676876_3cedb40c27.jpg	327	500	http://farm8.staticflickr.com/7334/11273676876_3cedb40c27_b.jpg	669	1024	http://farm8.staticflickr.com/7334/11273676876_bc81992011_o.jpg	997	1527
0	Everts & Ensign	History of Toga, Chemung, Tompkins, and Schuyler Counties, New York. With illustrations and biographical sketches of some of its prominent men and pioneers	PEIRCE, Henry B. and HURD (Duane Hamilton)		Philadelphia	002810116		1879	http://www.flickr.com/photos/britishlibrary/11273697384	1	000534	11273697384	http://farm4.staticflickr.com/3719/11273697384_0225db9ca2_m.jpg	240	164	http://farm4.staticflickr.com/3719/11273697384_0225db9ca2.jpg	500	341	http://farm4.staticflickr.com/3719/11273697384_0225db9ca2_b.jpg	1024	699	http://farm4.staticflickr.com/3719/11273697384_bd34690c98_o.jpg	1322	902
01	American News Company	Round the world with General Grant. A narrative of the visit of General U. S. Grant ... to various countries ... in 1877, 1878, 1879. To which are added certain conversations with General Grant on questions connected with American politics and history ... With ... illustrations	YOUNG, John Russell.		New York	004002305		1879	http://www.flickr.com/photos/britishlibrary/11273676086	1	000624	11273676086	http://farm4.staticflickr.com/3697/11273676086_23dc04ba5b_m.jpg	165	240	http://farm4.staticflickr.com/3697/11273676086_23dc04ba5b.jpg	343	500	http://farm4.staticflickr.com/3697/11273676086_23dc04ba5b_b.jpg	703	1024	http://farm4.staticflickr.com/3697/11273676086_2214acef41_o.jpg	1198	1746
0	Religious Tract Society	The Lands of Scripture: comprising “Those Holy Fields”; “The Land of the Pharaohs” [both by S. M.]; “Pictures from Bible Lands” (edited by S. G. Green. The illustrations by E. Whymper, etc.)	MANNING, Samuel LL.D		London	002369128		1879	http://www.flickr.com/photos/britishlibrary/11273675426	2	000415	11273675426	http://farm3.staticflickr.com/2866/11273675426_2e3520d3e7_m.jpg	240	178	http://farm3.staticflickr.com/2866/11273675426_2e3520d3e7.jpg	500	371	http://farm3.staticflickr.com/2866/11273675426_2e3520d3e7_b.jpg	1024	760	http://farm3.staticflickr.com/2866/11273675426_43f2c0b155_o.jpg	1317	978
0	Everts & Ensign	History of Toga, Chemung, Tompkins, and Schuyler Counties, New York. With illustrations and biographical sketches of some of its prominent men and pioneers	PEIRCE, Henry B. and HURD (Duane Hamilton)		Philadelphia	002810116		1879	http://www.flickr.com/photos/britishlibrary/11273741083	1	001051	11273741083	http://farm3.staticflickr.com/2851/11273741083_ebf3d6bdcf_m.jpg	240	165	http://farm3.staticflickr.com/2851/11273741083_ebf3d6bdcf.jpg	500	343	http://farm3.staticflickr.com/2851/11273741083_ebf3d6bdcf_b.jpg	1024	702	http://farm3.staticflickr.com/2851/11273741083_4006d7a4e8_o.jpg	1513	1037
02	Tinsley Brothers	Berlin under the New Empire, its institutions, inhabitants, industry ... With ... engravings, etc	VIZETELLY, Henry.		London	003807524		1879	http://www.flickr.com/photos/britishlibrary/11273630265	1	000150	11273630265	http://farm6.staticflickr.com/5480/11273630265_3796172255_m.jpg	181	240	http://farm6.staticflickr.com/5480/11273630265_3796172255.jpg	377	500	http://farm6.staticflickr.com/5480/11273630265_3796172255_b.jpg	772	1024	http://farm6.staticflickr.com/5480/11273630265_f7045a88e4_o.jpg	893	1185
0		Historical Records of Port Phillip: the first annals of the Colony of Victoria. Edited by J. J. Shillinglaw	SHILLINGLAW, John J.		Melbourne	003369860		1879	http://www.flickr.com/photos/britishlibrary/11273673596	1	000041	11273673596	http://farm6.staticflickr.com/5487/11273673596_b39ca85a32_m.jpg	240	204	http://farm6.staticflickr.com/5487/11273673596_b39ca85a32.jpg	500	425	http://farm6.staticflickr.com/5487/11273673596_b39ca85a32_b.jpg	1024	871	http://farm6.staticflickr.com/5487/11273673596_a6f96d4b9f_o.jpg	1241	1055
03	London Printing & Publishing Co.	[History of the Russian Empire from its foundation by Ruric the Pirate to the accession of the Emperor Alexander II ... With ... engravings.]	TYRRELL, Henry Teacher of Elocution		London	003699637		1879	http://www.flickr.com/photos/britishlibrary/11273738993	1	000340	11273738993	http://farm4.staticflickr.com/3698/11273738993_16057839e2_m.jpg	240	183	http://farm4.staticflickr.com/3698/11273738993_16057839e2.jpg	500	381	http://farm4.staticflickr.com/3698/11273738993_16057839e2_b.jpg	1024	780	http://farm4.staticflickr.com/3698/11273738993_ccd4dbab91_o.jpg	1551	1181
0	E. Marlborough & Co.	Popular Guide up the Thames, to Kew, Richmond, Twickenham and Hampton Court			London	003605985		1879	http://www.flickr.com/photos/britishlibrary/11273628755	1	000017	11273628755	http://farm4.staticflickr.com/3733/11273628755_7ee0ea05a4_m.jpg	192	240	http://farm4.staticflickr.com/3733/11273628755_7ee0ea05a4.jpg	400	500	http://farm4.staticflickr.com/3733/11273628755_7ee0ea05a4_b.jpg	820	1024	http://farm4.staticflickr.com/3733/11273628755_d158427a22_o.jpg	1050	1311
02		A magyar nemzet története. I. kötet írta Bodon J. és Dr. Szalay J. (II.-IV.) kötet, írta Dr. Szalay J.) [With portraits.]	BODON, József and SZALAY (József)		Budapest	000389221		1879	http://www.flickr.com/photos/britishlibrary/11273671626	1	000075	11273671626	http://farm8.staticflickr.com/7307/11273671626_e0f63cfe6b_m.jpg	240	208	http://farm8.staticflickr.com/7307/11273671626_e0f63cfe6b.jpg	500	433	http://farm8.staticflickr.com/7307/11273671626_e0f63cfe6b_b.jpg	1024	886	http://farm8.staticflickr.com/7307/11273671626_8a775532a2_o.jpg	1346	1165
0	Wesleyan Conference Office	Rambles in Bible Lands	NEWTON, Richard D.D., Rector of St. Paul's Church, Philadelphia	lsidyv3ca35e3a	London	002646495	ark:/81055/vdc_00000005C826	1879	http://www.flickr.com/photos/britishlibrary/11273671566	1	000244	11273671566	http://farm8.staticflickr.com/7380/11273671566_58b95d41a8_m.jpg	240	240	http://farm8.staticflickr.com/7380/11273671566_58b95d41a8.jpg	500	500	http://farm8.staticflickr.com/7380/11273671566_58b95d41a8_b.jpg	1024	1023	http://farm8.staticflickr.com/7380/11273671566_ca65d9d26c_o.jpg	1378	1376
01	American News Company	Round the world with General Grant. A narrative of the visit of General U. S. Grant ... to various countries ... in 1877, 1878, 1879. To which are added certain conversations with General Grant on questions connected with American politics and history ... With ... illustrations	YOUNG, John Russell.		New York	004002305		1879	http://www.flickr.com/photos/britishlibrary/11273737103	1	000149	11273737103	http://farm3.staticflickr.com/2862/11273737103_910f97ef16_m.jpg	167	240	http://farm3.staticflickr.com/2862/11273737103_910f97ef16.jpg	349	500	http://farm3.staticflickr.com/2862/11273737103_910f97ef16_b.jpg	714	1024	http://farm3.staticflickr.com/2862/11273737103_ddba7e2517_o.jpg	1217	1746
0	Mark and Bailey	Northampton past and present, a Handy Guide Book to the town and neighbourhood			Northampton	002673317		1879	http://www.flickr.com/photos/britishlibrary/11273625485	1	000112	11273625485	http://farm8.staticflickr.com/7301/11273625485_f171154a72_m.jpg	194	240	http://farm8.staticflickr.com/7301/11273625485_f171154a72.jpg	403	500	http://farm8.staticflickr.com/7301/11273625485_f171154a72_b.jpg	826	1024	http://farm8.staticflickr.com/7301/11273625485_51267f00fe_o.jpg	975	1208
0	Mark and Bailey	Northampton past and present, a Handy Guide Book to the town and neighbourhood			Northampton	002673317		1879	http://www.flickr.com/photos/britishlibrary/11273690614	1	000109	11273690614	http://farm3.staticflickr.com/2888/11273690614_113c4a809e_m.jpg	240	230	http://farm3.staticflickr.com/2888/11273690614_113c4a809e.jpg	500	479	http://farm3.staticflickr.com/2888/11273690614_113c4a809e_b.jpg	1024	982	http://farm3.staticflickr.com/2888/11273690614_47d8c7dd12_o.jpg	1260	1208
0		The Great Eastern Railway Company's Tourist-Guide to the Continent. ... With illustrations ... and a map	LINDLEY, Percy.	lsidyv3cad916f	London	002174468	ark:/81055/vdc_00000005CE44	1879	http://www.flickr.com/photos/britishlibrary/11273669406	1	000121	11273669406	http://farm6.staticflickr.com/5550/11273669406_b10dddb6ca_m.jpg	240	98	http://farm6.staticflickr.com/5550/11273669406_b10dddb6ca.jpg	500	205	http://farm6.staticflickr.com/5550/11273669406_b10dddb6ca_b.jpg	1024	420	http://farm6.staticflickr.com/5550/11273669406_b93d01836f_o.jpg	1969	807
0	Wesleyan Conference Office	British Rule in South Africa. Illustrated in the Story of Kama and his tribe, and of the war in Zululand	HOLDEN, William Clifford.		London	001711117		1879	http://www.flickr.com/photos/britishlibrary/11273733313	1	000193	11273733313	http://farm3.staticflickr.com/2835/11273733313_9c0c7b8f0f_m.jpg	240	161	http://farm3.staticflickr.com/2835/11273733313_9c0c7b8f0f.jpg	500	334	http://farm3.staticflickr.com/2835/11273733313_9c0c7b8f0f_b.jpg	1024	685	http://farm3.staticflickr.com/2835/11273733313_d8a2554a82_o.jpg	1463	978
01		The Australian abroad. Branches from the Main Routes round the World. [Reprinted from the Melbourne “Argus.” With illustrations.] 2 series	HINGSTON, James.	lsidyv3cbf9abe	London	001689101	ark:/81055/vdc_00000005DA7A	1879	http://www.flickr.com/photos/britishlibrary/11273668156	1	000084	11273668156	http://farm4.staticflickr.com/3737/11273668156_95792f10f0_m.jpg	155	240	http://farm4.staticflickr.com/3737/11273668156_95792f10f0.jpg	322	500	http://farm4.staticflickr.com/3737/11273668156_95792f10f0_b.jpg	660	1024	http://farm4.staticflickr.com/3737/11273668156_a30096715a_o.jpg	842	1306
0	Waterlow & Sons	Up the River from Westminster to Windsor and Oxford; a descriptive panorama of Thames Scenery			London	003606029		1879	http://www.flickr.com/photos/britishlibrary/11273733523	1	000117	11273733523	http://farm3.staticflickr.com/2887/11273733523_947eb7e5f5_m.jpg	155	240	http://farm3.staticflickr.com/2887/11273733523_947eb7e5f5.jpg	324	500	http://farm3.staticflickr.com/2887/11273733523_947eb7e5f5_b.jpg	663	1024	http://farm3.staticflickr.com/2887/11273733523_2e83eeccd7_o.jpg	872	1347
0	J. A. & R. A. Reid	The Past and the Present. Narragansett sea and shore. An illustrated guide to Providence, Newport, Narragansett Pier, Block Island, Watch Hill, Rocky Point, Silver Spring, and all the famous sea-side resorts of Rhode Island, with a map of Narragansett Bay	DENISON, Frederic.		Providence	000908069		1879	http://www.flickr.com/photos/britishlibrary/11273666766	1	000042	11273666766	http://farm6.staticflickr.com/5508/11273666766_51409e0efe_m.jpg	240	173	http://farm6.staticflickr.com/5508/11273666766_51409e0efe.jpg	500	359	http://farm6.staticflickr.com/5508/11273666766_51409e0efe_b.jpg	1024	736	http://farm6.staticflickr.com/5508/11273666766_0e5d6491fb_o.jpg	1527	1098
02	American News Company	Round the world with General Grant. A narrative of the visit of General U. S. Grant ... to various countries ... in 1877, 1878, 1879. To which are added certain conversations with General Grant on questions connected with American politics and history ... With ... illustrations	YOUNG, John Russell.		New York	004002305		1879	http://www.flickr.com/photos/britishlibrary/11273665786	1	000211	11273665786	http://farm8.staticflickr.com/7432/11273665786_035d9a11eb_m.jpg	240	146	http://farm8.staticflickr.com/7432/11273665786_035d9a11eb.jpg	500	304	http://farm8.staticflickr.com/7432/11273665786_035d9a11eb_b.jpg	1024	623	http://farm8.staticflickr.com/7432/11273665786_ef9cb2e9d8_o.jpg	1380	840
0	Religious Tract Society	English Pictures drawn with pen and pencil	MANNING, Samuel LL.D. and GREEN (Samuel Gosnell)	lsidyv3c492c1d	London	002369135	ark:/81055/vdc_000000059460	1879	http://www.flickr.com/photos/britishlibrary/11273665536	1	000110	11273665536	http://farm3.staticflickr.com/2892/11273665536_066b0845dc_m.jpg	240	201	http://farm3.staticflickr.com/2892/11273665536_066b0845dc.jpg	500	418	http://farm3.staticflickr.com/2892/11273665536_066b0845dc_b.jpg	1024	856	http://farm3.staticflickr.com/2892/11273665536_c85d210fc6_o.jpg	1317	1101
0		Очерки Русской Исторіи въ памятникахъ быта. pt. 1, 2	POLEVOI, Petr Nikolaevich.		С.-Петербургъ	002948284		1879	http://www.flickr.com/photos/britishlibrary/11273685934	1	000354	11273685934	http://farm4.staticflickr.com/3806/11273685934_9f8b979172_m.jpg	134	240	http://farm4.staticflickr.com/3806/11273685934_9f8b979172.jpg	278	500	http://farm4.staticflickr.com/3806/11273685934_9f8b979172_b.jpg	570	1024	http://farm4.staticflickr.com/3806/11273685934_283d0bbf3e_o.jpg	801	1438
0	Everts & Ensign	History of Toga, Chemung, Tompkins, and Schuyler Counties, New York. With illustrations and biographical sketches of some of its prominent men and pioneers	PEIRCE, Henry B. and HURD (Duane Hamilton)		Philadelphia	002810116		1879	http://www.flickr.com/photos/britishlibrary/11273620095	1	000719	11273620095	http://farm4.staticflickr.com/3697/11273620095_7b5b0d718c_m.jpg	240	175	http://farm4.staticflickr.com/3697/11273620095_7b5b0d718c.jpg	500	365	http://farm4.staticflickr.com/3697/11273620095_7b5b0d718c_b.jpg	1024	748	http://farm4.staticflickr.com/3697/11273620095_41f8e9a258_o.jpg	1337	977
02	American News Company	Round the world with General Grant. A narrative of the visit of General U. S. Grant ... to various countries ... in 1877, 1878, 1879. To which are added certain conversations with General Grant on questions connected with American politics and history ... With ... illustrations	YOUNG, John Russell.		New York	004002305		1879	http://www.flickr.com/photos/britishlibrary/11273729693	1	000106	11273729693	http://farm6.staticflickr.com/5526/11273729693_2b434922b4_m.jpg	240	175	http://farm6.staticflickr.com/5526/11273729693_2b434922b4.jpg	500	365	http://farm6.staticflickr.com/5526/11273729693_2b434922b4_b.jpg	1024	747	http://farm6.staticflickr.com/5526/11273729693_719f618215_o.jpg	1696	1237
0	Religious Tract Society	English Pictures drawn with pen and pencil	MANNING, Samuel LL.D. and GREEN (Samuel Gosnell)	lsidyv3c492c1d	London	002369135	ark:/81055/vdc_000000059460	1879	http://www.flickr.com/photos/britishlibrary/11273729953	1	000009	11273729953	http://farm3.staticflickr.com/2841/11273729953_9e61423772_m.jpg	191	240	http://farm3.staticflickr.com/2841/11273729953_9e61423772.jpg	399	500	http://farm3.staticflickr.com/2841/11273729953_9e61423772_b.jpg	817	1024	http://farm3.staticflickr.com/2841/11273729953_1ccb3d8bc2_o.jpg	956	1198
0		Les Vieilles Villes de Suisse. Notes et souvenirs. Ouvrage illustré de 105 dessins à la plume par A. Robida reproduits en fac-simile	ROBIDA, Albert.		Paris	003121715		1879	http://www.flickr.com/photos/britishlibrary/11273662736	1	000149	11273662736	http://farm6.staticflickr.com/5492/11273662736_ab091ddd3a_m.jpg	240	240	http://farm6.staticflickr.com/5492/11273662736_ab091ddd3a.jpg	500	500	http://farm6.staticflickr.com/5492/11273662736_ab091ddd3a_b.jpg	1024	1024	http://farm6.staticflickr.com/5492/11273662736_d32704ba94_o.jpg	1172	1172
05		Old and New London, etc	Thornbury, Walter	lsidyv3c47ab1a	London	003628788	ark:/81055/vdc_000000059328	1879	http://www.flickr.com/photos/britishlibrary/11273683024	1	000326	11273683024	http://farm6.staticflickr.com/5530/11273683024_4fd711ed63_m.jpg	240	207	http://farm6.staticflickr.com/5530/11273683024_4fd711ed63.jpg	500	432	http://farm6.staticflickr.com/5530/11273683024_4fd711ed63_b.jpg	1024	885	http://farm6.staticflickr.com/5530/11273683024_a3869e571e_o.jpg	1531	1323
0	Harper & Bros.	What Mr. Darwin saw in his Voyage round The World in the Ship “Beagle.” [Compiled and adapted from “Journal of Researches into the Geology and Natural History of the Various Countries visited by H.M.S. Beagle, etc.”]	Darwin, Charles	lsidyv3c8ea4b0	New York	000868098	ark:/81055/vdc_00000005BB84	1879	http://www.flickr.com/photos/britishlibrary/11273727773	1	000085	11273727773	http://farm8.staticflickr.com/7349/11273727773_fbe134489a_m.jpg	175	240	http://farm8.staticflickr.com/7349/11273727773_fbe134489a.jpg	364	500	http://farm8.staticflickr.com/7349/11273727773_fbe134489a_b.jpg	745	1024	http://farm8.staticflickr.com/7349/11273727773_85baf92f14_o.jpg	1015	1396
02	American News Company	Round the world with General Grant. A narrative of the visit of General U. S. Grant ... to various countries ... in 1877, 1878, 1879. To which are added certain conversations with General Grant on questions connected with American politics and history ... With ... illustrations	YOUNG, John Russell.		New York	004002305		1879	http://www.flickr.com/photos/britishlibrary/11273617205	1	000616	11273617205	http://farm6.staticflickr.com/5513/11273617205_4361d51946_m.jpg	178	240	http://farm6.staticflickr.com/5513/11273617205_4361d51946.jpg	371	500	http://farm6.staticflickr.com/5513/11273617205_4361d51946_b.jpg	759	1024	http://farm6.staticflickr.com/5513/11273617205_834a51e4b0_o.jpg	1171	1580
0		The Children's fairy geography, or a merry trip round Europe	WINSLOW, Forbes Edward.	lsidyv3c92d153	London	003952456	ark:/81055/vdc_00000005BE18	1879	http://www.flickr.com/photos/britishlibrary/11273725083	1	000099	11273725083	http://farm3.staticflickr.com/2851/11273725083_415da897d3_m.jpg	163	240	http://farm3.staticflickr.com/2851/11273725083_415da897d3.jpg	339	500	http://farm3.staticflickr.com/2851/11273725083_415da897d3_b.jpg	694	1024	http://farm3.staticflickr.com/2851/11273725083_0339f228d1_o.jpg	1108	1635
0	Everts & Ensign	History of Toga, Chemung, Tompkins, and Schuyler Counties, New York. With illustrations and biographical sketches of some of its prominent men and pioneers	PEIRCE, Henry B. and HURD (Duane Hamilton)		Philadelphia	002810116		1879	http://www.flickr.com/photos/britishlibrary/11273680404	1	001016	11273680404	http://farm4.staticflickr.com/3832/11273680404_dd201484a0_m.jpg	240	192	http://farm4.staticflickr.com/3832/11273680404_dd201484a0.jpg	500	400	http://farm4.staticflickr.com/3832/11273680404_dd201484a0_b.jpg	1024	819	http://farm4.staticflickr.com/3832/11273680404_09fcc7cd31_o.jpg	1235	988
0	Everts & Ensign	History of Toga, Chemung, Tompkins, and Schuyler Counties, New York. With illustrations and biographical sketches of some of its prominent men and pioneers	PEIRCE, Henry B. and HURD (Duane Hamilton)		Philadelphia	002810116		1879	http://www.flickr.com/photos/britishlibrary/11273726523	1	000397	11273726523	http://farm4.staticflickr.com/3714/11273726523_ab75ecf8d1_m.jpg	240	152	http://farm4.staticflickr.com/3714/11273726523_ab75ecf8d1.jpg	500	317	http://farm4.staticflickr.com/3714/11273726523_ab75ecf8d1_b.jpg	1024	650	http://farm4.staticflickr.com/3714/11273726523_495652171b_o.jpg	1698	1078
0	Everts & Ensign	History of Toga, Chemung, Tompkins, and Schuyler Counties, New York. With illustrations and biographical sketches of some of its prominent men and pioneers	PEIRCE, Henry B. and HURD (Duane Hamilton)		Philadelphia	002810116		1879	http://www.flickr.com/photos/britishlibrary/11273658506	2	001073	11273658506	http://farm3.staticflickr.com/2882/11273658506_d650eb5a03_m.jpg	240	176	http://farm3.staticflickr.com/2882/11273658506_d650eb5a03.jpg	500	366	http://farm3.staticflickr.com/2882/11273658506_d650eb5a03_b.jpg	1024	750	http://farm3.staticflickr.com/2882/11273658506_b3ea4ee615_o.jpg	1285	941
01		Knaresborough Castle Yard. (The Microcosm: and, Malcolm, a holiday-walk. A few occasional pieces.) [In verse.]			London, Bristol [printed]	001987484		1879	http://www.flickr.com/photos/britishlibrary/11273724593	1	000061	11273724593	http://farm4.staticflickr.com/3804/11273724593_8162df1a58_m.jpg	240	204	http://farm4.staticflickr.com/3804/11273724593_8162df1a58.jpg	500	425	http://farm4.staticflickr.com/3804/11273724593_8162df1a58_b.jpg	1024	870	http://farm4.staticflickr.com/3804/11273724593_1f057ecdb3_o.jpg	1326	1126
0	Pickering & Co.	The History of the County of Monaghan	SHIRLEY, Evelyn Philip.		London	003370961		1879	http://www.flickr.com/photos/britishlibrary/11273722793	1	000544	11273722793	http://farm4.staticflickr.com/3784/11273722793_9b91b458ca_m.jpg	118	240	http://farm4.staticflickr.com/3784/11273722793_9b91b458ca.jpg	245	500	http://farm4.staticflickr.com/3784/11273722793_9b91b458ca_b.jpg	502	1024	http://farm4.staticflickr.com/3784/11273722793_dc1f4fda6e_o.jpg	892	1819
02		Paris à travers les siècles. Histoire nationale de Paris et des Parisiens depuis la fondation de Lutèce jusqu'à nos jours, etc	GOURDON DE GENOUILLAC, Nicolas Jules Henri.		Paris	001476975		1879	http://www.flickr.com/photos/britishlibrary/11273612825	1	001078	11273612825	http://farm6.staticflickr.com/5487/11273612825_5e2db58cf2_m.jpg	225	240	http://farm6.staticflickr.com/5487/11273612825_5e2db58cf2.jpg	470	500	http://farm6.staticflickr.com/5487/11273612825_5e2db58cf2_b.jpg	962	1024	http://farm6.staticflickr.com/5487/11273612825_63494d0f1c_o.jpg	1118	1190
02	Tinsley Brothers	Berlin under the New Empire, its institutions, inhabitants, industry ... With ... engravings, etc	VIZETELLY, Henry.		London	003807524		1879	http://www.flickr.com/photos/britishlibrary/11273611845	1	000273	11273611845	http://farm4.staticflickr.com/3808/11273611845_2678d574a4_m.jpg	151	240	http://farm4.staticflickr.com/3808/11273611845_2678d574a4.jpg	314	500	http://farm4.staticflickr.com/3808/11273611845_2678d574a4_b.jpg	644	1024	http://farm4.staticflickr.com/3808/11273611845_e12ba4419d_o.jpg	913	1452
0		Очерки Русской Исторіи въ памятникахъ быта. pt. 1, 2	POLEVOI, Petr Nikolaevich.		С.-Петербургъ	002948284		1879	http://www.flickr.com/photos/britishlibrary/11273676184	1	000132	11273676184	http://farm6.staticflickr.com/5539/11273676184_bf5b2a5919_m.jpg	137	240	http://farm6.staticflickr.com/5539/11273676184_bf5b2a5919.jpg	285	500	http://farm6.staticflickr.com/5539/11273676184_bf5b2a5919_b.jpg	583	1024	http://farm6.staticflickr.com/5539/11273676184_8a86db2643_o.jpg	1053	1850
0	Everts & Abbott	History of Hillsdale County, Michigan, with illustrations and biographical sketches of some of its prominent men, etc	Johnson, Crisfield.		Philadelphia	001884500		1879	http://www.flickr.com/photos/britishlibrary/11273675364	1	000342	11273675364	http://farm8.staticflickr.com/7441/11273675364_e8c83ac37a_m.jpg	240	196	http://farm8.staticflickr.com/7441/11273675364_e8c83ac37a.jpg	500	409	http://farm8.staticflickr.com/7441/11273675364_e8c83ac37a_b.jpg	1024	837	http://farm8.staticflickr.com/7441/11273675364_d199e7c73e_o.jpg	1220	997
0	N. D. Thompson & Co.	A Pictorial History of Texas, from the earliest visits of European adventurers to A.D. 1879 ... Third edition, ... revised	THRALL, Homer S.		St. Louis, Mo	003632148		1879	http://www.flickr.com/photos/britishlibrary/11273674304	1	000701	11273674304	http://farm4.staticflickr.com/3749/11273674304_3ee4be64ce_m.jpg	229	240	http://farm4.staticflickr.com/3749/11273674304_3ee4be64ce.jpg	476	500	http://farm4.staticflickr.com/3749/11273674304_3ee4be64ce_b.jpg	975	1024	http://farm4.staticflickr.com/3749/11273674304_ab9f87e33c_o.jpg	1095	1150
01	Tinsley Brothers	Berlin under the New Empire, its institutions, inhabitants, industry ... With ... engravings, etc	VIZETELLY, Henry.		London	003807524		1879	http://www.flickr.com/photos/britishlibrary/11273653106	1	000126	11273653106	http://farm4.staticflickr.com/3698/11273653106_8fff8701bd_m.jpg	240	177	http://farm4.staticflickr.com/3698/11273653106_8fff8701bd.jpg	500	368	http://farm4.staticflickr.com/3698/11273653106_8fff8701bd_b.jpg	1024	754	http://farm4.staticflickr.com/3698/11273653106_37e8bb9087_o.jpg	1311	965
0	W. Mullan & Son	Winifred Martin. A story of English family life ... With illustrations, etc	BROOK, afterwards ROSS, Ellen.		London & Belfast	000486054		1879	http://www.flickr.com/photos/britishlibrary/11273674174	1	000070	11273674174	http://farm4.staticflickr.com/3804/11273674174_ed0bcc4990_m.jpg	229	240	http://farm4.staticflickr.com/3804/11273674174_ed0bcc4990.jpg	478	500	http://farm4.staticflickr.com/3804/11273674174_ed0bcc4990_b.jpg	979	1024	http://farm4.staticflickr.com/3804/11273674174_26611d8b46_o.jpg	1130	1182
02		Old and New London, etc	Thornbury, Walter	lsidyv3c47ab1a	London	003628788	ark:/81055/vdc_000000059328	1879	http://www.flickr.com/photos/britishlibrary/11273607985	1	000447	11273607985	http://farm4.staticflickr.com/3811/11273607985_ae8c9b8a49_m.jpg	240	170	http://farm4.staticflickr.com/3811/11273607985_ae8c9b8a49.jpg	500	354	http://farm4.staticflickr.com/3811/11273607985_ae8c9b8a49_b.jpg	1024	726	http://farm4.staticflickr.com/3811/11273607985_486d00e69e_o.jpg	1415	1003
0		Histoire de l'unité politique et territoriale de la France	PAQUIER, Jean Baptiste.		Paris	002764484		1879	http://www.flickr.com/photos/britishlibrary/11273608175	1	000083	11273608175	http://farm6.staticflickr.com/5505/11273608175_3a584a68da_m.jpg	240	211	http://farm6.staticflickr.com/5505/11273608175_3a584a68da.jpg	500	440	http://farm6.staticflickr.com/5505/11273608175_3a584a68da_b.jpg	1024	902	http://farm6.staticflickr.com/5505/11273608175_07811967e6_o.jpg	1517	1336
0	[Ward, Lock & Co.	[Charles O'Malley, the Irish Dragoon. Edited by Harry Lorrequer. [By C. J. L.]]	LEVER, Charles James.		London,] Perth [printed	002150760		1879	http://www.flickr.com/photos/britishlibrary/11273717553	1	000332	11273717553	http://farm4.staticflickr.com/3748/11273717553_7483a56972_m.jpg	234	240	http://farm4.staticflickr.com/3748/11273717553_7483a56972.jpg	488	500	http://farm4.staticflickr.com/3748/11273717553_7483a56972_b.jpg	999	1024	http://farm4.staticflickr.com/3748/11273717553_7c6d3c133b_o.jpg	1052	1078
02	Tinsley Brothers	Berlin under the New Empire, its institutions, inhabitants, industry ... With ... engravings, etc	VIZETELLY, Henry.		London	003807524		1879	http://www.flickr.com/photos/britishlibrary/11273606505	1	000098	11273606505	http://farm8.staticflickr.com/7365/11273606505_e4a26de6c9_m.jpg	240	203	http://farm8.staticflickr.com/7365/11273606505_e4a26de6c9.jpg	500	424	http://farm8.staticflickr.com/7365/11273606505_e4a26de6c9_b.jpg	1024	868	http://farm8.staticflickr.com/7365/11273606505_9be642f40e_o.jpg	1142	968
0		Viaje á la Patagonia austral emprendido bajo los auspicios del Gobierno Nacional 1876-1877. tom. 1	MORENO, Francisco Josué Pascasio.		Buenos Aires	002546654		1879	http://www.flickr.com/photos/britishlibrary/11273649786	1	000334	11273649786	http://farm4.staticflickr.com/3764/11273649786_06c713a5ae_m.jpg	158	240	http://farm4.staticflickr.com/3764/11273649786_06c713a5ae.jpg	330	500	http://farm4.staticflickr.com/3764/11273649786_06c713a5ae_b.jpg	676	1024	http://farm4.staticflickr.com/3764/11273649786_bf16ac1ea0_o.jpg	1027	1556
0	Wesleyan Conference Office	Rambles in Bible Lands	NEWTON, Richard D.D., Rector of St. Paul's Church, Philadelphia	lsidyv3ca35e3a	London	002646495	ark:/81055/vdc_00000005C826	1879	http://www.flickr.com/photos/britishlibrary/11273604375	1	000026	11273604375	http://farm8.staticflickr.com/7405/11273604375_f19b688ced_m.jpg	240	189	http://farm8.staticflickr.com/7405/11273604375_f19b688ced.jpg	500	395	http://farm8.staticflickr.com/7405/11273604375_f19b688ced_b.jpg	1024	808	http://farm8.staticflickr.com/7405/11273604375_556905ed10_o.jpg	1643	1296
01	L. H. Everts	History of the Connecticut Valley in Massachusetts (by N. B. Sylvester), with illustrations and biographical sketches of some of its prominent men and pioneers [by other authors]	SYLVESTER, Nathaniel Bartlett.		Philadelphia	003562080		1879	http://www.flickr.com/photos/britishlibrary/11273604675	1	000413	11273604675	http://farm3.staticflickr.com/2815/11273604675_9153ba27ba_m.jpg	240	184	http://farm3.staticflickr.com/2815/11273604675_9153ba27ba.jpg	500	384	http://farm3.staticflickr.com/2815/11273604675_9153ba27ba_b.jpg	1024	787	http://farm3.staticflickr.com/2815/11273604675_da772e4d3a_o.jpg	1630	1253
0	Religious Tract Society	English Pictures drawn with pen and pencil	MANNING, Samuel LL.D. and GREEN (Samuel Gosnell)	lsidyv3c492c1d	London	002369135	ark:/81055/vdc_000000059460	1879	http://www.flickr.com/photos/britishlibrary/11273647976	1	000093	11273647976	http://farm4.staticflickr.com/3687/11273647976_c372312779_m.jpg	158	240	http://farm4.staticflickr.com/3687/11273647976_c372312779.jpg	330	500	http://farm4.staticflickr.com/3687/11273647976_c372312779_b.jpg	676	1024	http://farm4.staticflickr.com/3687/11273647976_e1ca102a24_o.jpg	1081	1637
0	Murray Williamson & Phelps	The History of Adams County, Illinois ... Illustrated			Chicago	000014468		1879	http://www.flickr.com/photos/britishlibrary/11273647466	1	000903	11273647466	http://farm4.staticflickr.com/3692/11273647466_7b2fd6f249_m.jpg	240	158	http://farm4.staticflickr.com/3692/11273647466_7b2fd6f249.jpg	500	329	http://farm4.staticflickr.com/3692/11273647466_7b2fd6f249_b.jpg	1024	674	http://farm4.staticflickr.com/3692/11273647466_6714ecc2a2_o.jpg	1720	1132
01		The Australian abroad. Branches from the Main Routes round the World. [Reprinted from the Melbourne “Argus.” With illustrations.] 2 series	HINGSTON, James.	lsidyv3cbf9abe	London	001689101	ark:/81055/vdc_00000005DA7A	1879	http://www.flickr.com/photos/britishlibrary/11273646706	1	000281	11273646706	http://farm6.staticflickr.com/5488/11273646706_23a068a400_m.jpg	240	158	http://farm6.staticflickr.com/5488/11273646706_23a068a400.jpg	500	329	http://farm6.staticflickr.com/5488/11273646706_23a068a400_b.jpg	1024	673	http://farm6.staticflickr.com/5488/11273646706_ac42e8a90a_o.jpg	1428	938
02	American News Company	Round the world with General Grant. A narrative of the visit of General U. S. Grant ... to various countries ... in 1877, 1878, 1879. To which are added certain conversations with General Grant on questions connected with American politics and history ... With ... illustrations	YOUNG, John Russell.		New York	004002305		1879	http://www.flickr.com/photos/britishlibrary/11273712233	1	000340	11273712233	http://farm3.staticflickr.com/2885/11273712233_98393fda0f_m.jpg	166	240	http://farm3.staticflickr.com/2885/11273712233_98393fda0f.jpg	346	500	http://farm3.staticflickr.com/2885/11273712233_98393fda0f_b.jpg	709	1024	http://farm3.staticflickr.com/2885/11273712233_b5aa01e464_o.jpg	1131	1633
0		Les Vieilles Villes de Suisse. Notes et souvenirs. Ouvrage illustré de 105 dessins à la plume par A. Robida reproduits en fac-simile	ROBIDA, Albert.		Paris	003121715		1879	http://www.flickr.com/photos/britishlibrary/11273646186	1	000214	11273646186	http://farm3.staticflickr.com/2874/11273646186_ef5bb736ca_m.jpg	188	240	http://farm3.staticflickr.com/2874/11273646186_ef5bb736ca.jpg	392	500	http://farm3.staticflickr.com/2874/11273646186_ef5bb736ca_b.jpg	803	1024	http://farm3.staticflickr.com/2874/11273646186_45d322cb93_o.jpg	1256	1602
0	Cassell, Petter, Galpin & Co.	Morocco: its people and places ... Translated by C. Rollin-Tilton. With ... illustrations	AMICIS, Edmondo de.	lsidyv3c6b00d2	London	000070870	ark:/81055/vdc_00000005AC0C	1879	http://www.flickr.com/photos/britishlibrary/11273601685	1	000184	11273601685	http://farm3.staticflickr.com/2861/11273601685_92b502cc04_m.jpg	78	240	http://farm3.staticflickr.com/2861/11273601685_92b502cc04.jpg	162	500	http://farm3.staticflickr.com/2861/11273601685_92b502cc04_b.jpg	331	1024	http://farm3.staticflickr.com/2861/11273601685_a3bbc59a9d_o.jpg	632	1957
02		A magyar nemzet története. I. kötet írta Bodon J. és Dr. Szalay J. (II.-IV.) kötet, írta Dr. Szalay J.) [With portraits.]	BODON, József and SZALAY (József)		Budapest	000389221		1879	http://www.flickr.com/photos/britishlibrary/11273710553	1	000203	11273710553	http://farm4.staticflickr.com/3713/11273710553_e0fdd6aed2_m.jpg	240	178	http://farm4.staticflickr.com/3713/11273710553_e0fdd6aed2.jpg	500	370	http://farm4.staticflickr.com/3713/11273710553_e0fdd6aed2_b.jpg	1024	758	http://farm4.staticflickr.com/3713/11273710553_c889319f19_o.jpg	1591	1178
02	L. H. Everts	History of the Connecticut Valley in Massachusetts (by N. B. Sylvester), with illustrations and biographical sketches of some of its prominent men and pioneers [by other authors]	SYLVESTER, Nathaniel Bartlett.		Philadelphia	003562080		1879	http://www.flickr.com/photos/britishlibrary/11273665274	1	000124	11273665274	http://farm8.staticflickr.com/7355/11273665274_d51d3b7015_m.jpg	240	230	http://farm8.staticflickr.com/7355/11273665274_d51d3b7015.jpg	500	479	http://farm8.staticflickr.com/7355/11273665274_d51d3b7015_b.jpg	1024	980	http://farm8.staticflickr.com/7355/11273665274_6177018e60_o.jpg	1202	1150
0		Viaje á la Patagonia austral emprendido bajo los auspicios del Gobierno Nacional 1876-1877. tom. 1	MORENO, Francisco Josué Pascasio.		Buenos Aires	002546654		1879	http://www.flickr.com/photos/britishlibrary/11273644396	1	000249	11273644396	http://farm6.staticflickr.com/5529/11273644396_e413e0643e_m.jpg	155	240	http://farm6.staticflickr.com/5529/11273644396_e413e0643e.jpg	323	500	http://farm6.staticflickr.com/5529/11273644396_e413e0643e_b.jpg	662	1024	http://farm6.staticflickr.com/5529/11273644396_d9ce0dd2f4_o.jpg	1013	1566
01		Sahărâ und Sûdân. Ergebnisse sechsjähriger Reisen in Afrika. (Thl. 3 herausgegeben von E. Groddeck.)	NACHTIGAL, Gustav.		Berlin	002599811		1879	http://www.flickr.com/photos/britishlibrary/11273663534	1	000093	11273663534	http://farm8.staticflickr.com/7309/11273663534_1d8ef7b16a_m.jpg	240	185	http://farm8.staticflickr.com/7309/11273663534_1d8ef7b16a.jpg	500	386	http://farm8.staticflickr.com/7309/11273663534_1d8ef7b16a_b.jpg	1024	791	http://farm8.staticflickr.com/7309/11273663534_da5e28fc4b_o.jpg	1262	975
0	Religious Tract Society	The Lands of Scripture: comprising “Those Holy Fields”; “The Land of the Pharaohs” [both by S. M.]; “Pictures from Bible Lands” (edited by S. G. Green. The illustrations by E. Whymper, etc.)	MANNING, Samuel LL.D		London	002369128		1879	http://www.flickr.com/photos/britishlibrary/11273708923	1	000285	11273708923	http://farm8.staticflickr.com/7368/11273708923_533b465417_m.jpg	240	184	http://farm8.staticflickr.com/7368/11273708923_533b465417.jpg	500	384	http://farm8.staticflickr.com/7368/11273708923_533b465417_b.jpg	1024	787	http://farm8.staticflickr.com/7368/11273708923_fb295f64bc_o.jpg	1433	1102
01		Sahărâ und Sûdân. Ergebnisse sechsjähriger Reisen in Afrika. (Thl. 3 herausgegeben von E. Groddeck.)	NACHTIGAL, Gustav.		Berlin	002599811		1879	http://www.flickr.com/photos/britishlibrary/11273708643	1	000316	11273708643	http://farm3.staticflickr.com/2894/11273708643_7ff48c3f0d_m.jpg	177	240	http://farm3.staticflickr.com/2894/11273708643_7ff48c3f0d.jpg	369	500	http://farm3.staticflickr.com/2894/11273708643_7ff48c3f0d_b.jpg	756	1024	http://farm3.staticflickr.com/2894/11273708643_8d17682922_o.jpg	890	1205
0	Religious Tract Society	The Lands of Scripture: comprising “Those Holy Fields”; “The Land of the Pharaohs” [both by S. M.]; “Pictures from Bible Lands” (edited by S. G. Green. The illustrations by E. Whymper, etc.)	MANNING, Samuel LL.D		London	002369128		1879	http://www.flickr.com/photos/britishlibrary/11273708013	1	000236	11273708013	http://farm3.staticflickr.com/2876/11273708013_2a97b92bf8_m.jpg	218	240	http://farm3.staticflickr.com/2876/11273708013_2a97b92bf8.jpg	454	500	http://farm3.staticflickr.com/2876/11273708013_2a97b92bf8_b.jpg	930	1024	http://farm3.staticflickr.com/2876/11273708013_4e39030c8d_o.jpg	1256	1383
0		The Children's fairy geography, or a merry trip round Europe	WINSLOW, Forbes Edward.	lsidyv3c92d153	London	003952456	ark:/81055/vdc_00000005BE18	1879	http://www.flickr.com/photos/britishlibrary/11273707783	1	000024	11273707783	http://farm6.staticflickr.com/5497/11273707783_e5ce537244_m.jpg	119	240	http://farm6.staticflickr.com/5497/11273707783_e5ce537244.jpg	249	500	http://farm6.staticflickr.com/5497/11273707783_e5ce537244_b.jpg	509	1024	http://farm6.staticflickr.com/5497/11273707783_67b274fe82_o.jpg	875	1762
0	Harper & Bros.	What Mr. Darwin saw in his Voyage round The World in the Ship “Beagle.” [Compiled and adapted from “Journal of Researches into the Geology and Natural History of the Various Countries visited by H.M.S. Beagle, etc.”]	Darwin, Charles	lsidyv3c8ea4b0	New York	000868098	ark:/81055/vdc_00000005BB84	1879	http://www.flickr.com/photos/britishlibrary/11273661894	1	000127	11273661894	http://farm6.staticflickr.com/5471/11273661894_a8af689255_m.jpg	197	240	http://farm6.staticflickr.com/5471/11273661894_a8af689255.jpg	411	500	http://farm6.staticflickr.com/5471/11273661894_a8af689255_b.jpg	841	1024	http://farm6.staticflickr.com/5471/11273661894_46d0c4b064_o.jpg	1151	1402
02	Tinsley Brothers	Berlin under the New Empire, its institutions, inhabitants, industry ... With ... engravings, etc	VIZETELLY, Henry.		London	003807524		1879	http://www.flickr.com/photos/britishlibrary/11273640176	1	000306	11273640176	http://farm3.staticflickr.com/2830/11273640176_86e2f05fc6_m.jpg	240	222	http://farm3.staticflickr.com/2830/11273640176_86e2f05fc6.jpg	500	462	http://farm3.staticflickr.com/2830/11273640176_86e2f05fc6_b.jpg	1024	946	http://farm3.staticflickr.com/2830/11273640176_0657d1207d_o.jpg	1131	1045
0	Religious Tract Society	The Lands of Scripture: comprising “Those Holy Fields”; “The Land of the Pharaohs” [both by S. M.]; “Pictures from Bible Lands” (edited by S. G. Green. The illustrations by E. Whymper, etc.)	MANNING, Samuel LL.D		London	002369128		1879	http://www.flickr.com/photos/britishlibrary/11273706123	1	000422	11273706123	http://farm3.staticflickr.com/2806/11273706123_70df637ec4_m.jpg	240	112	http://farm3.staticflickr.com/2806/11273706123_70df637ec4.jpg	500	232	http://farm3.staticflickr.com/2806/11273706123_70df637ec4_b.jpg	1024	476	http://farm3.staticflickr.com/2806/11273706123_6bd9cea439_o.jpg	1983	922
01	American News Company	Round the world with General Grant. A narrative of the visit of General U. S. Grant ... to various countries ... in 1877, 1878, 1879. To which are added certain conversations with General Grant on questions connected with American politics and history ... With ... illustrations	YOUNG, John Russell.		New York	004002305		1879	http://www.flickr.com/photos/britishlibrary/11273660054	1	000378	11273660054	http://farm6.staticflickr.com/5488/11273660054_5fdee10cae_m.jpg	159	240	http://farm6.staticflickr.com/5488/11273660054_5fdee10cae.jpg	332	500	http://farm6.staticflickr.com/5488/11273660054_5fdee10cae_b.jpg	680	1024	http://farm6.staticflickr.com/5488/11273660054_06112ac715_o.jpg	1142	1720
0	Waterlow & Sons	Up the River from Westminster to Windsor and Oxford; a descriptive panorama of Thames Scenery			London	003606029		1879	http://www.flickr.com/photos/britishlibrary/11273638396	1	000033	11273638396	http://farm8.staticflickr.com/7345/11273638396_e8ab9efe37_m.jpg	169	240	http://farm8.staticflickr.com/7345/11273638396_e8ab9efe37.jpg	352	500	http://farm8.staticflickr.com/7345/11273638396_e8ab9efe37_b.jpg	720	1024	http://farm8.staticflickr.com/7345/11273638396_c17d8aed95_o.jpg	1088	1548
01	William Mackenzie	The National Burns. Edited by Rev. George Gilfillan, including the airs of all the songs, and an original life of Burns by the editor. [With plates, including portraits.]	Burns, Robert		Glasgow	000543200		1879	http://www.flickr.com/photos/britishlibrary/11273594415	3	000217	11273594415	http://farm8.staticflickr.com/7381/11273594415_e28e250eef_m.jpg	240	210	http://farm8.staticflickr.com/7381/11273594415_e28e250eef.jpg	500	437	http://farm8.staticflickr.com/7381/11273594415_e28e250eef_b.jpg	1024	894	http://farm8.staticflickr.com/7381/11273594415_5ed2e465ac_o.jpg	1301	1136
02	Tinsley Brothers	Berlin under the New Empire, its institutions, inhabitants, industry ... With ... engravings, etc	VIZETELLY, Henry.		London	003807524		1879	http://www.flickr.com/photos/britishlibrary/11273703913	1	000113	11273703913	http://farm4.staticflickr.com/3820/11273703913_a609a073a2_m.jpg	240	209	http://farm4.staticflickr.com/3820/11273703913_a609a073a2.jpg	500	436	http://farm4.staticflickr.com/3820/11273703913_a609a073a2_b.jpg	1024	893	http://farm4.staticflickr.com/3820/11273703913_a9d3a2cf86_o.jpg	1445	1260
0	Western Historical Company	The History of Rock County, Wisconsin ... also History of Wisconsin [by C. W. Butterfield] ... Illustrated			Chicago	003128852		1879	http://www.flickr.com/photos/britishlibrary/11273703603	1	000319	11273703603	http://farm3.staticflickr.com/2875/11273703603_fbb730fb90_m.jpg	240	170	http://farm3.staticflickr.com/2875/11273703603_fbb730fb90.jpg	500	354	http://farm3.staticflickr.com/2875/11273703603_fbb730fb90_b.jpg	1024	726	http://farm3.staticflickr.com/2875/11273703603_a3a3d13701_o.jpg	1693	1201
0	W. D. Ensign & Co.	History of Cuyahoga County, Ohio ... With portraits and biographical sketches of its prominent men and pioneers	JOHNSON, Crisfield.		Philadelphia]	001884499		1879	http://www.flickr.com/photos/britishlibrary/11273592605	1	000757	11273592605	http://farm6.staticflickr.com/5495/11273592605_797474c54a_m.jpg	240	184	http://farm6.staticflickr.com/5495/11273592605_797474c54a.jpg	500	382	http://farm6.staticflickr.com/5495/11273592605_797474c54a_b.jpg	1024	783	http://farm6.staticflickr.com/5495/11273592605_b68153f62d_o.jpg	1617	1236
02		Narrative of a journey through the province of Khorassan and on the N.W. frontier of Afghanistan in 1875 ... With illustrations	MacGregor, Charles Metcalfe Sir	lsidyv3c71d1bc	London	002315775	ark:/81055/vdc_00000005B032	1879	http://www.flickr.com/photos/britishlibrary/11273591545	1	000037	11273591545	http://farm8.staticflickr.com/7319/11273591545_fdb1b7436a_m.jpg	208	240	http://farm8.staticflickr.com/7319/11273591545_fdb1b7436a.jpg	434	500	http://farm8.staticflickr.com/7319/11273591545_fdb1b7436a_b.jpg	888	1024	http://farm8.staticflickr.com/7319/11273591545_6055c510dd_o.jpg	1002	1156
0	Religious Tract Society	English Pictures drawn with pen and pencil	MANNING, Samuel LL.D. and GREEN (Samuel Gosnell)	lsidyv3c492c1d	London	002369135	ark:/81055/vdc_000000059460	1879	http://www.flickr.com/photos/britishlibrary/11273635466	1	000170	11273635466	http://farm8.staticflickr.com/7411/11273635466_12b2457c09_m.jpg	240	174	http://farm8.staticflickr.com/7411/11273635466_12b2457c09.jpg	500	363	http://farm8.staticflickr.com/7411/11273635466_12b2457c09_b.jpg	1024	744	http://farm8.staticflickr.com/7411/11273635466_6090e22461_o.jpg	1440	1046
0		Materialien für den Unterricht in der Geographie nach der constructiven Methode	WENZ, Gustav Geographer		München	003889554		1879	http://www.flickr.com/photos/britishlibrary/11273591005	1	000081	11273591005	http://farm8.staticflickr.com/7328/11273591005_3c679f7294_m.jpg	203	240	http://farm8.staticflickr.com/7328/11273591005_3c679f7294.jpg	422	500	http://farm8.staticflickr.com/7328/11273591005_3c679f7294_b.jpg	864	1024	http://farm8.staticflickr.com/7328/11273591005_7c39915155_o.jpg	1258	1491
0		Reise nach West-Sibirien im Jahre 1876. Auf Veranstaltung des Vereins für die Deutsche Nordpolarfahrt in Bremen unternommen mit Dr. A. E. Brehm und Karl Graf v. Waldburg-Zeil-Trauchburg, von Dr. O. F., etc	Finsch, O. (Otto)		Berlin	001238638		1879	http://www.flickr.com/photos/britishlibrary/11273589585	1	000164	11273589585	http://farm8.staticflickr.com/7316/11273589585_29e03fd49c_m.jpg	141	240	http://farm8.staticflickr.com/7316/11273589585_29e03fd49c.jpg	294	500	http://farm8.staticflickr.com/7316/11273589585_29e03fd49c_b.jpg	602	1024	http://farm8.staticflickr.com/7316/11273589585_54b32ca3c8_o.jpg	900	1532
0	John Murray	[The Student's Manual of Modern Geography. Mathematical, physical, and descriptive.]	BEVAN, William Latham.	lsidyv3ca2f2a9	London	000307737	ark:/81055/vdc_00000005C7F6	1879	http://www.flickr.com/photos/britishlibrary/11273699373	1	000529	11273699373	http://farm8.staticflickr.com/7317/11273699373_35364a2117_m.jpg	240	181	http://farm8.staticflickr.com/7317/11273699373_35364a2117.jpg	500	377	http://farm8.staticflickr.com/7317/11273699373_35364a2117_b.jpg	1024	773	http://farm8.staticflickr.com/7317/11273699373_e99d31a695_o.jpg	1622	1225
01	American News Company	Round the world with General Grant. A narrative of the visit of General U. S. Grant ... to various countries ... in 1877, 1878, 1879. To which are added certain conversations with General Grant on questions connected with American politics and history ... With ... illustrations	YOUNG, John Russell.		New York	004002305		1879	http://www.flickr.com/photos/britishlibrary/11273589265	1	000133	11273589265	http://farm8.staticflickr.com/7395/11273589265_63c2ae4d1f_m.jpg	157	240	http://farm8.staticflickr.com/7395/11273589265_63c2ae4d1f.jpg	327	500	http://farm8.staticflickr.com/7395/11273589265_63c2ae4d1f_b.jpg	670	1024	http://farm8.staticflickr.com/7395/11273589265_eff642cdd8_o.jpg	1120	1711
02		A magyar nemzet története. I. kötet írta Bodon J. és Dr. Szalay J. (II.-IV.) kötet, írta Dr. Szalay J.) [With portraits.]	BODON, József and SZALAY (József)		Budapest	000389221		1879	http://www.flickr.com/photos/britishlibrary/11273653334	1	000439	11273653334	http://farm4.staticflickr.com/3761/11273653334_7ba3641d94_m.jpg	240	189	http://farm4.staticflickr.com/3761/11273653334_7ba3641d94.jpg	500	393	http://farm4.staticflickr.com/3761/11273653334_7ba3641d94_b.jpg	1024	805	http://farm4.staticflickr.com/3761/11273653334_e7d6ebddc0_o.jpg	1582	1243
0		Die amerikanische Nordpol-Expedition ... Mit zahlreichen Illustrationen in Holzschnitt, etc	BESSELS, Emil.		Leipzig	000303634		1879	http://www.flickr.com/photos/britishlibrary/11273632106	1	000164	11273632106	http://farm4.staticflickr.com/3688/11273632106_50d9134e1a_m.jpg	186	240	http://farm4.staticflickr.com/3688/11273632106_50d9134e1a.jpg	387	500	http://farm4.staticflickr.com/3688/11273632106_50d9134e1a_b.jpg	793	1024	http://farm4.staticflickr.com/3688/11273632106_1c0683db56_o.jpg	1226	1584
01	L. H. Everts	History of the Connecticut Valley in Massachusetts (by N. B. Sylvester), with illustrations and biographical sketches of some of its prominent men and pioneers [by other authors]	SYLVESTER, Nathaniel Bartlett.		Philadelphia	003562080		1879	http://www.flickr.com/photos/britishlibrary/11273651704	1	000143	11273651704	http://farm3.staticflickr.com/2892/11273651704_39e6146891_m.jpg	240	203	http://farm3.staticflickr.com/2892/11273651704_39e6146891.jpg	500	423	http://farm3.staticflickr.com/2892/11273651704_39e6146891_b.jpg	1024	866	http://farm3.staticflickr.com/2892/11273651704_95b6d9c612_o.jpg	1468	1241
0		The Great Eastern Railway Company's Tourist-Guide to the Continent. ... With illustrations ... and a map	LINDLEY, Percy.	lsidyv3cad916f	London	002174468	ark:/81055/vdc_00000005CE44	1879	http://www.flickr.com/photos/britishlibrary/11273697513	1	000080	11273697513	http://farm4.staticflickr.com/3730/11273697513_8e9286eaa2_m.jpg	188	240	http://farm4.staticflickr.com/3730/11273697513_8e9286eaa2.jpg	391	500	http://farm4.staticflickr.com/3730/11273697513_8e9286eaa2_b.jpg	800	1024	http://farm4.staticflickr.com/3730/11273697513_08414a8bca_o.jpg	941	1204
01	L. H. Everts	History of the Connecticut Valley in Massachusetts (by N. B. Sylvester), with illustrations and biographical sketches of some of its prominent men and pioneers [by other authors]	SYLVESTER, Nathaniel Bartlett.		Philadelphia	003562080		1879	http://www.flickr.com/photos/britishlibrary/11273628396	1	000642	11273628396	http://farm8.staticflickr.com/7324/11273628396_8b27a40035_m.jpg	240	217	http://farm8.staticflickr.com/7324/11273628396_8b27a40035.jpg	500	451	http://farm8.staticflickr.com/7324/11273628396_8b27a40035_b.jpg	1024	924	http://farm8.staticflickr.com/7324/11273628396_9c10eeb322_o.jpg	1448	1307
0	Waterlow & Sons	Up the River from Westminster to Windsor and Oxford; a descriptive panorama of Thames Scenery			London	003606029		1879	http://www.flickr.com/photos/britishlibrary/11273650444	1	000119	11273650444	http://farm8.staticflickr.com/7320/11273650444_5649d3ec6e_m.jpg	143	240	http://farm8.staticflickr.com/7320/11273650444_5649d3ec6e.jpg	298	500	http://farm8.staticflickr.com/7320/11273650444_5649d3ec6e_b.jpg	611	1024	http://farm8.staticflickr.com/7320/11273650444_0e82903a14_o.jpg	923	1548
01	Tinsley Brothers	Berlin under the New Empire, its institutions, inhabitants, industry ... With ... engravings, etc	VIZETELLY, Henry.		London	003807524		1879	http://www.flickr.com/photos/britishlibrary/11273629816	1	000408	11273629816	http://farm3.staticflickr.com/2878/11273629816_d527ab748f_m.jpg	206	240	http://farm3.staticflickr.com/2878/11273629816_d527ab748f.jpg	428	500	http://farm3.staticflickr.com/2878/11273629816_d527ab748f_b.jpg	877	1024	http://farm3.staticflickr.com/2878/11273629816_b3d4a64de7_o.jpg	1217	1421
03		A magyar nemzet története. I. kötet írta Bodon J. és Dr. Szalay J. (II.-IV.) kötet, írta Dr. Szalay J.) [With portraits.]	BODON, József and SZALAY (József)		Budapest	000389221		1879	http://www.flickr.com/photos/britishlibrary/11273692283	1	000425	11273692283	http://farm8.staticflickr.com/7418/11273692283_497482c68f_m.jpg	240	186	http://farm8.staticflickr.com/7418/11273692283_497482c68f.jpg	500	388	http://farm8.staticflickr.com/7418/11273692283_497482c68f_b.jpg	1024	794	http://farm8.staticflickr.com/7418/11273692283_4e39dd907c_o.jpg	1671	1295
02		Paris à travers les siècles. Histoire nationale de Paris et des Parisiens depuis la fondation de Lutèce jusqu'à nos jours, etc	GOURDON DE GENOUILLAC, Nicolas Jules Henri.		Paris	001476975		1879	http://www.flickr.com/photos/britishlibrary/11273693953	1	001183	11273693953	http://farm3.staticflickr.com/2838/11273693953_12ab449ed4_m.jpg	183	240	http://farm3.staticflickr.com/2838/11273693953_12ab449ed4.jpg	381	500	http://farm3.staticflickr.com/2838/11273693953_12ab449ed4_b.jpg	781	1024	http://farm3.staticflickr.com/2838/11273693953_e2e066f9fb_o.jpg	1228	1610
0	W. H. Luke	Illustrated Handbook to Plymouth, Stonehouse & Devonport, with a new map ... New and enlarged edition	WRIGHT, William Henry Kearley.		Plymouth	003985100		1879	http://www.flickr.com/photos/britishlibrary/11273647104	1	000036	11273647104	http://farm6.staticflickr.com/5509/11273647104_ae54d074b9_m.jpg	173	240	http://farm6.staticflickr.com/5509/11273647104_ae54d074b9.jpg	360	500	http://farm6.staticflickr.com/5509/11273647104_ae54d074b9_b.jpg	738	1024	http://farm6.staticflickr.com/5509/11273647104_531c9d0563_o.jpg	913	1267
0		Die amerikanische Nordpol-Expedition ... Mit zahlreichen Illustrationen in Holzschnitt, etc	BESSELS, Emil.		Leipzig	000303634		1879	http://www.flickr.com/photos/britishlibrary/11273581645	1	000390	11273581645	http://farm8.staticflickr.com/7377/11273581645_2138de6b10_m.jpg	229	240	http://farm8.staticflickr.com/7377/11273581645_2138de6b10.jpg	478	500	http://farm8.staticflickr.com/7377/11273581645_2138de6b10_b.jpg	979	1024	http://farm8.staticflickr.com/7377/11273581645_4ce7a00998_o.jpg	1295	1355
0	J. A. & R. A. Reid	The Past and the Present. Narragansett sea and shore. An illustrated guide to Providence, Newport, Narragansett Pier, Block Island, Watch Hill, Rocky Point, Silver Spring, and all the famous sea-side resorts of Rhode Island, with a map of Narragansett Bay	DENISON, Frederic.		Providence	000908069		1879	http://www.flickr.com/photos/britishlibrary/11273645974	1	000129	11273645974	http://farm6.staticflickr.com/5504/11273645974_a9c9159eab_m.jpg	240	167	http://farm6.staticflickr.com/5504/11273645974_a9c9159eab.jpg	500	349	http://farm6.staticflickr.com/5504/11273645974_a9c9159eab_b.jpg	1024	714	http://farm6.staticflickr.com/5504/11273645974_f094df7234_o.jpg	1317	918
0	Everts & Ensign	History of Toga, Chemung, Tompkins, and Schuyler Counties, New York. With illustrations and biographical sketches of some of its prominent men and pioneers	PEIRCE, Henry B. and HURD (Duane Hamilton)		Philadelphia	002810116		1879	http://www.flickr.com/photos/britishlibrary/11273645424	1	000518	11273645424	http://farm6.staticflickr.com/5542/11273645424_bfdecb069d_m.jpg	240	195	http://farm6.staticflickr.com/5542/11273645424_bfdecb069d.jpg	500	406	http://farm6.staticflickr.com/5542/11273645424_bfdecb069d_b.jpg	1024	832	http://farm6.staticflickr.com/5542/11273645424_088200e6a9_o.jpg	1456	1183
0		Up the Amazon and Madeira Rivers, through Bolivia and Peru	MATHEWS, Edward Davis.		London	002421157		1879	http://www.flickr.com/photos/britishlibrary/11273645204	1	000080	11273645204	http://farm8.staticflickr.com/7333/11273645204_69fd03545e_m.jpg	161	240	http://farm8.staticflickr.com/7333/11273645204_69fd03545e.jpg	334	500	http://farm8.staticflickr.com/7333/11273645204_69fd03545e_b.jpg	685	1024	http://farm8.staticflickr.com/7333/11273645204_fc7889b14d_o.jpg	895	1337
0		Les Vieilles Villes de Suisse. Notes et souvenirs. Ouvrage illustré de 105 dessins à la plume par A. Robida reproduits en fac-simile	ROBIDA, Albert.		Paris	003121715		1879	http://www.flickr.com/photos/britishlibrary/11273622456	1	000271	11273622456	http://farm4.staticflickr.com/3750/11273622456_16ec059ded_m.jpg	165	240	http://farm4.staticflickr.com/3750/11273622456_16ec059ded.jpg	344	500	http://farm4.staticflickr.com/3750/11273622456_16ec059ded_b.jpg	705	1024	http://farm4.staticflickr.com/3750/11273622456_988390fff6_o.jpg	1165	1692
01	Tinsley Brothers	Berlin under the New Empire, its institutions, inhabitants, industry ... With ... engravings, etc	VIZETELLY, Henry.		London	003807524		1879	http://www.flickr.com/photos/britishlibrary/11273688823	1	000101	11273688823	http://farm4.staticflickr.com/3748/11273688823_b115a73bfd_m.jpg	170	240	http://farm4.staticflickr.com/3748/11273688823_b115a73bfd.jpg	354	500	http://farm4.staticflickr.com/3748/11273688823_b115a73bfd_b.jpg	726	1024	http://farm4.staticflickr.com/3748/11273688823_bac46d0254_o.jpg	1008	1421
0	Religious Tract Society	The Lands of Scripture: comprising “Those Holy Fields”; “The Land of the Pharaohs” [both by S. M.]; “Pictures from Bible Lands” (edited by S. G. Green. The illustrations by E. Whymper, etc.)	MANNING, Samuel LL.D		London	002369128		1879	http://www.flickr.com/photos/britishlibrary/11273621936	1	000339	11273621936	http://farm4.staticflickr.com/3772/11273621936_2e25f82d15_m.jpg	194	240	http://farm4.staticflickr.com/3772/11273621936_2e25f82d15.jpg	405	500	http://farm4.staticflickr.com/3772/11273621936_2e25f82d15_b.jpg	829	1024	http://farm4.staticflickr.com/3772/11273621936_aa721a074a_o.jpg	1085	1340
0		The Children's fairy geography, or a merry trip round Europe	WINSLOW, Forbes Edward.	lsidyv3c92d153	London	003952456	ark:/81055/vdc_00000005BE18	1879	http://www.flickr.com/photos/britishlibrary/11273642294	1	000314	11273642294	http://farm6.staticflickr.com/5475/11273642294_694b546255_m.jpg	166	240	http://farm6.staticflickr.com/5475/11273642294_694b546255.jpg	346	500	http://farm6.staticflickr.com/5475/11273642294_694b546255_b.jpg	708	1024	http://farm6.staticflickr.com/5475/11273642294_e840e61cab_o.jpg	1041	1505
0		La Grecia moderna. Ricordi ... Con 31 incisioni	PENNAZZI, Luigi Count		Milano	002815965		1879	http://www.flickr.com/photos/britishlibrary/11273687033	1	000127	11273687033	http://farm4.staticflickr.com/3690/11273687033_59348c511c_m.jpg	186	240	http://farm4.staticflickr.com/3690/11273687033_59348c511c.jpg	387	500	http://farm4.staticflickr.com/3690/11273687033_59348c511c_b.jpg	792	1024	http://farm4.staticflickr.com/3690/11273687033_515c0cd3f9_o.jpg	1025	1326
0	Cassell, Petter, Galpin & Co.	Morocco: its people and places ... Translated by C. Rollin-Tilton. With ... illustrations	AMICIS, Edmondo de.	lsidyv3c6b00d2	London	000070870	ark:/81055/vdc_00000005AC0C	1879	http://www.flickr.com/photos/britishlibrary/11273576015	1	000242	11273576015	http://farm8.staticflickr.com/7343/11273576015_566499e427_m.jpg	240	107	http://farm8.staticflickr.com/7343/11273576015_566499e427.jpg	500	224	http://farm8.staticflickr.com/7343/11273576015_566499e427_b.jpg	1024	458	http://farm8.staticflickr.com/7343/11273576015_c4916a3017_o.jpg	1913	856
0	Waterlow & Sons	Up the River from Westminster to Windsor and Oxford; a descriptive panorama of Thames Scenery			London	003606029		1879	http://www.flickr.com/photos/britishlibrary/11273575595	1	000039	11273575595	http://farm8.staticflickr.com/7407/11273575595_174dcaf4e8_m.jpg	124	240	http://farm8.staticflickr.com/7407/11273575595_174dcaf4e8.jpg	259	500	http://farm8.staticflickr.com/7407/11273575595_174dcaf4e8_b.jpg	530	1024	http://farm8.staticflickr.com/7407/11273575595_d32b83b1f5_o.jpg	738	1426
0		[Brazil and the Brazilians ... in historical and descriptive sketches ... Engravings.]	KIDDER, Daniel Parish and FLETCHER (James C.)		London	001961854		1879	http://www.flickr.com/photos/britishlibrary/11273618486	1	000547	11273618486	http://farm6.staticflickr.com/5507/11273618486_300d80895c_m.jpg	146	240	http://farm6.staticflickr.com/5507/11273618486_300d80895c.jpg	304	500	http://farm6.staticflickr.com/5507/11273618486_300d80895c_b.jpg	623	1024	http://farm6.staticflickr.com/5507/11273618486_94420ec08b_o.jpg	843	1386
0	Religious Tract Society	English Pictures drawn with pen and pencil	MANNING, Samuel LL.D. and GREEN (Samuel Gosnell)	lsidyv3c492c1d	London	002369135	ark:/81055/vdc_000000059460	1879	http://www.flickr.com/photos/britishlibrary/11273683823	1	000224	11273683823	http://farm4.staticflickr.com/3823/11273683823_4fd706c50f_m.jpg	185	240	http://farm4.staticflickr.com/3823/11273683823_4fd706c50f.jpg	386	500	http://farm4.staticflickr.com/3823/11273683823_4fd706c50f_b.jpg	791	1024	http://farm4.staticflickr.com/3823/11273683823_f1bd1185ab_o.jpg	1140	1475
0	Religious Tract Society	The Lands of Scripture: comprising “Those Holy Fields”; “The Land of the Pharaohs” [both by S. M.]; “Pictures from Bible Lands” (edited by S. G. Green. The illustrations by E. Whymper, etc.)	MANNING, Samuel LL.D		London	002369128		1879	http://www.flickr.com/photos/britishlibrary/11273574215	1	000341	11273574215	http://farm6.staticflickr.com/5487/11273574215_2251bd180a_m.jpg	110	240	http://farm6.staticflickr.com/5487/11273574215_2251bd180a.jpg	229	500	http://farm6.staticflickr.com/5487/11273574215_2251bd180a_b.jpg	470	1024	http://farm6.staticflickr.com/5487/11273574215_5b2135a2c7_o.jpg	922	2008
0	Western Historical Company	The history of Lee County, Iowa. ... Illustrated				002109349		1879	http://www.flickr.com/photos/britishlibrary/11273638484	2	000098	11273638484	http://farm3.staticflickr.com/2870/11273638484_d2402eb02a_m.jpg	156	240	http://farm3.staticflickr.com/2870/11273638484_d2402eb02a.jpg	325	500	http://farm3.staticflickr.com/2870/11273638484_d2402eb02a_b.jpg	666	1024	http://farm3.staticflickr.com/2870/11273638484_5abd5f386f_o.jpg	1023	1574
0	The Mission Press	The manners and customs of the Chinese of the Straits Settlements	VAUGHAN, Jonas Daniel.	lsidyv3c6920e3	Singapore	003763775	ark:/81055/vdc_00000005AABC	1879	http://www.flickr.com/photos/britishlibrary/11273682723	1	000093	11273682723	http://farm6.staticflickr.com/5486/11273682723_583e0bdfa9_m.jpg	181	240	http://farm6.staticflickr.com/5486/11273682723_583e0bdfa9.jpg	377	500	http://farm6.staticflickr.com/5486/11273682723_583e0bdfa9_b.jpg	772	1024	http://farm6.staticflickr.com/5486/11273682723_d6c34c1a19_o.jpg	1117	1481
0	Macmillan and Co.	The Arctic Voyages of A. E. Nordenskiöld. 1858-1879. With illustrations and maps	LESLIE, Alexander of Aberdeen		London	002142895		1879	http://www.flickr.com/photos/britishlibrary/11273615696	1	000299	11273615696	http://farm3.staticflickr.com/2878/11273615696_45c3a838bc_m.jpg	165	240	http://farm3.staticflickr.com/2878/11273615696_45c3a838bc.jpg	344	500	http://farm3.staticflickr.com/2878/11273615696_45c3a838bc_b.jpg	705	1024	http://farm3.staticflickr.com/2878/11273615696_1497341f53_o.jpg	1045	1517
01	American News Company	Round the world with General Grant. A narrative of the visit of General U. S. Grant ... to various countries ... in 1877, 1878, 1879. To which are added certain conversations with General Grant on questions connected with American politics and history ... With ... illustrations	YOUNG, John Russell.		New York	004002305		1879	http://www.flickr.com/photos/britishlibrary/11273637314	1	000405	11273637314	http://farm4.staticflickr.com/3743/11273637314_671c85cacb_m.jpg	163	240	http://farm4.staticflickr.com/3743/11273637314_671c85cacb.jpg	340	500	http://farm4.staticflickr.com/3743/11273637314_671c85cacb_b.jpg	697	1024	http://farm4.staticflickr.com/3743/11273637314_5d46a81c0d_o.jpg	1162	1708
01		Old and New London, etc	Thornbury, Walter	lsidyv3c47ab1a	London	003628788	ark:/81055/vdc_000000059328	1879	http://www.flickr.com/photos/britishlibrary/11273570085	1	000357	11273570085	http://farm4.staticflickr.com/3809/11273570085_c1286f6476_m.jpg	240	177	http://farm4.staticflickr.com/3809/11273570085_c1286f6476.jpg	500	369	http://farm4.staticflickr.com/3809/11273570085_c1286f6476_b.jpg	1024	755	http://farm4.staticflickr.com/3809/11273570085_8b6da36fa5_o.jpg	1447	1067
0	Lewis, Peck & Co.	History of Steuben County, New York, with illustrations and biographical sketches of some of its prominent men and pioneers	CLAYTON, W. Woodford.		Philadelphia	000719876		1879	http://www.flickr.com/photos/britishlibrary/11273570285	1	000711	11273570285	http://farm8.staticflickr.com/7298/11273570285_81d311c6c0_m.jpg	240	169	http://farm8.staticflickr.com/7298/11273570285_81d311c6c0.jpg	500	353	http://farm8.staticflickr.com/7298/11273570285_81d311c6c0_b.jpg	1024	722	http://farm8.staticflickr.com/7298/11273570285_a280d0b40f_o.jpg	1610	1135
0	Moses King	King's Handbook of Boston. Profusely illustrated. [With a map.]	KING, Moses.		Cambridge, Mass	001968594		1879	http://www.flickr.com/photos/britishlibrary/11273678283	1	000337	11273678283	http://farm6.staticflickr.com/5547/11273678283_7aaace0c8b_m.jpg	191	240	http://farm6.staticflickr.com/5547/11273678283_7aaace0c8b.jpg	398	500	http://farm6.staticflickr.com/5547/11273678283_7aaace0c8b_b.jpg	816	1024	http://farm6.staticflickr.com/5547/11273678283_c59ef31b56_o.jpg	1122	1408
0		The History of France, from the earliest times to the outbreak of the Revolution. Abridged from ... R. Black's translation of ... Guizot's larger history. With chronological index, ... tables, portraits ... By G. Masson, etc	GUIZOT, François Pierre Guillaume.		London	001541681		1879	http://www.flickr.com/photos/britishlibrary/11273634354	1	000359	11273634354	http://farm4.staticflickr.com/3829/11273634354_04a67e2fdf_m.jpg	160	240	http://farm4.staticflickr.com/3829/11273634354_04a67e2fdf.jpg	334	500	http://farm4.staticflickr.com/3829/11273634354_04a67e2fdf_b.jpg	684	1024	http://farm4.staticflickr.com/3829/11273634354_3e6273f652_o.jpg	932	1396
0	Lewis, Peck & Co.	History of Steuben County, New York, with illustrations and biographical sketches of some of its prominent men and pioneers	CLAYTON, W. Woodford.		Philadelphia	000719876		1879	http://www.flickr.com/photos/britishlibrary/11273677183	1	000093	11273677183	http://farm4.staticflickr.com/3695/11273677183_27a2524290_m.jpg	240	163	http://farm4.staticflickr.com/3695/11273677183_27a2524290.jpg	500	340	http://farm4.staticflickr.com/3695/11273677183_27a2524290_b.jpg	1024	697	http://farm4.staticflickr.com/3695/11273677183_fba2381053_o.jpg	1646	1120
02	American News Company	Round the world with General Grant. A narrative of the visit of General U. S. Grant ... to various countries ... in 1877, 1878, 1879. To which are added certain conversations with General Grant on questions connected with American politics and history ... With ... illustrations	YOUNG, John Russell.		New York	004002305		1879	http://www.flickr.com/photos/britishlibrary/11273675993	1	000619	11273675993	http://farm6.staticflickr.com/5476/11273675993_fa65d4201e_m.jpg	173	240	http://farm6.staticflickr.com/5476/11273675993_fa65d4201e.jpg	360	500	http://farm6.staticflickr.com/5476/11273675993_fa65d4201e_b.jpg	737	1024	http://farm6.staticflickr.com/5476/11273675993_be6d16c150_o.jpg	1233	1713
01		A magyar nemzet története. I. kötet írta Bodon J. és Dr. Szalay J. (II.-IV.) kötet, írta Dr. Szalay J.) [With portraits.]	BODON, József and SZALAY (József)		Budapest	000389221		1879	http://www.flickr.com/photos/britishlibrary/11273609576	1	000261	11273609576	http://farm6.staticflickr.com/5505/11273609576_24b84bc832_m.jpg	240	210	http://farm6.staticflickr.com/5505/11273609576_24b84bc832.jpg	500	438	http://farm6.staticflickr.com/5505/11273609576_24b84bc832_b.jpg	1024	897	http://farm6.staticflickr.com/5505/11273609576_0fda6de852_o.jpg	1431	1253
0	D. W. Ensign & Co.	History of Columbiana County, Ohio, with illustrations and biographical sketches of its prominent men and pioneers	MACK, Horace.		Philadelphia	002319445		1879	http://www.flickr.com/photos/britishlibrary/11273608236	1	000146	11273608236	http://farm8.staticflickr.com/7379/11273608236_c2bc61f063_m.jpg	240	185	http://farm8.staticflickr.com/7379/11273608236_c2bc61f063.jpg	500	386	http://farm8.staticflickr.com/7379/11273608236_c2bc61f063_b.jpg	1024	790	http://farm8.staticflickr.com/7379/11273608236_1876e9ffbb_o.jpg	1267	978
0		The Illustrated Guide to Sheffield and the surrounding district, etc	TAYLOR, John of Sheffield		Sheffield	003589731		1879	http://www.flickr.com/photos/britishlibrary/11273630204	1	000124	11273630204	http://farm6.staticflickr.com/5501/11273630204_2667d7b2dd_m.jpg	190	240	http://farm6.staticflickr.com/5501/11273630204_2667d7b2dd.jpg	396	500	http://farm6.staticflickr.com/5501/11273630204_2667d7b2dd_b.jpg	811	1024	http://farm6.staticflickr.com/5501/11273630204_9e9e7a181a_o.jpg	1121	1415
0	Religious Tract Society	The Lands of Scripture: comprising “Those Holy Fields”; “The Land of the Pharaohs” [both by S. M.]; “Pictures from Bible Lands” (edited by S. G. Green. The illustrations by E. Whymper, etc.)	MANNING, Samuel LL.D		London	002369128		1879	http://www.flickr.com/photos/britishlibrary/11273606306	1	000262	11273606306	http://farm3.staticflickr.com/2885/11273606306_ce2830d82a_m.jpg	175	240	http://farm3.staticflickr.com/2885/11273606306_ce2830d82a.jpg	365	500	http://farm3.staticflickr.com/2885/11273606306_ce2830d82a_b.jpg	747	1024	http://farm3.staticflickr.com/2885/11273606306_d80bc1ee31_o.jpg	1041	1427
02	L. H. Everts	History of the Connecticut Valley in Massachusetts (by N. B. Sylvester), with illustrations and biographical sketches of some of its prominent men and pioneers [by other authors]	SYLVESTER, Nathaniel Bartlett.		Philadelphia	003562080		1879	http://www.flickr.com/photos/britishlibrary/11273628844	1	000816	11273628844	http://farm4.staticflickr.com/3705/11273628844_67768386ef_m.jpg	240	193	http://farm4.staticflickr.com/3705/11273628844_67768386ef.jpg	500	402	http://farm4.staticflickr.com/3705/11273628844_67768386ef_b.jpg	1024	823	http://farm4.staticflickr.com/3705/11273628844_80220db0db_o.jpg	1161	933
02	American News Company	Round the world with General Grant. A narrative of the visit of General U. S. Grant ... to various countries ... in 1877, 1878, 1879. To which are added certain conversations with General Grant on questions connected with American politics and history ... With ... illustrations	YOUNG, John Russell.		New York	004002305		1879	http://www.flickr.com/photos/britishlibrary/11273627384	1	000408	11273627384	http://farm6.staticflickr.com/5500/11273627384_6a77d14e41_m.jpg	171	240	http://farm6.staticflickr.com/5500/11273627384_6a77d14e41.jpg	355	500	http://farm6.staticflickr.com/5500/11273627384_6a77d14e41_b.jpg	728	1024	http://farm6.staticflickr.com/5500/11273627384_1e409673e4_o.jpg	1202	1691
01	Tinsley Brothers	Berlin under the New Empire, its institutions, inhabitants, industry ... With ... engravings, etc	VIZETELLY, Henry.		London	003807524		1879	http://www.flickr.com/photos/britishlibrary/11273604586	1	000454	11273604586	http://farm4.staticflickr.com/3809/11273604586_b9c9050ee3_m.jpg	240	206	http://farm4.staticflickr.com/3809/11273604586_b9c9050ee3.jpg	500	429	http://farm4.staticflickr.com/3809/11273604586_b9c9050ee3_b.jpg	1024	879	http://farm4.staticflickr.com/3809/11273604586_b52bb24b8b_o.jpg	1110	953
02	D. Appleton & Co.	[Appleton's European Guide Book illustrated. Including England, Scotland, and Ireland, France, Belgium, Holland, Northern and Southern Germany, Switzerland, Italy, Spain and Portugal, Russia, Denmark, Norway, and Sweden. Containing ... maps, etc.]	APPLETON, Daniel AND CO	lsidyv3cbe7355	New York; Longmans & Co	000100280	ark:/81055/vdc_00000005D9DE	1879	http://www.flickr.com/photos/britishlibrary/11273625574	1	000254	11273625574	http://farm8.staticflickr.com/7328/11273625574_b762000669_m.jpg	208	240	http://farm8.staticflickr.com/7328/11273625574_b762000669.jpg	433	500	http://farm8.staticflickr.com/7328/11273625574_b762000669_b.jpg	886	1024	http://farm8.staticflickr.com/7328/11273625574_d88a348bfd_o.jpg	1111	1284
01	American News Company	Round the world with General Grant. A narrative of the visit of General U. S. Grant ... to various countries ... in 1877, 1878, 1879. To which are added certain conversations with General Grant on questions connected with American politics and history ... With ... illustrations	YOUNG, John Russell.		New York	004002305		1879	http://www.flickr.com/photos/britishlibrary/11273602986	1	000117	11273602986	http://farm6.staticflickr.com/5508/11273602986_5e078236e7_m.jpg	154	240	http://farm6.staticflickr.com/5508/11273602986_5e078236e7.jpg	322	500	http://farm6.staticflickr.com/5508/11273602986_5e078236e7_b.jpg	659	1024	http://farm6.staticflickr.com/5508/11273602986_d24bf8f66b_o.jpg	1088	1690
01	American News Company	Round the world with General Grant. A narrative of the visit of General U. S. Grant ... to various countries ... in 1877, 1878, 1879. To which are added certain conversations with General Grant on questions connected with American politics and history ... With ... illustrations	YOUNG, John Russell.		New York	004002305		1879	http://www.flickr.com/photos/britishlibrary/11273601756	1	000187	11273601756	http://farm4.staticflickr.com/3833/11273601756_f41a6624b5_m.jpg	146	240	http://farm4.staticflickr.com/3833/11273601756_f41a6624b5.jpg	305	500	http://farm4.staticflickr.com/3833/11273601756_f41a6624b5_b.jpg	625	1024	http://farm4.staticflickr.com/3833/11273601756_4076ff876b_o.jpg	1032	1690
0	Everts & Ensign	History of Toga, Chemung, Tompkins, and Schuyler Counties, New York. With illustrations and biographical sketches of some of its prominent men and pioneers	PEIRCE, Henry B. and HURD (Duane Hamilton)		Philadelphia	002810116		1879	http://www.flickr.com/photos/britishlibrary/11273557245	1	000155	11273557245	http://farm8.staticflickr.com/7370/11273557245_8aba3e196a_m.jpg	240	196	http://farm8.staticflickr.com/7370/11273557245_8aba3e196a.jpg	500	409	http://farm8.staticflickr.com/7370/11273557245_8aba3e196a_b.jpg	1024	837	http://farm8.staticflickr.com/7370/11273557245_be4a23d910_o.jpg	1573	1285
0	Harper & Bros.	What Mr. Darwin saw in his Voyage round The World in the Ship “Beagle.” [Compiled and adapted from “Journal of Researches into the Geology and Natural History of the Various Countries visited by H.M.S. Beagle, etc.”]	Darwin, Charles	lsidyv3c8ea4b0	New York	000868098	ark:/81055/vdc_00000005BB84	1879	http://www.flickr.com/photos/britishlibrary/11273621664	1	000227	11273621664	http://farm4.staticflickr.com/3794/11273621664_5a9393ed37_m.jpg	240	216	http://farm4.staticflickr.com/3794/11273621664_5a9393ed37.jpg	500	450	http://farm4.staticflickr.com/3794/11273621664_5a9393ed37_b.jpg	1024	922	http://farm4.staticflickr.com/3794/11273621664_0c9ee055db_o.jpg	1406	1266
01		A magyar nemzet története. I. kötet írta Bodon J. és Dr. Szalay J. (II.-IV.) kötet, írta Dr. Szalay J.) [With portraits.]	BODON, József and SZALAY (József)		Budapest	000389221		1879	http://www.flickr.com/photos/britishlibrary/11273665973	1	000223	11273665973	http://farm4.staticflickr.com/3821/11273665973_2d699e5cfc_m.jpg	60	240	http://farm4.staticflickr.com/3821/11273665973_2d699e5cfc.jpg	126	500	http://farm4.staticflickr.com/3821/11273665973_2d699e5cfc_b.jpg	258	1024	http://farm4.staticflickr.com/3821/11273665973_6b2cdcaa31_o.jpg	478	1899
01		The Australian abroad. Branches from the Main Routes round the World. [Reprinted from the Melbourne “Argus.” With illustrations.] 2 series	HINGSTON, James.	lsidyv3cbf9abe	London	001689101	ark:/81055/vdc_00000005DA7A	1879	http://www.flickr.com/photos/britishlibrary/11273599636	1	000137	11273599636	http://farm3.staticflickr.com/2836/11273599636_934b3d24a5_m.jpg	157	240	http://farm3.staticflickr.com/2836/11273599636_934b3d24a5.jpg	328	500	http://farm3.staticflickr.com/2836/11273599636_934b3d24a5_b.jpg	671	1024	http://farm3.staticflickr.com/2836/11273599636_df43d865fe_o.jpg	903	1378
0	Wesleyan Conference Office	Rambles in Bible Lands	NEWTON, Richard D.D., Rector of St. Paul's Church, Philadelphia	lsidyv3ca35e3a	London	002646495	ark:/81055/vdc_00000005C826	1879	http://www.flickr.com/photos/britishlibrary/11273598526	1	000045	11273598526	http://farm3.staticflickr.com/2807/11273598526_38a59d52e6_m.jpg	240	203	http://farm3.staticflickr.com/2807/11273598526_38a59d52e6.jpg	500	422	http://farm3.staticflickr.com/2807/11273598526_38a59d52e6_b.jpg	1024	865	http://farm3.staticflickr.com/2807/11273598526_353a5bb9db_o.jpg	1566	1323
01	William Mackenzie	The National Burns. Edited by Rev. George Gilfillan, including the airs of all the songs, and an original life of Burns by the editor. [With plates, including portraits.]	Burns, Robert		Glasgow	000543200		1879	http://www.flickr.com/photos/britishlibrary/11273554085	1	000225	11273554085	http://farm3.staticflickr.com/2869/11273554085_b39ce834ea_m.jpg	240	148	http://farm3.staticflickr.com/2869/11273554085_b39ce834ea.jpg	500	308	http://farm3.staticflickr.com/2869/11273554085_b39ce834ea_b.jpg	1024	630	http://farm3.staticflickr.com/2869/11273554085_dcd7e35452_o.jpg	1756	1080
01		A magyar nemzet története. I. kötet írta Bodon J. és Dr. Szalay J. (II.-IV.) kötet, írta Dr. Szalay J.) [With portraits.]	BODON, József and SZALAY (József)		Budapest	000389221		1879	http://www.flickr.com/photos/britishlibrary/11273664253	1	000100	11273664253	http://farm6.staticflickr.com/5486/11273664253_b6a4e5ee5d_m.jpg	240	201	http://farm6.staticflickr.com/5486/11273664253_b6a4e5ee5d.jpg	500	419	http://farm6.staticflickr.com/5486/11273664253_b6a4e5ee5d_b.jpg	1024	859	http://farm6.staticflickr.com/5486/11273664253_38c4abfdb7_o.jpg	1338	1123
01	American News Company	Round the world with General Grant. A narrative of the visit of General U. S. Grant ... to various countries ... in 1877, 1878, 1879. To which are added certain conversations with General Grant on questions connected with American politics and history ... With ... illustrations	YOUNG, John Russell.		New York	004002305		1879	http://www.flickr.com/photos/britishlibrary/11273662983	1	000528	11273662983	http://farm6.staticflickr.com/5537/11273662983_6f3b61d8a9_m.jpg	240	164	http://farm6.staticflickr.com/5537/11273662983_6f3b61d8a9.jpg	500	342	http://farm6.staticflickr.com/5537/11273662983_6f3b61d8a9_b.jpg	1024	701	http://farm6.staticflickr.com/5537/11273662983_46ccb2d175_o.jpg	1683	1152
0		A Dreamer's sketch-book ... [In verse.] With illustrations	WALTERS, Sophia Lydia.		London, Edinburgh [printed]	003845078		1879	http://www.flickr.com/photos/britishlibrary/11273618024	1	000052	11273618024	http://farm4.staticflickr.com/3746/11273618024_9a7b752fa8_m.jpg	240	239	http://farm4.staticflickr.com/3746/11273618024_9a7b752fa8.jpg	500	497	http://farm4.staticflickr.com/3746/11273618024_9a7b752fa8_b.jpg	1024	1018	http://farm4.staticflickr.com/3746/11273618024_feef013f5c_o.jpg	1235	1228
0	Religious Tract Society	English Pictures drawn with pen and pencil	MANNING, Samuel LL.D. and GREEN (Samuel Gosnell)	lsidyv3c492c1d	London	002369135	ark:/81055/vdc_000000059460	1879	http://www.flickr.com/photos/britishlibrary/11273552045	1	000082	11273552045	http://farm4.staticflickr.com/3784/11273552045_5b7eedef80_m.jpg	184	240	http://farm4.staticflickr.com/3784/11273552045_5b7eedef80.jpg	382	500	http://farm4.staticflickr.com/3784/11273552045_5b7eedef80_b.jpg	783	1024	http://farm4.staticflickr.com/3784/11273552045_9874ee6f3e_o.jpg	1266	1655
01	Tinsley Brothers	Berlin under the New Empire, its institutions, inhabitants, industry ... With ... engravings, etc	VIZETELLY, Henry.		London	003807524		1879	http://www.flickr.com/photos/britishlibrary/11273551365	1	000274	11273551365	http://farm4.staticflickr.com/3776/11273551365_87ff60f0b2_m.jpg	240	230	http://farm4.staticflickr.com/3776/11273551365_87ff60f0b2.jpg	500	479	http://farm4.staticflickr.com/3776/11273551365_87ff60f0b2_b.jpg	1024	981	http://farm4.staticflickr.com/3776/11273551365_744fe313e4_o.jpg	1401	1342
02	Tinsley Brothers	Berlin under the New Empire, its institutions, inhabitants, industry ... With ... engravings, etc	VIZETELLY, Henry.		London	003807524		1879	http://www.flickr.com/photos/britishlibrary/11273594576	1	000114	11273594576	http://farm3.staticflickr.com/2840/11273594576_c7c7fb851f_m.jpg	240	188	http://farm3.staticflickr.com/2840/11273594576_c7c7fb851f.jpg	500	392	http://farm3.staticflickr.com/2840/11273594576_c7c7fb851f_b.jpg	1024	802	http://farm3.staticflickr.com/2840/11273594576_952317e0d0_o.jpg	1196	937
0		The Life of Charles Dickens ... With forty illustrations	FORSTER, John Barrister-at-Law, of the Inner Temple		Chapman & Hall, London	001272474		1879	http://www.flickr.com/photos/britishlibrary/11273616174	1	000360	11273616174	http://farm8.staticflickr.com/7364/11273616174_212fe0c671_m.jpg	240	181	http://farm8.staticflickr.com/7364/11273616174_212fe0c671.jpg	500	376	http://farm8.staticflickr.com/7364/11273616174_212fe0c671_b.jpg	1024	771	http://farm8.staticflickr.com/7364/11273616174_478e338143_o.jpg	1298	977
0	Waterlow & Sons	Up the River from Westminster to Windsor and Oxford; a descriptive panorama of Thames Scenery			London	003606029		1879	http://www.flickr.com/photos/britishlibrary/11273592546	1	000053	11273592546	http://farm6.staticflickr.com/5521/11273592546_99d02d3b46_m.jpg	240	176	http://farm6.staticflickr.com/5521/11273592546_99d02d3b46.jpg	500	367	http://farm6.staticflickr.com/5521/11273592546_99d02d3b46_b.jpg	1024	751	http://farm6.staticflickr.com/5521/11273592546_15057f39d9_o.jpg	1348	988
01	Tinsley Brothers	Berlin under the New Empire, its institutions, inhabitants, industry ... With ... engravings, etc	VIZETELLY, Henry.		London	003807524		1879	http://www.flickr.com/photos/britishlibrary/11273658713	1	000062	11273658713	http://farm6.staticflickr.com/5476/11273658713_f7884ebcfb_m.jpg	240	159	http://farm6.staticflickr.com/5476/11273658713_f7884ebcfb.jpg	500	331	http://farm6.staticflickr.com/5476/11273658713_f7884ebcfb_b.jpg	1024	677	http://farm6.staticflickr.com/5476/11273658713_e45389bf34_o.jpg	1803	1192
0	Everts & Abbott	History of Hillsdale County, Michigan, with illustrations and biographical sketches of some of its prominent men, etc	Johnson, Crisfield.		Philadelphia	001884500		1879	http://www.flickr.com/photos/britishlibrary/11273614844	2	000207	11273614844	http://farm4.staticflickr.com/3744/11273614844_fc20c3e9bf_m.jpg	240	193	http://farm4.staticflickr.com/3744/11273614844_fc20c3e9bf.jpg	500	402	http://farm4.staticflickr.com/3744/11273614844_fc20c3e9bf_b.jpg	1024	823	http://farm4.staticflickr.com/3744/11273614844_01ffc0d4db_o.jpg	1183	951
0		Les Rues du vieux Paris. Galerie populaire et pittoresque ... Ouvrage illustré de 165 gravures sur bois	FOURNEL, Victor.		Paris	001279089		1879	http://www.flickr.com/photos/britishlibrary/11273612594	1	000209	11273612594	http://farm4.staticflickr.com/3809/11273612594_07fb82e40b_m.jpg	240	185	http://farm4.staticflickr.com/3809/11273612594_07fb82e40b.jpg	500	385	http://farm4.staticflickr.com/3809/11273612594_07fb82e40b_b.jpg	1024	788	http://farm4.staticflickr.com/3809/11273612594_288fecfc08_o.jpg	1678	1292
0	Western Historical Company	The history of Henry County, Iowa. ... Illustrated			Chicago	001653329		1879	http://www.flickr.com/photos/britishlibrary/11273591306	2	000015	11273591306	http://farm3.staticflickr.com/2872/11273591306_a60098a446_m.jpg	240	239	http://farm3.staticflickr.com/2872/11273591306_a60098a446.jpg	500	498	http://farm3.staticflickr.com/2872/11273591306_a60098a446_b.jpg	1024	1019	http://farm3.staticflickr.com/2872/11273591306_83512e9708_o.jpg	1193	1187
04		Old and New London, etc	Thornbury, Walter	lsidyv3c47ab1a	London	003628788	ark:/81055/vdc_000000059328	1879	http://www.flickr.com/photos/britishlibrary/11273657343	1	000363	11273657343	http://farm6.staticflickr.com/5524/11273657343_10ff7ce4d6_m.jpg	240	165	http://farm6.staticflickr.com/5524/11273657343_10ff7ce4d6.jpg	500	344	http://farm6.staticflickr.com/5524/11273657343_10ff7ce4d6_b.jpg	1024	705	http://farm6.staticflickr.com/5524/11273657343_d04481f7bc_o.jpg	1568	1080
02		A magyar nemzet története. I. kötet írta Bodon J. és Dr. Szalay J. (II.-IV.) kötet, írta Dr. Szalay J.) [With portraits.]	BODON, József and SZALAY (József)		Budapest	000389221		1879	http://www.flickr.com/photos/britishlibrary/11273611414	5	000213	11273611414	http://farm4.staticflickr.com/3672/11273611414_0d2577db37_m.jpg	95	240	http://farm4.staticflickr.com/3672/11273611414_0d2577db37.jpg	197	500	http://farm4.staticflickr.com/3672/11273611414_0d2577db37_b.jpg	404	1024	http://farm4.staticflickr.com/3672/11273611414_51be1fdcb3_o.jpg	755	1913
0	Cassell, Petter, Galpin & Co.	Morocco: its people and places ... Translated by C. Rollin-Tilton. With ... illustrations	AMICIS, Edmondo de.	lsidyv3c6b00d2	London	000070870	ark:/81055/vdc_00000005AC0C	1879	http://www.flickr.com/photos/britishlibrary/11273655753	1	000218	11273655753	http://farm6.staticflickr.com/5510/11273655753_f26276b935_m.jpg	96	240	http://farm6.staticflickr.com/5510/11273655753_f26276b935.jpg	200	500	http://farm6.staticflickr.com/5510/11273655753_f26276b935_b.jpg	410	1024	http://farm6.staticflickr.com/5510/11273655753_218afc5d0e_o.jpg	711	1775
01		The Australian abroad. Branches from the Main Routes round the World. [Reprinted from the Melbourne “Argus.” With illustrations.] 2 series	HINGSTON, James.	lsidyv3cbf9abe	London	001689101	ark:/81055/vdc_00000005DA7A	1879	http://www.flickr.com/photos/britishlibrary/11273611014	1	000245	11273611014	http://farm6.staticflickr.com/5480/11273611014_571a008007_m.jpg	172	240	http://farm6.staticflickr.com/5480/11273611014_571a008007.jpg	358	500	http://farm6.staticflickr.com/5480/11273611014_571a008007_b.jpg	733	1024	http://farm6.staticflickr.com/5480/11273611014_d9cbbbfb28_o.jpg	920	1286
0	Waterlow & Sons	Up the River from Westminster to Windsor and Oxford; a descriptive panorama of Thames Scenery			London	003606029		1879	http://www.flickr.com/photos/britishlibrary/11273654703	1	000070	11273654703	http://farm6.staticflickr.com/5481/11273654703_85c0d15595_m.jpg	195	240	http://farm6.staticflickr.com/5481/11273654703_85c0d15595.jpg	405	500	http://farm6.staticflickr.com/5481/11273654703_85c0d15595_b.jpg	830	1024	http://farm6.staticflickr.com/5481/11273654703_05cf04c6bc_o.jpg	1047	1292
0	John Murray	[The Student's Manual of Modern Geography. Mathematical, physical, and descriptive.]	BEVAN, William Latham.	lsidyv3ca2f2a9	London	000307737	ark:/81055/vdc_00000005C7F6	1879	http://www.flickr.com/photos/britishlibrary/11273654153	1	000252	11273654153	http://farm4.staticflickr.com/3807/11273654153_e5f8718610_m.jpg	218	240	http://farm4.staticflickr.com/3807/11273654153_e5f8718610.jpg	454	500	http://farm4.staticflickr.com/3807/11273654153_e5f8718610_b.jpg	929	1024	http://farm4.staticflickr.com/3807/11273654153_3a8d8bc8b1_o.jpg	1111	1225
01		Old and New London, etc	Thornbury, Walter	lsidyv3c47ab1a	London	003628788	ark:/81055/vdc_000000059328	1879	http://www.flickr.com/photos/britishlibrary/11273609024	1	000540	11273609024	http://farm8.staticflickr.com/7297/11273609024_2e60f3e74a_m.jpg	240	211	http://farm8.staticflickr.com/7297/11273609024_2e60f3e74a.jpg	500	440	http://farm8.staticflickr.com/7297/11273609024_2e60f3e74a_b.jpg	1024	901	http://farm8.staticflickr.com/7297/11273609024_5693f9135f_o.jpg	1138	1001
0	J. A. & R. A. Reid	The Past and the Present. Narragansett sea and shore. An illustrated guide to Providence, Newport, Narragansett Pier, Block Island, Watch Hill, Rocky Point, Silver Spring, and all the famous sea-side resorts of Rhode Island, with a map of Narragansett Bay	DENISON, Frederic.		Providence	000908069		1879	http://www.flickr.com/photos/britishlibrary/11273607924	1	000008	11273607924	http://farm8.staticflickr.com/7405/11273607924_82403639c7_m.jpg	240	147	http://farm8.staticflickr.com/7405/11273607924_82403639c7.jpg	500	306	http://farm8.staticflickr.com/7405/11273607924_82403639c7_b.jpg	1024	627	http://farm8.staticflickr.com/7405/11273607924_097e55269d_o.jpg	1556	953
0	Harper & Bros.	From Egypt to Palestine through Sinai, the Wilderness and the South Country. Observations of a journey made with special reference to the history of the Israelites ... With maps and illustrations	BARTLETT, Samuel Colcord.	lsidyv3c53baba	New York	000216339	ark:/81055/vdc_000000059CA0	1879	http://www.flickr.com/photos/britishlibrary/11273652293	1	000040	11273652293	http://farm6.staticflickr.com/5484/11273652293_5c66ca3307_m.jpg	238	240	http://farm6.staticflickr.com/5484/11273652293_5c66ca3307.jpg	495	500	http://farm6.staticflickr.com/5484/11273652293_5c66ca3307_b.jpg	1014	1024	http://farm6.staticflickr.com/5484/11273652293_947b8c4725_o.jpg	1387	1401
0	Religious Tract Society	English Pictures drawn with pen and pencil	MANNING, Samuel LL.D. and GREEN (Samuel Gosnell)	lsidyv3c492c1d	London	002369135	ark:/81055/vdc_000000059460	1879	http://www.flickr.com/photos/britishlibrary/11273652693	1	000022	11273652693	http://farm3.staticflickr.com/2881/11273652693_ba0127a790_m.jpg	198	240	http://farm3.staticflickr.com/2881/11273652693_ba0127a790.jpg	413	500	http://farm3.staticflickr.com/2881/11273652693_ba0127a790_b.jpg	846	1024	http://farm3.staticflickr.com/2881/11273652693_776b47cbd6_o.jpg	1111	1345
02	D. Appleton & Co.	[Appleton's European Guide Book illustrated. Including England, Scotland, and Ireland, France, Belgium, Holland, Northern and Southern Germany, Switzerland, Italy, Spain and Portugal, Russia, Denmark, Norway, and Sweden. Containing ... maps, etc.]	APPLETON, Daniel AND CO	lsidyv3cbe7355	New York; Longmans & Co	000100280	ark:/81055/vdc_00000005D9DE	1879	http://www.flickr.com/photos/britishlibrary/11273584266	1	000004	11273584266	http://farm3.staticflickr.com/2832/11273584266_83f3b03c2b_m.jpg	165	240	http://farm3.staticflickr.com/2832/11273584266_83f3b03c2b.jpg	345	500	http://farm3.staticflickr.com/2832/11273584266_83f3b03c2b_b.jpg	706	1024	http://farm3.staticflickr.com/2832/11273584266_042fd2a99c_o.jpg	885	1284
02	Tinsley Brothers	Berlin under the New Empire, its institutions, inhabitants, industry ... With ... engravings, etc	VIZETELLY, Henry.		London	003807524		1879	http://www.flickr.com/photos/britishlibrary/11273606404	1	000292	11273606404	http://farm8.staticflickr.com/7443/11273606404_7a3399e737_m.jpg	240	173	http://farm8.staticflickr.com/7443/11273606404_7a3399e737.jpg	500	359	http://farm8.staticflickr.com/7443/11273606404_7a3399e737_b.jpg	1024	736	http://farm8.staticflickr.com/7443/11273606404_fab9abbb5a_o.jpg	1317	947
0	J. A. & R. A. Reid	The Past and the Present. Narragansett sea and shore. An illustrated guide to Providence, Newport, Narragansett Pier, Block Island, Watch Hill, Rocky Point, Silver Spring, and all the famous sea-side resorts of Rhode Island, with a map of Narragansett Bay	DENISON, Frederic.		Providence	000908069		1879	http://www.flickr.com/photos/britishlibrary/11273584546	1	000127	11273584546	http://farm3.staticflickr.com/2810/11273584546_cc9db2c4d2_m.jpg	192	240	http://farm3.staticflickr.com/2810/11273584546_cc9db2c4d2.jpg	399	500	http://farm3.staticflickr.com/2810/11273584546_cc9db2c4d2_b.jpg	818	1024	http://farm3.staticflickr.com/2810/11273584546_216b7e9a70_o.jpg	975	1221
0	Harper & Bros.	What Mr. Darwin saw in his Voyage round The World in the Ship “Beagle.” [Compiled and adapted from “Journal of Researches into the Geology and Natural History of the Various Countries visited by H.M.S. Beagle, etc.”]	Darwin, Charles	lsidyv3c8ea4b0	New York	000868098	ark:/81055/vdc_00000005BB84	1879	http://www.flickr.com/photos/britishlibrary/11273583836	1	000164	11273583836	http://farm4.staticflickr.com/3685/11273583836_121b226093_m.jpg	155	240	http://farm4.staticflickr.com/3685/11273583836_121b226093.jpg	323	500	http://farm4.staticflickr.com/3685/11273583836_121b226093_b.jpg	661	1024	http://farm4.staticflickr.com/3685/11273583836_295a6a8fe9_o.jpg	917	1421
0	Wesleyan Conference Office	Rambles in Bible Lands	NEWTON, Richard D.D., Rector of St. Paul's Church, Philadelphia	lsidyv3ca35e3a	London	002646495	ark:/81055/vdc_00000005C826	1879	http://www.flickr.com/photos/britishlibrary/11273649253	1	000113	11273649253	http://farm8.staticflickr.com/7379/11273649253_cfcdb210c8_m.jpg	234	240	http://farm8.staticflickr.com/7379/11273649253_cfcdb210c8.jpg	488	500	http://farm8.staticflickr.com/7379/11273649253_cfcdb210c8_b.jpg	999	1024	http://farm8.staticflickr.com/7379/11273649253_ed0d763767_o.jpg	1343	1376
0	W. H. Luke	Illustrated Handbook to Plymouth, Stonehouse & Devonport, with a new map ... New and enlarged edition	WRIGHT, William Henry Kearley.		Plymouth	003985100		1879	http://www.flickr.com/photos/britishlibrary/11273604534	1	000208	11273604534	http://farm8.staticflickr.com/7435/11273604534_620bdae455_m.jpg	240	85	http://farm8.staticflickr.com/7435/11273604534_620bdae455.jpg	500	178	http://farm8.staticflickr.com/7435/11273604534_620bdae455_b.jpg	1024	364	http://farm8.staticflickr.com/7435/11273604534_64e631e71a_o.jpg	1849	657
02	Tinsley Brothers	Berlin under the New Empire, its institutions, inhabitants, industry ... With ... engravings, etc	VIZETELLY, Henry.		London	003807524		1879	http://www.flickr.com/photos/britishlibrary/11273582126	1	000304	11273582126	http://farm8.staticflickr.com/7293/11273582126_3736dd7e18_m.jpg	240	188	http://farm8.staticflickr.com/7293/11273582126_3736dd7e18.jpg	500	393	http://farm8.staticflickr.com/7293/11273582126_3736dd7e18_b.jpg	1024	804	http://farm8.staticflickr.com/7293/11273582126_11c836be0c_o.jpg	1478	1160
0	Religious Tract Society	English Pictures drawn with pen and pencil	MANNING, Samuel LL.D. and GREEN (Samuel Gosnell)	lsidyv3c492c1d	London	002369135	ark:/81055/vdc_000000059460	1879	http://www.flickr.com/photos/britishlibrary/11273602874	1	000026	11273602874	http://farm6.staticflickr.com/5543/11273602874_4ab932a295_m.jpg	166	240	http://farm6.staticflickr.com/5543/11273602874_4ab932a295.jpg	345	500	http://farm6.staticflickr.com/5543/11273602874_4ab932a295_b.jpg	707	1024	http://farm6.staticflickr.com/5543/11273602874_5a884cb378_o.jpg	862	1248
0		The Great Eastern Railway Company's Tourist-Guide to the Continent. ... With illustrations ... and a map	LINDLEY, Percy.	lsidyv3cad916f	London	002174468	ark:/81055/vdc_00000005CE44	1879	http://www.flickr.com/photos/britishlibrary/11273580866	1	000101	11273580866	http://farm3.staticflickr.com/2823/11273580866_971d73b541_m.jpg	229	240	http://farm3.staticflickr.com/2823/11273580866_971d73b541.jpg	478	500	http://farm3.staticflickr.com/2823/11273580866_971d73b541_b.jpg	979	1024	http://farm3.staticflickr.com/2823/11273580866_6b5bb0d2c1_o.jpg	1151	1204
0	John Murray	[The Student's Manual of Modern Geography. Mathematical, physical, and descriptive.]	BEVAN, William Latham.	lsidyv3ca2f2a9	London	000307737	ark:/81055/vdc_00000005C7F6	1879	http://www.flickr.com/photos/britishlibrary/11273602114	1	000654	11273602114	http://farm6.staticflickr.com/5500/11273602114_744168e6f8_m.jpg	187	240	http://farm6.staticflickr.com/5500/11273602114_744168e6f8.jpg	390	500	http://farm6.staticflickr.com/5500/11273602114_744168e6f8_b.jpg	799	1024	http://farm6.staticflickr.com/5500/11273602114_febbfbc4d2_o.jpg	956	1225
0	T. Lewis	Waltham, past and present, and its industries. With ... photographic illustrations	NELSON, Charles Alexander.		Cambridge [Mass.]	002618620		1879	http://www.flickr.com/photos/britishlibrary/11273580006	2	000065	11273580006	http://farm4.staticflickr.com/3710/11273580006_cbc1842e2d_m.jpg	179	240	http://farm4.staticflickr.com/3710/11273580006_cbc1842e2d.jpg	373	500	http://farm4.staticflickr.com/3710/11273580006_cbc1842e2d_b.jpg	763	1024	http://farm4.staticflickr.com/3710/11273580006_7a83576844_o.jpg	1025	1376
0		Saint-Pierre de Rome. Ouvrage illustré, etc	LORBAC, Charles de.		Rome	002259706		1879	http://www.flickr.com/photos/britishlibrary/11273600604	1	000100	11273600604	http://farm6.staticflickr.com/5501/11273600604_782e586585_m.jpg	240	195	http://farm6.staticflickr.com/5501/11273600604_782e586585.jpg	500	407	http://farm6.staticflickr.com/5501/11273600604_782e586585_b.jpg	1024	833	http://farm6.staticflickr.com/5501/11273600604_e36bde0601_o.jpg	1207	982
0	Harper & Bros.	From Egypt to Palestine through Sinai, the Wilderness and the South Country. Observations of a journey made with special reference to the history of the Israelites ... With maps and illustrations	BARTLETT, Samuel Colcord.	lsidyv3c53baba	New York	000216339	ark:/81055/vdc_000000059CA0	1879	http://www.flickr.com/photos/britishlibrary/11273535115	1	000233	11273535115	http://farm6.staticflickr.com/5521/11273535115_0d8959e036_m.jpg	199	240	http://farm6.staticflickr.com/5521/11273535115_0d8959e036.jpg	416	500	http://farm6.staticflickr.com/5521/11273535115_0d8959e036_b.jpg	851	1024	http://farm6.staticflickr.com/5521/11273535115_bf66376910_o.jpg	1066	1282
01	American News Company	Round the world with General Grant. A narrative of the visit of General U. S. Grant ... to various countries ... in 1877, 1878, 1879. To which are added certain conversations with General Grant on questions connected with American politics and history ... With ... illustrations	YOUNG, John Russell.		New York	004002305		1879	http://www.flickr.com/photos/britishlibrary/11273644993	1	000166	11273644993	http://farm8.staticflickr.com/7434/11273644993_77844a776d_m.jpg	240	153	http://farm8.staticflickr.com/7434/11273644993_77844a776d.jpg	500	318	http://farm8.staticflickr.com/7434/11273644993_77844a776d_b.jpg	1024	652	http://farm8.staticflickr.com/7434/11273644993_33550b7d69_o.jpg	1353	862
01	L. H. Everts	History of the Connecticut Valley in Massachusetts (by N. B. Sylvester), with illustrations and biographical sketches of some of its prominent men and pioneers [by other authors]	SYLVESTER, Nathaniel Bartlett.		Philadelphia	003562080		1879	http://www.flickr.com/photos/britishlibrary/11273534325	1	000341	11273534325	http://farm4.staticflickr.com/3698/11273534325_4043a416e1_m.jpg	203	240	http://farm4.staticflickr.com/3698/11273534325_4043a416e1.jpg	422	500	http://farm4.staticflickr.com/3698/11273534325_4043a416e1_b.jpg	864	1024	http://farm4.staticflickr.com/3698/11273534325_31c3f48abd_o.jpg	1317	1561
0		[Conversaciones históricas Malagueñas ó materiales de noticias ... para formar la historia ... de la ... ciudad de Málaga, ... que publica ... C. Garcia de la Leña [or rather C. de Medina Conde].]	MEDINA CONDE, Christóbal de.		Málaga	002444074		1879	http://www.flickr.com/photos/britishlibrary/11273534025	1	000299	11273534025	http://farm4.staticflickr.com/3719/11273534025_1cfd5f07fe_m.jpg	240	101	http://farm4.staticflickr.com/3719/11273534025_1cfd5f07fe.jpg	500	211	http://farm4.staticflickr.com/3719/11273534025_1cfd5f07fe_b.jpg	1024	433	http://farm4.staticflickr.com/3719/11273534025_a992da97e8_o.jpg	1636	691
0	Everts & Ensign	History of Toga, Chemung, Tompkins, and Schuyler Counties, New York. With illustrations and biographical sketches of some of its prominent men and pioneers	PEIRCE, Henry B. and HURD (Duane Hamilton)		Philadelphia	002810116		1879	http://www.flickr.com/photos/britishlibrary/11273533165	1	000936	11273533165	http://farm4.staticflickr.com/3699/11273533165_c351cb303b_m.jpg	240	203	http://farm4.staticflickr.com/3699/11273533165_c351cb303b.jpg	500	422	http://farm4.staticflickr.com/3699/11273533165_c351cb303b_b.jpg	1024	864	http://farm4.staticflickr.com/3699/11273533165_abdf9e7b14_o.jpg	1463	1235
0		[Viaje á la Patagonia austral emprendido bajo los auspicios del Gobierno Nacional 1876-1877. tom. 1.]	MORENO, Francisco Josué Pascasio.		Buenos Aires	002546655		1879	http://www.flickr.com/photos/britishlibrary/11273643073	1	000005	11273643073	http://farm8.staticflickr.com/7363/11273643073_59ca09a1bb_m.jpg	145	240	http://farm8.staticflickr.com/7363/11273643073_59ca09a1bb.jpg	302	500	http://farm8.staticflickr.com/7363/11273643073_59ca09a1bb_b.jpg	618	1024	http://farm8.staticflickr.com/7363/11273643073_68e76490d8_o.jpg	953	1578
02	American News Company	Round the world with General Grant. A narrative of the visit of General U. S. Grant ... to various countries ... in 1877, 1878, 1879. To which are added certain conversations with General Grant on questions connected with American politics and history ... With ... illustrations	YOUNG, John Russell.		New York	004002305		1879	http://www.flickr.com/photos/britishlibrary/11273597374	1	000419	11273597374	http://farm4.staticflickr.com/3825/11273597374_460c1a0993_m.jpg	174	240	http://farm4.staticflickr.com/3825/11273597374_460c1a0993.jpg	363	500	http://farm4.staticflickr.com/3825/11273597374_460c1a0993_b.jpg	743	1024	http://farm4.staticflickr.com/3825/11273597374_547912910c_o.jpg	1210	1667
0	Religious Tract Society	English Pictures drawn with pen and pencil	MANNING, Samuel LL.D. and GREEN (Samuel Gosnell)	lsidyv3c492c1d	London	002369135	ark:/81055/vdc_000000059460	1879	http://www.flickr.com/photos/britishlibrary/11273575706	1	000180	11273575706	http://farm4.staticflickr.com/3748/11273575706_43d4fe7c02_m.jpg	240	178	http://farm4.staticflickr.com/3748/11273575706_43d4fe7c02.jpg	500	370	http://farm4.staticflickr.com/3748/11273575706_43d4fe7c02_b.jpg	1024	758	http://farm4.staticflickr.com/3748/11273575706_3d3840face_o.jpg	1461	1081
02	American News Company	Round the world with General Grant. A narrative of the visit of General U. S. Grant ... to various countries ... in 1877, 1878, 1879. To which are added certain conversations with General Grant on questions connected with American politics and history ... With ... illustrations	YOUNG, John Russell.		New York	004002305		1879	http://www.flickr.com/photos/britishlibrary/11273596744	1	000470	11273596744	http://farm4.staticflickr.com/3739/11273596744_8b4a5739d2_m.jpg	240	178	http://farm4.staticflickr.com/3739/11273596744_8b4a5739d2.jpg	500	372	http://farm4.staticflickr.com/3739/11273596744_8b4a5739d2_b.jpg	1024	761	http://farm4.staticflickr.com/3739/11273596744_165c975832_o.jpg	1563	1162
02	Tinsley Brothers	Berlin under the New Empire, its institutions, inhabitants, industry ... With ... engravings, etc	VIZETELLY, Henry.		London	003807524		1879	http://www.flickr.com/photos/britishlibrary/11273641433	1	000286	11273641433	http://farm3.staticflickr.com/2877/11273641433_c4364fe1b5_m.jpg	209	240	http://farm3.staticflickr.com/2877/11273641433_c4364fe1b5.jpg	435	500	http://farm3.staticflickr.com/2877/11273641433_c4364fe1b5_b.jpg	891	1024	http://farm3.staticflickr.com/2877/11273641433_8ca21825a5_o.jpg	1263	1452
0	Western Historical Company	The History of Des Moines County, Iowa, containing a history of the county ... a biographical directory of citizens ... portraits of early settlers and prominent men ... history of Iowa, map of Des Moines County ... Illustrated			Chicago	000916004		1879	http://www.flickr.com/photos/britishlibrary/11273595214	1	000604	11273595214	http://farm4.staticflickr.com/3789/11273595214_9486239af4_m.jpg	240	156	http://farm4.staticflickr.com/3789/11273595214_9486239af4.jpg	500	326	http://farm4.staticflickr.com/3789/11273595214_9486239af4_b.jpg	1024	667	http://farm4.staticflickr.com/3789/11273595214_650f4bf765_o.jpg	1586	1033
0	Religious Tract Society	English Pictures drawn with pen and pencil	MANNING, Samuel LL.D. and GREEN (Samuel Gosnell)	lsidyv3c492c1d	London	002369135	ark:/81055/vdc_000000059460	1879	http://www.flickr.com/photos/britishlibrary/11273529325	1	000013	11273529325	http://farm6.staticflickr.com/5489/11273529325_70449c79b1_m.jpg	88	240	http://farm6.staticflickr.com/5489/11273529325_70449c79b1.jpg	184	500	http://farm6.staticflickr.com/5489/11273529325_70449c79b1_b.jpg	377	1024	http://farm6.staticflickr.com/5489/11273529325_b65a5153b6_o.jpg	712	1932
0	E. Marlborough & Co.	Popular Guide up the Thames, to Kew, Richmond, Twickenham and Hampton Court			London	003605985		1879	http://www.flickr.com/photos/britishlibrary/11273528045	1	000029	11273528045	http://farm6.staticflickr.com/5520/11273528045_dd46410cba_m.jpg	181	240	http://farm6.staticflickr.com/5520/11273528045_dd46410cba.jpg	377	500	http://farm6.staticflickr.com/5520/11273528045_dd46410cba_b.jpg	772	1024	http://farm6.staticflickr.com/5520/11273528045_c1fb56068c_o.jpg	965	1280
0	Moses King	King's Handbook of Boston. Profusely illustrated. [With a map.]	KING, Moses.		Cambridge, Mass	001968594		1879	http://www.flickr.com/photos/britishlibrary/11273571846	1	000150	11273571846	http://farm4.staticflickr.com/3687/11273571846_32ddb89a29_m.jpg	149	240	http://farm4.staticflickr.com/3687/11273571846_32ddb89a29.jpg	311	500	http://farm4.staticflickr.com/3687/11273571846_32ddb89a29_b.jpg	637	1024	http://farm4.staticflickr.com/3687/11273571846_a21df73374_o.jpg	876	1408
01	American News Company	Round the world with General Grant. A narrative of the visit of General U. S. Grant ... to various countries ... in 1877, 1878, 1879. To which are added certain conversations with General Grant on questions connected with American politics and history ... With ... illustrations	YOUNG, John Russell.		New York	004002305		1879	http://www.flickr.com/photos/britishlibrary/11273570526	1	000521	11273570526	http://farm3.staticflickr.com/2881/11273570526_e156b463d9_m.jpg	172	240	http://farm3.staticflickr.com/2881/11273570526_e156b463d9.jpg	357	500	http://farm3.staticflickr.com/2881/11273570526_e156b463d9_b.jpg	732	1024	http://farm3.staticflickr.com/2881/11273570526_6b02b8f225_o.jpg	1241	1735
0	Everts & Ensign	History of Toga, Chemung, Tompkins, and Schuyler Counties, New York. With illustrations and biographical sketches of some of its prominent men and pioneers	PEIRCE, Henry B. and HURD (Duane Hamilton)		Philadelphia	002810116		1879	http://www.flickr.com/photos/britishlibrary/11273637163	2	000448	11273637163	http://farm4.staticflickr.com/3813/11273637163_6b8a3e4ed6_m.jpg	240	184	http://farm4.staticflickr.com/3813/11273637163_6b8a3e4ed6.jpg	500	383	http://farm4.staticflickr.com/3813/11273637163_6b8a3e4ed6_b.jpg	1024	784	http://farm4.staticflickr.com/3813/11273637163_f94b27ebeb_o.jpg	1260	965
0	John Murray	[The Student's Manual of Modern Geography. Mathematical, physical, and descriptive.]	BEVAN, William Latham.	lsidyv3ca2f2a9	London	000307737	ark:/81055/vdc_00000005C7F6	1879	http://www.flickr.com/photos/britishlibrary/11273591704	1	000402	11273591704	http://farm4.staticflickr.com/3702/11273591704_e09b28aa1e_m.jpg	176	240	http://farm4.staticflickr.com/3702/11273591704_e09b28aa1e.jpg	368	500	http://farm4.staticflickr.com/3702/11273591704_e09b28aa1e_b.jpg	753	1024	http://farm4.staticflickr.com/3702/11273591704_a3f55edb14_o.jpg	901	1225
0		The Complete Guide to Clevedon and its vicinity ... with notes on the natural history of the neighbourhood. By R. S. S. Illustrated	S., R. S.		Clevedon	003213996		1879	http://www.flickr.com/photos/britishlibrary/11273524815	1	000042	11273524815	http://farm8.staticflickr.com/7444/11273524815_1143e4a68d_m.jpg	240	178	http://farm8.staticflickr.com/7444/11273524815_1143e4a68d.jpg	500	372	http://farm8.staticflickr.com/7444/11273524815_1143e4a68d_b.jpg	1024	761	http://farm8.staticflickr.com/7444/11273524815_8b52afca4c_o.jpg	1583	1176
01		Narrative of a journey through the province of Khorassan and on the N.W. frontier of Afghanistan in 1875 ... With illustrations	MacGregor, Charles Metcalfe Sir	lsidyv3c71d1bc	London	002315775	ark:/81055/vdc_00000005B032	1879	http://www.flickr.com/photos/britishlibrary/11273568806	1	000295	11273568806	http://farm6.staticflickr.com/5541/11273568806_6355e12033_m.jpg	240	95	http://farm6.staticflickr.com/5541/11273568806_6355e12033.jpg	500	198	http://farm6.staticflickr.com/5541/11273568806_6355e12033_b.jpg	1024	406	http://farm6.staticflickr.com/5541/11273568806_67d35d00bd_o.jpg	2238	888
0		The Illustrated Guide to Sheffield and the surrounding district, etc	TAYLOR, John of Sheffield		Sheffield	003589731		1879	http://www.flickr.com/photos/britishlibrary/11273635603	1	000360	11273635603	http://farm6.staticflickr.com/5550/11273635603_64c0161cfb_m.jpg	191	240	http://farm6.staticflickr.com/5550/11273635603_64c0161cfb.jpg	398	500	http://farm6.staticflickr.com/5550/11273635603_64c0161cfb_b.jpg	815	1024	http://farm6.staticflickr.com/5550/11273635603_a5a804753d_o.jpg	1126	1415
0	H. Johnson	History of Stamford. [Illustrated.]	NEVINSON, Charles.		Stamford	002631380		1879	http://www.flickr.com/photos/britishlibrary/11273588864	1	000006	11273588864	http://farm3.staticflickr.com/2877/11273588864_d0d57784a2_m.jpg	240	135	http://farm3.staticflickr.com/2877/11273588864_d0d57784a2.jpg	500	281	http://farm3.staticflickr.com/2877/11273588864_d0d57784a2_b.jpg	1024	576	http://farm3.staticflickr.com/2877/11273588864_299761a5d6_o.jpg	1827	1028
0	Harper & Bros.	What Mr. Darwin saw in his Voyage round The World in the Ship “Beagle.” [Compiled and adapted from “Journal of Researches into the Geology and Natural History of the Various Countries visited by H.M.S. Beagle, etc.”]	Darwin, Charles	lsidyv3c8ea4b0	New York	000868098	ark:/81055/vdc_00000005BB84	1879	http://www.flickr.com/photos/britishlibrary/11273588384	1	000091	11273588384	http://farm8.staticflickr.com/7424/11273588384_5cc12611da_m.jpg	203	240	http://farm8.staticflickr.com/7424/11273588384_5cc12611da.jpg	422	500	http://farm8.staticflickr.com/7424/11273588384_5cc12611da_b.jpg	865	1024	http://farm8.staticflickr.com/7424/11273588384_0da0141a82_o.jpg	1033	1223
0		Les Rues du vieux Paris. Galerie populaire et pittoresque ... Ouvrage illustré de 165 gravures sur bois	FOURNEL, Victor.		Paris	001279089		1879	http://www.flickr.com/photos/britishlibrary/11273523295	1	000385	11273523295	http://farm8.staticflickr.com/7366/11273523295_c9ce8a2450_m.jpg	240	169	http://farm8.staticflickr.com/7366/11273523295_c9ce8a2450.jpg	500	353	http://farm8.staticflickr.com/7366/11273523295_c9ce8a2450_b.jpg	1024	723	http://farm8.staticflickr.com/7366/11273523295_b389d0f8d3_o.jpg	1300	918
0		[Viaje á la Patagonia austral emprendido bajo los auspicios del Gobierno Nacional 1876-1877. tom. 1.]	MORENO, Francisco Josué Pascasio.		Buenos Aires	002546655		1879	http://www.flickr.com/photos/britishlibrary/11273587654	1	000158	11273587654	http://farm4.staticflickr.com/3785/11273587654_5f90d7421b_m.jpg	167	240	http://farm4.staticflickr.com/3785/11273587654_5f90d7421b.jpg	349	500	http://farm4.staticflickr.com/3785/11273587654_5f90d7421b_b.jpg	714	1024	http://farm4.staticflickr.com/3785/11273587654_1f62de38c5_o.jpg	1025	1471
0		Les Vieilles Villes de Suisse. Notes et souvenirs. Ouvrage illustré de 105 dessins à la plume par A. Robida reproduits en fac-simile	ROBIDA, Albert.		Paris	003121715		1879	http://www.flickr.com/photos/britishlibrary/11273632593	1	000289	11273632593	http://farm4.staticflickr.com/3792/11273632593_e3f025f8a8_m.jpg	172	240	http://farm4.staticflickr.com/3792/11273632593_e3f025f8a8.jpg	357	500	http://farm4.staticflickr.com/3792/11273632593_e3f025f8a8_b.jpg	732	1024	http://farm4.staticflickr.com/3792/11273632593_2f373229f6_o.jpg	1075	1503
01		The Australian abroad. Branches from the Main Routes round the World. [Reprinted from the Melbourne “Argus.” With illustrations.] 2 series	HINGSTON, James.	lsidyv3cbf9abe	London	001689101	ark:/81055/vdc_00000005DA7A	1879	http://www.flickr.com/photos/britishlibrary/11273565256	1	000076	11273565256	http://farm6.staticflickr.com/5485/11273565256_3f4887da37_m.jpg	240	203	http://farm6.staticflickr.com/5485/11273565256_3f4887da37.jpg	500	423	http://farm6.staticflickr.com/5485/11273565256_3f4887da37_b.jpg	1024	866	http://farm6.staticflickr.com/5485/11273565256_a0ac439a83_o.jpg	1113	941
01	American News Company	Round the world with General Grant. A narrative of the visit of General U. S. Grant ... to various countries ... in 1877, 1878, 1879. To which are added certain conversations with General Grant on questions connected with American politics and history ... With ... illustrations	YOUNG, John Russell.		New York	004002305		1879	http://www.flickr.com/photos/britishlibrary/11273564306	1	000402	11273564306	http://farm6.staticflickr.com/5529/11273564306_650deef3ae_m.jpg	154	240	http://farm6.staticflickr.com/5529/11273564306_650deef3ae.jpg	321	500	http://farm6.staticflickr.com/5529/11273564306_650deef3ae_b.jpg	657	1024	http://farm6.staticflickr.com/5529/11273564306_142ce7abd6_o.jpg	1102	1717
01	D. Appleton & Co.	[Appleton's European Guide Book illustrated. Including England, Scotland, and Ireland, France, Belgium, Holland, Northern and Southern Germany, Switzerland, Italy, Spain and Portugal, Russia, Denmark, Norway, and Sweden. Containing ... maps, etc.]	APPLETON, Daniel AND CO	lsidyv3cbe7355	New York; Longmans & Co	000100280	ark:/81055/vdc_00000005D9DE	1879	http://www.flickr.com/photos/britishlibrary/11273564146	1	000334	11273564146	http://farm8.staticflickr.com/7309/11273564146_948d400869_m.jpg	240	190	http://farm8.staticflickr.com/7309/11273564146_948d400869.jpg	500	396	http://farm8.staticflickr.com/7309/11273564146_948d400869_b.jpg	1024	812	http://farm8.staticflickr.com/7309/11273564146_cf44c90c6a_o.jpg	1303	1033
0		Sahara & Sahel. I. Un Été dans le Sahara. II. Une Année dans le Sahel. Édition illustrée d'eaux fortes ... et de quarante-cinq gravures, etc	Fromentin, Eugène		Paris	001334608		1879	http://www.flickr.com/photos/britishlibrary/11273585244	1	000472	11273585244	http://farm4.staticflickr.com/3689/11273585244_ba7543451e_m.jpg	226	240	http://farm4.staticflickr.com/3689/11273585244_ba7543451e.jpg	471	500	http://farm4.staticflickr.com/3689/11273585244_ba7543451e_b.jpg	964	1024	http://farm4.staticflickr.com/3689/11273585244_4a8f72b843_o.jpg	1018	1081
01	L. H. Everts	History of the Connecticut Valley in Massachusetts (by N. B. Sylvester), with illustrations and biographical sketches of some of its prominent men and pioneers [by other authors]	SYLVESTER, Nathaniel Bartlett.		Philadelphia	003562080		1879	http://www.flickr.com/photos/britishlibrary/11273518685	1	000311	11273518685	http://farm8.staticflickr.com/7289/11273518685_e86fa32a45_m.jpg	240	207	http://farm8.staticflickr.com/7289/11273518685_e86fa32a45.jpg	500	432	http://farm8.staticflickr.com/7289/11273518685_e86fa32a45_b.jpg	1024	884	http://farm8.staticflickr.com/7289/11273518685_a70a863441_o.jpg	1475	1273
0		Saint-Pierre de Rome. Ouvrage illustré, etc	LORBAC, Charles de.		Rome	002259706		1879	http://www.flickr.com/photos/britishlibrary/11273583914	1	000222	11273583914	http://farm8.staticflickr.com/7368/11273583914_0e473ed2a3_m.jpg	141	240	http://farm8.staticflickr.com/7368/11273583914_0e473ed2a3.jpg	294	500	http://farm8.staticflickr.com/7368/11273583914_0e473ed2a3_b.jpg	603	1024	http://farm8.staticflickr.com/7368/11273583914_10e8482a55_o.jpg	865	1470
01		Paris à travers les siècles. Histoire nationale de Paris et des Parisiens depuis la fondation de Lutèce jusqu'à nos jours, etc	GOURDON DE GENOUILLAC, Nicolas Jules Henri.		Paris	001476975		1879	http://www.flickr.com/photos/britishlibrary/11273583504	1	000164	11273583504	http://farm4.staticflickr.com/3827/11273583504_1d443b30ea_m.jpg	240	170	http://farm4.staticflickr.com/3827/11273583504_1d443b30ea.jpg	500	354	http://farm4.staticflickr.com/3827/11273583504_1d443b30ea_b.jpg	1024	724	http://farm4.staticflickr.com/3827/11273583504_66eedc600a_o.jpg	1447	1023
0		Materialien für den Unterricht in der Geographie nach der constructiven Methode	WENZ, Gustav Geographer		München	003889554		1879	http://www.flickr.com/photos/britishlibrary/11273627593	2	000110	11273627593	http://farm8.staticflickr.com/7443/11273627593_9b416e598e_m.jpg	240	223	http://farm8.staticflickr.com/7443/11273627593_9b416e598e.jpg	500	465	http://farm8.staticflickr.com/7443/11273627593_9b416e598e_b.jpg	1024	953	http://farm8.staticflickr.com/7443/11273627593_81a34468d1_o.jpg	1395	1298
02	Tinsley Brothers	Berlin under the New Empire, its institutions, inhabitants, industry ... With ... engravings, etc	VIZETELLY, Henry.		London	003807524		1879	http://www.flickr.com/photos/britishlibrary/11273560746	1	000271	11273560746	http://farm8.staticflickr.com/7435/11273560746_fbee758d8d_m.jpg	240	208	http://farm8.staticflickr.com/7435/11273560746_fbee758d8d.jpg	500	433	http://farm8.staticflickr.com/7435/11273560746_fbee758d8d_b.jpg	1024	886	http://farm8.staticflickr.com/7435/11273560746_384ff1f9ac_o.jpg	1102	953
0		Materialien für den Unterricht in der Geographie nach der constructiven Methode	WENZ, Gustav Geographer		München	003889554		1879	http://www.flickr.com/photos/britishlibrary/11273516095	2	000088	11273516095	http://farm3.staticflickr.com/2874/11273516095_57e3433a11_m.jpg	147	240	http://farm3.staticflickr.com/2874/11273516095_57e3433a11.jpg	306	500	http://farm3.staticflickr.com/2874/11273516095_57e3433a11_b.jpg	627	1024	http://farm3.staticflickr.com/2874/11273516095_f995b16508_o.jpg	913	1491
0		Mœurs et caractères des peuples, Asie-Amérique-Océanie. Morceaux extraits de divers auteurs. [With illustrations.]	CORTAMBERT, Richard.		Paris	000791358		1879	http://www.flickr.com/photos/britishlibrary/11273516035	1	000117	11273516035	http://farm4.staticflickr.com/3759/11273516035_7168874f41_m.jpg	129	240	http://farm4.staticflickr.com/3759/11273516035_7168874f41.jpg	269	500	http://farm4.staticflickr.com/3759/11273516035_7168874f41_b.jpg	550	1024	http://farm4.staticflickr.com/3759/11273516035_f79116c55d_o.jpg	778	1448
0	Netherton & Worth	[Peeps into the Haunts and Homes of the Rural Population of Cornwall. Being reminiscences of Cornish character and characteristics, etc.]	TREGELLAS, John Tabois.	lsidyv3c0f7179	Truro	003669474	ark:/81055/vdc_00000005644E	1879	http://www.flickr.com/photos/britishlibrary/11273559026	1	000161	11273559026	http://farm4.staticflickr.com/3734/11273559026_29f90fc670_m.jpg	240	178	http://farm4.staticflickr.com/3734/11273559026_29f90fc670.jpg	500	370	http://farm4.staticflickr.com/3734/11273559026_29f90fc670_b.jpg	1024	758	http://farm4.staticflickr.com/3734/11273559026_087a46b20b_o.jpg	1642	1215
01	American News Company	Round the world with General Grant. A narrative of the visit of General U. S. Grant ... to various countries ... in 1877, 1878, 1879. To which are added certain conversations with General Grant on questions connected with American politics and history ... With ... illustrations	YOUNG, John Russell.		New York	004002305		1879	http://www.flickr.com/photos/britishlibrary/11273580044	1	000167	11273580044	http://farm6.staticflickr.com/5475/11273580044_a86419262d_m.jpg	171	240	http://farm6.staticflickr.com/5475/11273580044_a86419262d.jpg	356	500	http://farm6.staticflickr.com/5475/11273580044_a86419262d_b.jpg	729	1024	http://farm6.staticflickr.com/5475/11273580044_a8762c4e53_o.jpg	1233	1732
01	American News Company	Round the world with General Grant. A narrative of the visit of General U. S. Grant ... to various countries ... in 1877, 1878, 1879. To which are added certain conversations with General Grant on questions connected with American politics and history ... With ... illustrations	YOUNG, John Russell.		New York	004002305		1879	http://www.flickr.com/photos/britishlibrary/11273513635	1	000337	11273513635	http://farm6.staticflickr.com/5537/11273513635_875658ef94_m.jpg	240	175	http://farm6.staticflickr.com/5537/11273513635_875658ef94.jpg	500	364	http://farm6.staticflickr.com/5537/11273513635_875658ef94_b.jpg	1024	746	http://farm6.staticflickr.com/5537/11273513635_ec7f63e996_o.jpg	1707	1243
01	William Mackenzie	The National Burns. Edited by Rev. George Gilfillan, including the airs of all the songs, and an original life of Burns by the editor. [With plates, including portraits.]	Burns, Robert		Glasgow	000543200		1879	http://www.flickr.com/photos/britishlibrary/11273579464	1	000047	11273579464	http://farm4.staticflickr.com/3808/11273579464_8cff4ecb68_m.jpg	240	80	http://farm4.staticflickr.com/3808/11273579464_8cff4ecb68.jpg	500	167	http://farm4.staticflickr.com/3808/11273579464_8cff4ecb68_b.jpg	1024	341	http://farm4.staticflickr.com/3808/11273579464_a8d2f15a11_o.jpg	2521	840
0	John Murray	[The Student's Manual of Modern Geography. Mathematical, physical, and descriptive.]	BEVAN, William Latham.	lsidyv3ca2f2a9	London	000307737	ark:/81055/vdc_00000005C7F6	1879	http://www.flickr.com/photos/britishlibrary/11273513475	1	000049	11273513475	http://farm6.staticflickr.com/5547/11273513475_c97ccdfa34_m.jpg	240	172	http://farm6.staticflickr.com/5547/11273513475_c97ccdfa34.jpg	500	359	http://farm6.staticflickr.com/5547/11273513475_c97ccdfa34_b.jpg	1024	735	http://farm6.staticflickr.com/5547/11273513475_9f6b59e9f7_o.jpg	1240	890
0	Wesleyan Conference Office	Rambles in Bible Lands	NEWTON, Richard D.D., Rector of St. Paul's Church, Philadelphia	lsidyv3ca35e3a	London	002646495	ark:/81055/vdc_00000005C826	1879	http://www.flickr.com/photos/britishlibrary/11273555616	1	000110	11273555616	http://farm3.staticflickr.com/2816/11273555616_a6f9431e21_m.jpg	182	240	http://farm3.staticflickr.com/2816/11273555616_a6f9431e21.jpg	379	500	http://farm3.staticflickr.com/2816/11273555616_a6f9431e21_b.jpg	777	1024	http://farm3.staticflickr.com/2816/11273555616_86479be53d_o.jpg	965	1272
01	American News Company	Round the world with General Grant. A narrative of the visit of General U. S. Grant ... to various countries ... in 1877, 1878, 1879. To which are added certain conversations with General Grant on questions connected with American politics and history ... With ... illustrations	YOUNG, John Russell.		New York	004002305		1879	http://www.flickr.com/photos/britishlibrary/11273511755	1	000491	11273511755	http://farm8.staticflickr.com/7425/11273511755_b56f31d2f6_m.jpg	240	165	http://farm8.staticflickr.com/7425/11273511755_b56f31d2f6.jpg	500	345	http://farm8.staticflickr.com/7425/11273511755_b56f31d2f6_b.jpg	1024	706	http://farm8.staticflickr.com/7425/11273511755_240f18f722_o.jpg	1448	998
0		The Great Eastern Railway Company's Tourist-Guide to the Continent. ... With illustrations ... and a map	LINDLEY, Percy.	lsidyv3cad916f	London	002174468	ark:/81055/vdc_00000005CE44	1879	http://www.flickr.com/photos/britishlibrary/11273577024	1	000107	11273577024	http://farm6.staticflickr.com/5480/11273577024_8236175984_m.jpg	240	193	http://farm6.staticflickr.com/5480/11273577024_8236175984.jpg	500	401	http://farm6.staticflickr.com/5480/11273577024_8236175984_b.jpg	1024	822	http://farm6.staticflickr.com/5480/11273577024_46073d86c4_o.jpg	1500	1204
0		Les États-Unis d'Amérique. Impressions de Voyage, abrégées [from “White Conquest”] par H. Vattemare. [With illustrations.]	DIXON, William Hepworth F.S.A		Paris	000953753		1879	http://www.flickr.com/photos/britishlibrary/11273620773	1	000176	11273620773	http://farm6.staticflickr.com/5475/11273620773_4ddce911fc_m.jpg	201	240	http://farm6.staticflickr.com/5475/11273620773_4ddce911fc.jpg	418	500	http://farm6.staticflickr.com/5475/11273620773_4ddce911fc_b.jpg	857	1024	http://farm6.staticflickr.com/5475/11273620773_e1ce6cc509_o.jpg	1158	1384
0		Imperial India. An Artist's journals. Illustrated, etc	Prinsep, Val C. (Val Cameron)	lsidyv3c8b5c91	London	002992309	ark:/81055/vdc_00000005B95C	1879	http://www.flickr.com/photos/britishlibrary/11273553246	1	000355	11273553246	http://farm3.staticflickr.com/2856/11273553246_3848e3c5c5_m.jpg	240	224	http://farm3.staticflickr.com/2856/11273553246_3848e3c5c5.jpg	500	467	http://farm3.staticflickr.com/2856/11273553246_3848e3c5c5_b.jpg	1024	957	http://farm3.staticflickr.com/2856/11273553246_2d51424937_o.jpg	1270	1187
0	C. C. Chapman & Co.	History of Fulton County, together with sketches of its cities, villages and townships, ... and biographies ... History of Illinois ... Illustrated			Peoria	001341605		1879	http://www.flickr.com/photos/britishlibrary/11273508945	1	000097	11273508945	http://farm6.staticflickr.com/5546/11273508945_e8b1efb13f_m.jpg	240	140	http://farm6.staticflickr.com/5546/11273508945_e8b1efb13f.jpg	500	292	http://farm6.staticflickr.com/5546/11273508945_e8b1efb13f_b.jpg	1024	597	http://farm6.staticflickr.com/5546/11273508945_bccf25af9d_o.jpg	1923	1122
0		The Illustrated Guide to Sheffield and the surrounding district, etc	TAYLOR, John of Sheffield		Sheffield	003589731		1879	http://www.flickr.com/photos/britishlibrary/11273508805	1	000465	11273508805	http://farm8.staticflickr.com/7376/11273508805_5a11a3cd7f_m.jpg	240	163	http://farm8.staticflickr.com/7376/11273508805_5a11a3cd7f.jpg	500	339	http://farm8.staticflickr.com/7376/11273508805_5a11a3cd7f_b.jpg	1024	694	http://farm8.staticflickr.com/7376/11273508805_86c2aa8783_o.jpg	1750	1186
02	Tinsley Brothers	Berlin under the New Empire, its institutions, inhabitants, industry ... With ... engravings, etc	VIZETELLY, Henry.		London	003807524		1879	http://www.flickr.com/photos/britishlibrary/11273573384	1	000043	11273573384	http://farm6.staticflickr.com/5503/11273573384_a177bac154_m.jpg	140	240	http://farm6.staticflickr.com/5503/11273573384_a177bac154.jpg	292	500	http://farm6.staticflickr.com/5503/11273573384_a177bac154_b.jpg	597	1024	http://farm6.staticflickr.com/5503/11273573384_f7213e4478_o.jpg	826	1416
0	Cassell, Petter, Galpin & Co.	Morocco: its people and places ... Translated by C. Rollin-Tilton. With ... illustrations	AMICIS, Edmondo de.	lsidyv3c6b00d2	London	000070870	ark:/81055/vdc_00000005AC0C	1879	http://www.flickr.com/photos/britishlibrary/11273507475	1	000036	11273507475	http://farm4.staticflickr.com/3751/11273507475_9d581cb635_m.jpg	240	86	http://farm4.staticflickr.com/3751/11273507475_9d581cb635.jpg	500	179	http://farm4.staticflickr.com/3751/11273507475_9d581cb635_b.jpg	1024	366	http://farm4.staticflickr.com/3751/11273507475_af5049d7d5_o.jpg	1958	700
0	Wesleyan Conference Office	Rambles in Bible Lands	NEWTON, Richard D.D., Rector of St. Paul's Church, Philadelphia	lsidyv3ca35e3a	London	002646495	ark:/81055/vdc_00000005C826	1879	http://www.flickr.com/photos/britishlibrary/11273571914	1	000122	11273571914	http://farm3.staticflickr.com/2825/11273571914_4a52cd148c_m.jpg	174	240	http://farm3.staticflickr.com/2825/11273571914_4a52cd148c.jpg	363	500	http://farm3.staticflickr.com/2825/11273571914_4a52cd148c_b.jpg	744	1024	http://farm3.staticflickr.com/2825/11273571914_fe90aec57d_o.jpg	931	1282
01	Tinsley Brothers	Berlin under the New Empire, its institutions, inhabitants, industry ... With ... engravings, etc	VIZETELLY, Henry.		London	003807524		1879	http://www.flickr.com/photos/britishlibrary/11273617093	1	000032	11273617093	http://farm8.staticflickr.com/7335/11273617093_4924af650d_m.jpg	240	175	http://farm8.staticflickr.com/7335/11273617093_4924af650d.jpg	500	365	http://farm8.staticflickr.com/7335/11273617093_4924af650d_b.jpg	1024	747	http://farm8.staticflickr.com/7335/11273617093_e533a2dec2_o.jpg	1421	1037
0	N. D. Thompson & Co.	A Pictorial History of Texas, from the earliest visits of European adventurers to A.D. 1879 ... Third edition, ... revised	THRALL, Homer S.		St. Louis, Mo	003632148		1879	http://www.flickr.com/photos/britishlibrary/11273549356	1	000291	11273549356	http://farm6.staticflickr.com/5476/11273549356_9c4c4066d0_m.jpg	240	218	http://farm6.staticflickr.com/5476/11273549356_9c4c4066d0.jpg	500	454	http://farm6.staticflickr.com/5476/11273549356_9c4c4066d0_b.jpg	1024	930	http://farm6.staticflickr.com/5476/11273549356_355e747ce9_o.jpg	1521	1382
02	American News Company	Round the world with General Grant. A narrative of the visit of General U. S. Grant ... to various countries ... in 1877, 1878, 1879. To which are added certain conversations with General Grant on questions connected with American politics and history ... With ... illustrations	YOUNG, John Russell.		New York	004002305		1879	http://www.flickr.com/photos/britishlibrary/11273570554	1	000384	11273570554	http://farm6.staticflickr.com/5512/11273570554_8d15caf5a9_m.jpg	166	240	http://farm6.staticflickr.com/5512/11273570554_8d15caf5a9.jpg	345	500	http://farm6.staticflickr.com/5512/11273570554_8d15caf5a9_b.jpg	707	1024	http://farm6.staticflickr.com/5512/11273570554_cfdb286853_o.jpg	1105	1601
01	L. H. Everts	History of the Connecticut Valley in Massachusetts (by N. B. Sylvester), with illustrations and biographical sketches of some of its prominent men and pioneers [by other authors]	SYLVESTER, Nathaniel Bartlett.		Philadelphia	003562080		1879	http://www.flickr.com/photos/britishlibrary/11273615113	1	000428	11273615113	http://farm6.staticflickr.com/5506/11273615113_8120c64798_m.jpg	116	240	http://farm6.staticflickr.com/5506/11273615113_8120c64798.jpg	242	500	http://farm6.staticflickr.com/5506/11273615113_8120c64798_b.jpg	495	1024	http://farm6.staticflickr.com/5506/11273615113_684ee8cf03_o.jpg	991	2052
0	John Murray	[The Student's Manual of Modern Geography. Mathematical, physical, and descriptive.]	BEVAN, William Latham.	lsidyv3ca2f2a9	London	000307737	ark:/81055/vdc_00000005C7F6	1879	http://www.flickr.com/photos/britishlibrary/11273570174	1	000319	11273570174	http://farm4.staticflickr.com/3805/11273570174_118cb459c0_m.jpg	179	240	http://farm4.staticflickr.com/3805/11273570174_118cb459c0.jpg	374	500	http://farm4.staticflickr.com/3805/11273570174_118cb459c0_b.jpg	765	1024	http://farm4.staticflickr.com/3805/11273570174_faa913f82d_o.jpg	915	1225
0	Mark and Bailey	Northampton past and present, a Handy Guide Book to the town and neighbourhood			Northampton	002673317		1879	http://www.flickr.com/photos/britishlibrary/11273546626	1	000069	11273546626	http://farm4.staticflickr.com/3742/11273546626_a774d5c916_m.jpg	207	240	http://farm4.staticflickr.com/3742/11273546626_a774d5c916.jpg	431	500	http://farm4.staticflickr.com/3742/11273546626_a774d5c916_b.jpg	882	1024	http://farm4.staticflickr.com/3742/11273546626_1b60c2012a_o.jpg	1041	1208
0		[Brazil and the Brazilians ... in historical and descriptive sketches ... Engravings.]	KIDDER, Daniel Parish and FLETCHER (James C.)		London	001961854		1879	http://www.flickr.com/photos/britishlibrary/11273568794	1	000387	11273568794	http://farm4.staticflickr.com/3793/11273568794_facf4e744b_m.jpg	141	240	http://farm4.staticflickr.com/3793/11273568794_facf4e744b.jpg	293	500	http://farm4.staticflickr.com/3793/11273568794_facf4e744b_b.jpg	601	1024	http://farm4.staticflickr.com/3793/11273568794_eaba103f1c_o.jpg	813	1386
03		Paris à travers les siècles. Histoire nationale de Paris et des Parisiens depuis la fondation de Lutèce jusqu'à nos jours, etc	GOURDON DE GENOUILLAC, Nicolas Jules Henri.		Paris	001476975		1879	http://www.flickr.com/photos/britishlibrary/11273503265	1	000105	11273503265	http://farm8.staticflickr.com/7452/11273503265_2b81033094_m.jpg	240	141	http://farm8.staticflickr.com/7452/11273503265_2b81033094.jpg	500	294	http://farm8.staticflickr.com/7452/11273503265_2b81033094_b.jpg	1024	603	http://farm8.staticflickr.com/7452/11273503265_bd103f9089_o.jpg	1735	1022
02		Danmarks og Norges Historie i Slutningen af det 16de Aarhundrede	TROELS-LUND, Troels Frederik.		Kjøbenhavn	003677661		1879	http://www.flickr.com/photos/britishlibrary/11273612573	1	000355	11273612573	http://farm4.staticflickr.com/3711/11273612573_676a431e73_m.jpg	240	197	http://farm4.staticflickr.com/3711/11273612573_676a431e73.jpg	500	410	http://farm4.staticflickr.com/3711/11273612573_676a431e73_b.jpg	1024	840	http://farm4.staticflickr.com/3711/11273612573_e89d4d8349_o.jpg	1533	1258
02	L. H. Everts	History of the Connecticut Valley in Massachusetts (by N. B. Sylvester), with illustrations and biographical sketches of some of its prominent men and pioneers [by other authors]	SYLVESTER, Nathaniel Bartlett.		Philadelphia	003562080		1879	http://www.flickr.com/photos/britishlibrary/11273567634	1	000636	11273567634	http://farm4.staticflickr.com/3691/11273567634_1f4ab8c73c_m.jpg	240	200	http://farm4.staticflickr.com/3691/11273567634_1f4ab8c73c.jpg	500	417	http://farm4.staticflickr.com/3691/11273567634_1f4ab8c73c_b.jpg	1024	855	http://farm4.staticflickr.com/3691/11273567634_df910820da_o.jpg	1445	1207
0	J. B. Lippincott & Co.	With General Grant in the East	KEATING, John Marie.		Philadelphia	001938095		1879	http://www.flickr.com/photos/britishlibrary/11273612433	1	000081	11273612433	http://farm4.staticflickr.com/3718/11273612433_d7a9d84ba3_m.jpg	240	158	http://farm4.staticflickr.com/3718/11273612433_d7a9d84ba3.jpg	500	329	http://farm4.staticflickr.com/3718/11273612433_d7a9d84ba3_b.jpg	1024	673	http://farm4.staticflickr.com/3718/11273612433_04b09cee99_o.jpg	1817	1195
0	D. W. Ensign & Co.	History of Columbiana County, Ohio, with illustrations and biographical sketches of its prominent men and pioneers	MACK, Horace.		Philadelphia	002319445		1879	http://www.flickr.com/photos/britishlibrary/11273543986	1	000218	11273543986	http://farm4.staticflickr.com/3821/11273543986_bd155fd874_m.jpg	173	240	http://farm4.staticflickr.com/3821/11273543986_bd155fd874.jpg	360	500	http://farm4.staticflickr.com/3821/11273543986_bd155fd874_b.jpg	737	1024	http://farm4.staticflickr.com/3821/11273543986_0c9134790b_o.jpg	950	1320
0		Viaje á la Patagonia austral emprendido bajo los auspicios del Gobierno Nacional 1876-1877. tom. 1	MORENO, Francisco Josué Pascasio.		Buenos Aires	002546654		1879	http://www.flickr.com/photos/britishlibrary/11273500065	1	000245	11273500065	http://farm3.staticflickr.com/2843/11273500065_e500352779_m.jpg	160	240	http://farm3.staticflickr.com/2843/11273500065_e500352779.jpg	333	500	http://farm3.staticflickr.com/2843/11273500065_e500352779_b.jpg	682	1024	http://farm3.staticflickr.com/2843/11273500065_67c97645c2_o.jpg	1011	1518
01	Tinsley Brothers	Berlin under the New Empire, its institutions, inhabitants, industry ... With ... engravings, etc	VIZETELLY, Henry.		London	003807524		1879	http://www.flickr.com/photos/britishlibrary/11273610393	1	000235	11273610393	http://farm8.staticflickr.com/7291/11273610393_fce7a99151_m.jpg	240	237	http://farm8.staticflickr.com/7291/11273610393_fce7a99151.jpg	500	495	http://farm8.staticflickr.com/7291/11273610393_fce7a99151_b.jpg	1024	1013	http://farm8.staticflickr.com/7291/11273610393_3d66b89128_o.jpg	1436	1421
0	Marcus Ward & Co.	Our Native Land, its scenery and associations. A series of 36 water-colour sketches after Rowbotham, Read, Needham, and other eminent artists. With descriptive notes. [The author of the text identified on the wrapper of pt. 1 as “the author of By Loch and by Land”, i.e. Jean L. Watson.]	WATSON, Jean L.		London	001140593		1879	http://www.flickr.com/photos/britishlibrary/11273541656	1	000226	11273541656	http://farm4.staticflickr.com/3829/11273541656_8f36ea20b3_m.jpg	240	144	http://farm4.staticflickr.com/3829/11273541656_8f36ea20b3.jpg	500	299	http://farm4.staticflickr.com/3829/11273541656_8f36ea20b3_b.jpg	1024	613	http://farm4.staticflickr.com/3829/11273541656_69c3e63bf6_o.jpg	1613	966
0	W. Mullan & Son	A E I. Arabia, Egypt, India. A narrative of travel. With fifteen illustrations and two maps	Burton, Isabel Lady	lsidyv3c6913ea	London	000546853	ark:/81055/vdc_00000005AAB6	1879	http://www.flickr.com/photos/britishlibrary/11273498465	1	000533	11273498465	http://farm6.staticflickr.com/5539/11273498465_3095fbf4cd_m.jpg	149	240	http://farm6.staticflickr.com/5539/11273498465_3095fbf4cd.jpg	311	500	http://farm6.staticflickr.com/5539/11273498465_3095fbf4cd_b.jpg	637	1024	http://farm6.staticflickr.com/5539/11273498465_9b55cc1d9d_o.jpg	866	1393
0	Religious Tract Society	The Lands of Scripture: comprising “Those Holy Fields”; “The Land of the Pharaohs” [both by S. M.]; “Pictures from Bible Lands” (edited by S. G. Green. The illustrations by E. Whymper, etc.)	MANNING, Samuel LL.D		London	002369128		1879	http://www.flickr.com/photos/britishlibrary/11273497835	1	000143	11273497835	http://farm6.staticflickr.com/5485/11273497835_53569972ea_m.jpg	69	240	http://farm6.staticflickr.com/5485/11273497835_53569972ea.jpg	145	500	http://farm6.staticflickr.com/5485/11273497835_53569972ea_b.jpg	296	1024	http://farm6.staticflickr.com/5485/11273497835_e0a6bcfd99_o.jpg	581	2008
0	John Murray	[The Student's Manual of Modern Geography. Mathematical, physical, and descriptive.]	BEVAN, William Latham.	lsidyv3ca2f2a9	London	000307737	ark:/81055/vdc_00000005C7F6	1879	http://www.flickr.com/photos/britishlibrary/11273540056	1	000130	11273540056	http://farm4.staticflickr.com/3691/11273540056_2ac4e16a9f_m.jpg	169	240	http://farm4.staticflickr.com/3691/11273540056_2ac4e16a9f.jpg	353	500	http://farm4.staticflickr.com/3691/11273540056_2ac4e16a9f_b.jpg	723	1024	http://farm4.staticflickr.com/3691/11273540056_e3cfdbf5e1_o.jpg	865	1225
0	Western Historical Company	The history of Jefferson County ... Illustrated			Chicago	001859185		1879	http://www.flickr.com/photos/britishlibrary/11273561624	1	000096	11273561624	http://farm3.staticflickr.com/2832/11273561624_124b2913f4_m.jpg	195	240	http://farm3.staticflickr.com/2832/11273561624_124b2913f4.jpg	406	500	http://farm3.staticflickr.com/2832/11273561624_124b2913f4_b.jpg	832	1024	http://farm3.staticflickr.com/2832/11273561624_2d445b6513_o.jpg	1282	1577
0		Up the Amazon and Madeira Rivers, through Bolivia and Peru	MATHEWS, Edward Davis.		London	002421157		1879	http://www.flickr.com/photos/britishlibrary/11273496615	1	000403	11273496615	http://farm6.staticflickr.com/5501/11273496615_5be61ab8f8_m.jpg	183	240	http://farm6.staticflickr.com/5501/11273496615_5be61ab8f8.jpg	381	500	http://farm6.staticflickr.com/5501/11273496615_5be61ab8f8_b.jpg	780	1024	http://farm6.staticflickr.com/5501/11273496615_85cb1b2a66_o.jpg	1018	1337
0		Les Vieilles Villes de Suisse. Notes et souvenirs. Ouvrage illustré de 105 dessins à la plume par A. Robida reproduits en fac-simile	ROBIDA, Albert.		Paris	003121715		1879	http://www.flickr.com/photos/britishlibrary/11273560804	1	000087	11273560804	http://farm8.staticflickr.com/7404/11273560804_725be5d133_m.jpg	137	240	http://farm8.staticflickr.com/7404/11273560804_725be5d133.jpg	286	500	http://farm8.staticflickr.com/7404/11273560804_725be5d133_b.jpg	586	1024	http://farm8.staticflickr.com/7404/11273560804_9aeda70f78_o.jpg	918	1603
0		Monuments religieux, civils et militaires du Gatinais, ... depuis le XIe jusqu'au XVIIe siècle. ... Ouvrage accompagné de planches, etc	MICHEL, Edmond.		Lyon	002482448		1879	http://www.flickr.com/photos/britishlibrary/11273538376	1	000429	11273538376	http://farm3.staticflickr.com/2879/11273538376_08ced4d6cf_m.jpg	164	240	http://farm3.staticflickr.com/2879/11273538376_08ced4d6cf.jpg	342	500	http://farm3.staticflickr.com/2879/11273538376_08ced4d6cf_b.jpg	701	1024	http://farm3.staticflickr.com/2879/11273538376_9cc2a15171_o.jpg	990	1446
0	Religious Tract Society	The Lands of Scripture: comprising “Those Holy Fields”; “The Land of the Pharaohs” [both by S. M.]; “Pictures from Bible Lands” (edited by S. G. Green. The illustrations by E. Whymper, etc.)	MANNING, Samuel LL.D		London	002369128		1879	http://www.flickr.com/photos/britishlibrary/11273537676	1	000099	11273537676	http://farm8.staticflickr.com/7396/11273537676_b83db1ca79_m.jpg	159	240	http://farm8.staticflickr.com/7396/11273537676_b83db1ca79.jpg	332	500	http://farm8.staticflickr.com/7396/11273537676_b83db1ca79_b.jpg	680	1024	http://farm8.staticflickr.com/7396/11273537676_e461367737_o.jpg	837	1260
0	W. H. Luke	Illustrated Handbook to Plymouth, Stonehouse & Devonport, with a new map ... New and enlarged edition	WRIGHT, William Henry Kearley.		Plymouth	003985100		1879	http://www.flickr.com/photos/britishlibrary/11273536996	1	000114	11273536996	http://farm4.staticflickr.com/3762/11273536996_49a4718339_m.jpg	195	240	http://farm4.staticflickr.com/3762/11273536996_49a4718339.jpg	406	500	http://farm4.staticflickr.com/3762/11273536996_49a4718339_b.jpg	831	1024	http://farm4.staticflickr.com/3762/11273536996_9c7b140c79_o.jpg	1028	1267
01	American News Company	Round the world with General Grant. A narrative of the visit of General U. S. Grant ... to various countries ... in 1877, 1878, 1879. To which are added certain conversations with General Grant on questions connected with American politics and history ... With ... illustrations	YOUNG, John Russell.		New York	004002305		1879	http://www.flickr.com/photos/britishlibrary/11273558944	1	000365	11273558944	http://farm4.staticflickr.com/3679/11273558944_ceea7507fc_m.jpg	165	240	http://farm4.staticflickr.com/3679/11273558944_ceea7507fc.jpg	345	500	http://farm4.staticflickr.com/3679/11273558944_ceea7507fc_b.jpg	706	1024	http://farm4.staticflickr.com/3679/11273558944_0f65390596_o.jpg	1183	1716
0	J. A. & R. A. Reid	The Past and the Present. Narragansett sea and shore. An illustrated guide to Providence, Newport, Narragansett Pier, Block Island, Watch Hill, Rocky Point, Silver Spring, and all the famous sea-side resorts of Rhode Island, with a map of Narragansett Bay	DENISON, Frederic.		Providence	000908069		1879	http://www.flickr.com/photos/britishlibrary/11273558674	1	000059	11273558674	http://farm4.staticflickr.com/3761/11273558674_6bfa775ba1_m.jpg	240	171	http://farm4.staticflickr.com/3761/11273558674_6bfa775ba1.jpg	500	356	http://farm4.staticflickr.com/3761/11273558674_6bfa775ba1_b.jpg	1024	729	http://farm4.staticflickr.com/3761/11273558674_881656f472_o.jpg	1613	1148
0	Waterlow & Sons	Up the River from Westminster to Windsor and Oxford; a descriptive panorama of Thames Scenery			London	003606029		1879	http://www.flickr.com/photos/britishlibrary/11273557654	1	000153	11273557654	http://farm8.staticflickr.com/7335/11273557654_19406a8b6f_m.jpg	212	240	http://farm8.staticflickr.com/7335/11273557654_19406a8b6f.jpg	442	500	http://farm8.staticflickr.com/7335/11273557654_19406a8b6f_b.jpg	905	1024	http://farm8.staticflickr.com/7335/11273557654_2c0856fd15_o.jpg	1076	1217
01	Tinsley Brothers	Berlin under the New Empire, its institutions, inhabitants, industry ... With ... engravings, etc	VIZETELLY, Henry.		London	003807524		1879	http://www.flickr.com/photos/britishlibrary/11273534866	1	000053	11273534866	http://farm4.staticflickr.com/3724/11273534866_0e783024ee_m.jpg	235	240	http://farm4.staticflickr.com/3724/11273534866_0e783024ee.jpg	490	500	http://farm4.staticflickr.com/3724/11273534866_0e783024ee_b.jpg	1004	1024	http://farm4.staticflickr.com/3724/11273534866_b97a84fb43_o.jpg	1277	1303
0	Western Historical Company	The history of Lee County, Iowa. ... Illustrated				002109349		1879	http://www.flickr.com/photos/britishlibrary/11273557014	1	000441	11273557014	http://farm8.staticflickr.com/7433/11273557014_61c93b1222_m.jpg	240	190	http://farm8.staticflickr.com/7433/11273557014_61c93b1222.jpg	500	396	http://farm8.staticflickr.com/7433/11273557014_61c93b1222_b.jpg	1024	810	http://farm8.staticflickr.com/7433/11273557014_50c273577c_o.jpg	1590	1258
0	Murray Williamson & Phelps	The History of Adams County, Illinois ... Illustrated			Chicago	000014468		1879	http://www.flickr.com/photos/britishlibrary/11273490865	2	000689	11273490865	http://farm4.staticflickr.com/3708/11273490865_d9bb43e5c4_m.jpg	156	240	http://farm4.staticflickr.com/3708/11273490865_d9bb43e5c4.jpg	325	500	http://farm4.staticflickr.com/3708/11273490865_d9bb43e5c4_b.jpg	666	1024	http://farm4.staticflickr.com/3708/11273490865_d7de590b97_o.jpg	945	1453
0		A History of the Town of Franklin, Mass.; from its settlement to the completion of its first century, 2d March, 1878; with genealogical notices of its earliest families, sketches of its professional men, and a report of the centennial celebration. By Mortimer Blake	BLAKE, Mortimer.		Franklin	001311432		1879	http://www.flickr.com/photos/britishlibrary/11273490405	1	000127	11273490405	http://farm4.staticflickr.com/3709/11273490405_b03ddf9d09_m.jpg	240	217	http://farm4.staticflickr.com/3709/11273490405_b03ddf9d09.jpg	500	451	http://farm4.staticflickr.com/3709/11273490405_b03ddf9d09_b.jpg	1024	924	http://farm4.staticflickr.com/3709/11273490405_1853374d9d_o.jpg	1421	1282
0		A History of the Town of Franklin, Mass.; from its settlement to the completion of its first century, 2d March, 1878; with genealogical notices of its earliest families, sketches of its professional men, and a report of the centennial celebration. By Mortimer Blake	BLAKE, Mortimer.		Franklin	001311432		1879	http://www.flickr.com/photos/britishlibrary/11273531436	1	000114	11273531436	http://farm3.staticflickr.com/2842/11273531436_c0fd4579e1_m.jpg	208	240	http://farm3.staticflickr.com/2842/11273531436_c0fd4579e1.jpg	433	500	http://farm3.staticflickr.com/2842/11273531436_c0fd4579e1_b.jpg	887	1024	http://farm3.staticflickr.com/2842/11273531436_a64113580b_o.jpg	1105	1275
0		Les Rues du vieux Paris. Galerie populaire et pittoresque ... Ouvrage illustré de 165 gravures sur bois	FOURNEL, Victor.		Paris	001279089		1879	http://www.flickr.com/photos/britishlibrary/11273599063	1	000555	11273599063	http://farm3.staticflickr.com/2875/11273599063_ba2b214a0c_m.jpg	240	234	http://farm3.staticflickr.com/2875/11273599063_ba2b214a0c.jpg	500	487	http://farm3.staticflickr.com/2875/11273599063_ba2b214a0c_b.jpg	1024	997	http://farm3.staticflickr.com/2875/11273599063_57537d83a9_o.jpg	1183	1152
0		Saint-Pierre de Rome. Ouvrage illustré, etc	LORBAC, Charles de.		Rome	002259706		1879	http://www.flickr.com/photos/britishlibrary/11273488705	1	000017	11273488705	http://farm6.staticflickr.com/5495/11273488705_e66855a400_m.jpg	159	240	http://farm6.staticflickr.com/5495/11273488705_e66855a400.jpg	332	500	http://farm6.staticflickr.com/5495/11273488705_e66855a400_b.jpg	679	1024	http://farm6.staticflickr.com/5495/11273488705_5cf12e120d_o.jpg	1157	1744
0	Waterlow & Sons	Up the River from Westminster to Windsor and Oxford; a descriptive panorama of Thames Scenery			London	003606029		1879	http://www.flickr.com/photos/britishlibrary/11273487815	1	000101	11273487815	http://farm4.staticflickr.com/3700/11273487815_a0d23de3c7_m.jpg	129	240	http://farm4.staticflickr.com/3700/11273487815_a0d23de3c7.jpg	269	500	http://farm4.staticflickr.com/3700/11273487815_a0d23de3c7_b.jpg	550	1024	http://farm4.staticflickr.com/3700/11273487815_5ca9501527_o.jpg	805	1500
02		Paris à travers les siècles. Histoire nationale de Paris et des Parisiens depuis la fondation de Lutèce jusqu'à nos jours, etc	GOURDON DE GENOUILLAC, Nicolas Jules Henri.		Paris	001476975		1879	http://www.flickr.com/photos/britishlibrary/11273552294	2	000985	11273552294	http://farm4.staticflickr.com/3780/11273552294_3b09f46063_m.jpg	156	240	http://farm4.staticflickr.com/3780/11273552294_3b09f46063.jpg	325	500	http://farm4.staticflickr.com/3780/11273552294_3b09f46063_b.jpg	666	1024	http://farm4.staticflickr.com/3780/11273552294_1a0c9a1437_o.jpg	1040	1600
0	Lewis, Peck & Co.	History of Steuben County, New York, with illustrations and biographical sketches of some of its prominent men and pioneers	CLAYTON, W. Woodford.		Philadelphia	000719876		1879	http://www.flickr.com/photos/britishlibrary/11273596263	1	000739	11273596263	http://farm8.staticflickr.com/7297/11273596263_bf76d7715c_m.jpg	240	158	http://farm8.staticflickr.com/7297/11273596263_bf76d7715c.jpg	500	329	http://farm8.staticflickr.com/7297/11273596263_bf76d7715c_b.jpg	1024	673	http://farm8.staticflickr.com/7297/11273596263_5857cf7188_o.jpg	1530	1005
0	John Murray	[The Student's Manual of Modern Geography. Mathematical, physical, and descriptive.]	BEVAN, William Latham.	lsidyv3ca2f2a9	London	000307737	ark:/81055/vdc_00000005C7F6	1879	http://www.flickr.com/photos/britishlibrary/11273486535	1	000412	11273486535	http://farm3.staticflickr.com/2827/11273486535_da6cb7babe_m.jpg	167	240	http://farm3.staticflickr.com/2827/11273486535_da6cb7babe.jpg	348	500	http://farm3.staticflickr.com/2827/11273486535_da6cb7babe_b.jpg	712	1024	http://farm3.staticflickr.com/2827/11273486535_6bd22f63fd_o.jpg	852	1225
0	E. Marlborough & Co.	Popular Guide up the Thames, to Kew, Richmond, Twickenham and Hampton Court			London	003605985		1879	http://www.flickr.com/photos/britishlibrary/11273550154	1	000011	11273550154	http://farm4.staticflickr.com/3818/11273550154_7ab6192c39_m.jpg	181	240	http://farm4.staticflickr.com/3818/11273550154_7ab6192c39.jpg	377	500	http://farm4.staticflickr.com/3818/11273550154_7ab6192c39_b.jpg	772	1024	http://farm4.staticflickr.com/3818/11273550154_8f031de3ef_o.jpg	1000	1327
0	[Ward, Lock & Co.	[Charles O'Malley, the Irish Dragoon. Edited by Harry Lorrequer. [By C. J. L.]]	LEVER, Charles James.		London,] Perth [printed	002150760		1879	http://www.flickr.com/photos/britishlibrary/11273594693	1	000264	11273594693	http://farm8.staticflickr.com/7369/11273594693_27be1ca2fe_m.jpg	172	240	http://farm8.staticflickr.com/7369/11273594693_27be1ca2fe.jpg	359	500	http://farm8.staticflickr.com/7369/11273594693_27be1ca2fe_b.jpg	735	1024	http://farm8.staticflickr.com/7369/11273594693_f2b2020461_o.jpg	987	1375
01	Tinsley Brothers	Berlin under the New Empire, its institutions, inhabitants, industry ... With ... engravings, etc	VIZETELLY, Henry.		London	003807524		1879	http://www.flickr.com/photos/britishlibrary/11273528016	1	000067	11273528016	http://farm8.staticflickr.com/7449/11273528016_7e9d5faa5c_m.jpg	240	197	http://farm8.staticflickr.com/7449/11273528016_7e9d5faa5c.jpg	500	410	http://farm8.staticflickr.com/7449/11273528016_7e9d5faa5c_b.jpg	1024	839	http://farm8.staticflickr.com/7449/11273528016_db4676509d_o.jpg	1587	1300
0	Waterlow & Sons	Up the River from Westminster to Windsor and Oxford; a descriptive panorama of Thames Scenery			London	003606029		1879	http://www.flickr.com/photos/britishlibrary/11273526386	1	000079	11273526386	http://farm3.staticflickr.com/2809/11273526386_0c25c32f73_m.jpg	200	240	http://farm3.staticflickr.com/2809/11273526386_0c25c32f73.jpg	417	500	http://farm3.staticflickr.com/2809/11273526386_0c25c32f73_b.jpg	855	1024	http://farm3.staticflickr.com/2809/11273526386_09d610a0ca_o.jpg	1052	1260
0	Blackie & Son	A Thousand Miles' Cruise in the Silver Cloud: from Dundee to France and back in a small boat ... Second edition	FORWELL, William.	lsidyv3c9cb959	Glasgow	001274687	ark:/81055/vdc_00000005C4CC	1879	http://www.flickr.com/photos/britishlibrary/11273548604	1	000037	11273548604	http://farm8.staticflickr.com/7289/11273548604_8eb71139f4_m.jpg	191	240	http://farm8.staticflickr.com/7289/11273548604_8eb71139f4.jpg	398	500	http://farm8.staticflickr.com/7289/11273548604_8eb71139f4_b.jpg	816	1024	http://farm8.staticflickr.com/7289/11273548604_773f0f4608_o.jpg	935	1174
0		[Letter of P. Revere to Dr. Belknap, describing his ride to Lexington, 18th April, 1775, and the displaying of the signal lanterns in the North Church steeple.]	REVERE, Paul Engraver and Silversmith		Boston	003079909		1879	http://www.flickr.com/photos/britishlibrary/11273547394	1	000003	11273547394	http://farm4.staticflickr.com/3721/11273547394_d05ce95ebc_m.jpg	179	240	http://farm4.staticflickr.com/3721/11273547394_d05ce95ebc.jpg	373	500	http://farm4.staticflickr.com/3721/11273547394_d05ce95ebc_b.jpg	764	1024	http://farm4.staticflickr.com/3721/11273547394_718ed64d0c_o.jpg	1110	1487
0	Lewis, Peck & Co.	History of Steuben County, New York, with illustrations and biographical sketches of some of its prominent men and pioneers	CLAYTON, W. Woodford.		Philadelphia	000719876		1879	http://www.flickr.com/photos/britishlibrary/11273525226	1	000186	11273525226	http://farm8.staticflickr.com/7447/11273525226_d5af56ec6b_m.jpg	240	183	http://farm8.staticflickr.com/7447/11273525226_d5af56ec6b.jpg	500	381	http://farm8.staticflickr.com/7447/11273525226_d5af56ec6b_b.jpg	1024	780	http://farm8.staticflickr.com/7447/11273525226_897b3e7244_o.jpg	1640	1250
0	John Murray	[The Student's Manual of Modern Geography. Mathematical, physical, and descriptive.]	BEVAN, William Latham.	lsidyv3ca2f2a9	London	000307737	ark:/81055/vdc_00000005C7F6	1879	http://www.flickr.com/photos/britishlibrary/11273546254	1	000514	11273546254	http://farm3.staticflickr.com/2843/11273546254_ba55ed5044_m.jpg	184	240	http://farm3.staticflickr.com/2843/11273546254_ba55ed5044.jpg	384	500	http://farm3.staticflickr.com/2843/11273546254_ba55ed5044_b.jpg	787	1024	http://farm3.staticflickr.com/2843/11273546254_a6931637f3_o.jpg	942	1225
01	American News Company	Round the world with General Grant. A narrative of the visit of General U. S. Grant ... to various countries ... in 1877, 1878, 1879. To which are added certain conversations with General Grant on questions connected with American politics and history ... With ... illustrations	YOUNG, John Russell.		New York	004002305		1879	http://www.flickr.com/photos/britishlibrary/11273480605	1	000488	11273480605	http://farm3.staticflickr.com/2891/11273480605_51ede05e77_m.jpg	192	240	http://farm3.staticflickr.com/2891/11273480605_51ede05e77.jpg	399	500	http://farm3.staticflickr.com/2891/11273480605_51ede05e77_b.jpg	818	1024	http://farm3.staticflickr.com/2891/11273480605_67aabd6982_o.jpg	1031	1290
0		[Brazil and the Brazilians ... in historical and descriptive sketches ... Engravings.]	KIDDER, Daniel Parish and FLETCHER (James C.)		London	001961854		1879	http://www.flickr.com/photos/britishlibrary/11273523536	1	000538	11273523536	http://farm4.staticflickr.com/3815/11273523536_b8f2a462ef_m.jpg	211	240	http://farm4.staticflickr.com/3815/11273523536_b8f2a462ef.jpg	439	500	http://farm4.staticflickr.com/3815/11273523536_b8f2a462ef_b.jpg	900	1024	http://farm4.staticflickr.com/3815/11273523536_85f1a392ed_o.jpg	1241	1412
02	American News Company	Round the world with General Grant. A narrative of the visit of General U. S. Grant ... to various countries ... in 1877, 1878, 1879. To which are added certain conversations with General Grant on questions connected with American politics and history ... With ... illustrations	YOUNG, John Russell.		New York	004002305		1879	http://www.flickr.com/photos/britishlibrary/11273479485	1	000077	11273479485	http://farm6.staticflickr.com/5472/11273479485_35a553e4d4_m.jpg	175	240	http://farm6.staticflickr.com/5472/11273479485_35a553e4d4.jpg	364	500	http://farm6.staticflickr.com/5472/11273479485_35a553e4d4_b.jpg	745	1024	http://farm6.staticflickr.com/5472/11273479485_2306e1e5e7_o.jpg	1231	1691
01		Memorials of the Civil War between King Charles I. and the Parliament of England as it affected Herefordshire and the adjacent counties ... Edited and completed by ... T. W. Webb ... with an appendix of documents. [With illustrations.]	WEBB, John Rector of Tretyre, Herefordshire		London	003870802		1879	http://www.flickr.com/photos/britishlibrary/11273522186	1	000191	11273522186	http://farm4.staticflickr.com/3734/11273522186_3b384e3ba8_m.jpg	210	240	http://farm4.staticflickr.com/3734/11273522186_3b384e3ba8.jpg	438	500	http://farm4.staticflickr.com/3734/11273522186_3b384e3ba8_b.jpg	897	1024	http://farm4.staticflickr.com/3734/11273522186_06171112fd_o.jpg	993	1133
01		The Australian abroad. Branches from the Main Routes round the World. [Reprinted from the Melbourne “Argus.” With illustrations.] 2 series	HINGSTON, James.	lsidyv3cbf9abe	London	001689101	ark:/81055/vdc_00000005DA7A	1879	http://www.flickr.com/photos/britishlibrary/11273522146	1	000009	11273522146	http://farm8.staticflickr.com/7352/11273522146_a2b4f10298_m.jpg	149	240	http://farm8.staticflickr.com/7352/11273522146_a2b4f10298.jpg	310	500	http://farm8.staticflickr.com/7352/11273522146_a2b4f10298_b.jpg	634	1024	http://farm8.staticflickr.com/7352/11273522146_38e5791928_o.jpg	838	1353
0	Everts & Ensign	History of Toga, Chemung, Tompkins, and Schuyler Counties, New York. With illustrations and biographical sketches of some of its prominent men and pioneers	PEIRCE, Henry B. and HURD (Duane Hamilton)		Philadelphia	002810116		1879	http://www.flickr.com/photos/britishlibrary/11273478245	1	000560	11273478245	http://farm4.staticflickr.com/3773/11273478245_ee51c04557_m.jpg	240	203	http://farm4.staticflickr.com/3773/11273478245_ee51c04557.jpg	500	422	http://farm4.staticflickr.com/3773/11273478245_ee51c04557_b.jpg	1024	865	http://farm4.staticflickr.com/3773/11273478245_12472f1889_o.jpg	1175	992
02		The Australian abroad. Branches from the Main Routes round the World. [Reprinted from the Melbourne “Argus.” With illustrations.] 2 series	HINGSTON, James.	lsidyv3cbf9abe	London	001689101	ark:/81055/vdc_00000005DA7A	1879	http://www.flickr.com/photos/britishlibrary/11273520816	1	000389	11273520816	http://farm3.staticflickr.com/2837/11273520816_de3f815280_m.jpg	240	196	http://farm3.staticflickr.com/2837/11273520816_de3f815280.jpg	500	409	http://farm3.staticflickr.com/2837/11273520816_de3f815280_b.jpg	1024	837	http://farm3.staticflickr.com/2837/11273520816_022a70e4ef_o.jpg	1346	1100
0		Viaje á la Patagonia austral emprendido bajo los auspicios del Gobierno Nacional 1876-1877. tom. 1	MORENO, Francisco Josué Pascasio.		Buenos Aires	002546654		1879	http://www.flickr.com/photos/britishlibrary/11273587033	1	000473	11273587033	http://farm6.staticflickr.com/5540/11273587033_f038f0c13e_m.jpg	149	240	http://farm6.staticflickr.com/5540/11273587033_f038f0c13e.jpg	310	500	http://farm6.staticflickr.com/5540/11273587033_f038f0c13e_b.jpg	634	1024	http://farm6.staticflickr.com/5540/11273587033_098c0e378b_o.jpg	967	1561
0		The Illustrated Guide to Sheffield and the surrounding district, etc	TAYLOR, John of Sheffield		Sheffield	003589731		1879	http://www.flickr.com/photos/britishlibrary/11273476865	1	000362	11273476865	http://farm4.staticflickr.com/3667/11273476865_ca2aa70a8f_m.jpg	165	240	http://farm4.staticflickr.com/3667/11273476865_ca2aa70a8f.jpg	343	500	http://farm4.staticflickr.com/3667/11273476865_ca2aa70a8f_b.jpg	703	1024	http://farm4.staticflickr.com/3667/11273476865_3ac39c8901_o.jpg	971	1415
02	American News Company	Round the world with General Grant. A narrative of the visit of General U. S. Grant ... to various countries ... in 1877, 1878, 1879. To which are added certain conversations with General Grant on questions connected with American politics and history ... With ... illustrations	YOUNG, John Russell.		New York	004002305		1879	http://www.flickr.com/photos/britishlibrary/11273585863	1	000556	11273585863	http://farm8.staticflickr.com/7320/11273585863_03b41b4bf1_m.jpg	240	175	http://farm8.staticflickr.com/7320/11273585863_03b41b4bf1.jpg	500	364	http://farm8.staticflickr.com/7320/11273585863_03b41b4bf1_b.jpg	1024	746	http://farm8.staticflickr.com/7320/11273585863_f8b9227bac_o.jpg	1642	1196
0	Moses King	King's Handbook of Boston. Profusely illustrated. [With a map.]	KING, Moses.		Cambridge, Mass	001968594		1879	http://www.flickr.com/photos/britishlibrary/11273518556	1	000053	11273518556	http://farm4.staticflickr.com/3755/11273518556_8dcc2dda6b_m.jpg	224	240	http://farm4.staticflickr.com/3755/11273518556_8dcc2dda6b.jpg	467	500	http://farm4.staticflickr.com/3755/11273518556_8dcc2dda6b_b.jpg	957	1024	http://farm4.staticflickr.com/3755/11273518556_b0eb618589_o.jpg	1080	1156
0		Holidays in Eastern France	EDWARDS, Matilda Barbara Betham.	lsidyv3c053e85	London	001042345	ark:/81055/vdc_000000055DD0	1879	http://www.flickr.com/photos/britishlibrary/11273475235	1	000011	11273475235	http://farm6.staticflickr.com/5550/11273475235_c1b4759fde_m.jpg	240	240	http://farm6.staticflickr.com/5550/11273475235_c1b4759fde.jpg	499	500	http://farm6.staticflickr.com/5550/11273475235_c1b4759fde_b.jpg	1022	1024	http://farm6.staticflickr.com/5550/11273475235_0b8a544659_o.jpg	1068	1070
0	E. Marlborough & Co.	Popular Guide up the Thames, to Kew, Richmond, Twickenham and Hampton Court			London	003605985		1879	http://www.flickr.com/photos/britishlibrary/11273584523	1	000030	11273584523	http://farm8.staticflickr.com/7324/11273584523_1d50570215_m.jpg	172	240	http://farm8.staticflickr.com/7324/11273584523_1d50570215.jpg	358	500	http://farm8.staticflickr.com/7324/11273584523_1d50570215_b.jpg	733	1024	http://farm8.staticflickr.com/7324/11273584523_139ab400a7_o.jpg	926	1293
01	D. Appleton & Co.	[Appleton's European Guide Book illustrated. Including England, Scotland, and Ireland, France, Belgium, Holland, Northern and Southern Germany, Switzerland, Italy, Spain and Portugal, Russia, Denmark, Norway, and Sweden. Containing ... maps, etc.]	APPLETON, Daniel AND CO	lsidyv3cbe7355	New York; Longmans & Co	000100280	ark:/81055/vdc_00000005D9DE	1879	http://www.flickr.com/photos/britishlibrary/11273517076	1	000523	11273517076	http://farm3.staticflickr.com/2809/11273517076_cbdfe0b811_m.jpg	240	146	http://farm3.staticflickr.com/2809/11273517076_cbdfe0b811.jpg	500	305	http://farm3.staticflickr.com/2809/11273517076_cbdfe0b811_b.jpg	1024	625	http://farm3.staticflickr.com/2809/11273517076_19ae58b28d_o.jpg	1377	840
0	Western Historical Company	The history of Henry County, Iowa. ... Illustrated			Chicago	001653329		1879	http://www.flickr.com/photos/britishlibrary/11273583553	1	000089	11273583553	http://farm4.staticflickr.com/3723/11273583553_2a1355b420_m.jpg	141	240	http://farm4.staticflickr.com/3723/11273583553_2a1355b420.jpg	293	500	http://farm4.staticflickr.com/3723/11273583553_2a1355b420_b.jpg	600	1024	http://farm4.staticflickr.com/3723/11273583553_a2ed1285ce_o.jpg	921	1572
01	Tinsley Brothers	Berlin under the New Empire, its institutions, inhabitants, industry ... With ... engravings, etc	VIZETELLY, Henry.		London	003807524		1879	http://www.flickr.com/photos/britishlibrary/11273582853	2	000322	11273582853	http://farm8.staticflickr.com/7388/11273582853_16d8cb0716_m.jpg	240	207	http://farm8.staticflickr.com/7388/11273582853_16d8cb0716.jpg	500	432	http://farm8.staticflickr.com/7388/11273582853_16d8cb0716_b.jpg	1024	884	http://farm8.staticflickr.com/7388/11273582853_4edf41143a_o.jpg	1307	1128
0	Mission Press	Jottings made during a Tour amongst the Land Dyaks of Upper Sarawak, Borneo, during the year, 1874	DENISON, Noel.		Singapore	000908288		1879	http://www.flickr.com/photos/britishlibrary/11273582463	1	000042	11273582463	http://farm6.staticflickr.com/5499/11273582463_46a297889d_m.jpg	240	175	http://farm6.staticflickr.com/5499/11273582463_46a297889d.jpg	500	365	http://farm6.staticflickr.com/5499/11273582463_46a297889d_b.jpg	1024	747	http://farm6.staticflickr.com/5499/11273582463_d419b3af01_o.jpg	1563	1140
0	Waterlow & Sons	Up the River from Westminster to Windsor and Oxford; a descriptive panorama of Thames Scenery			London	003606029		1879	http://www.flickr.com/photos/britishlibrary/11273472525	1	000093	11273472525	http://farm6.staticflickr.com/5476/11273472525_dcae270042_m.jpg	150	240	http://farm6.staticflickr.com/5476/11273472525_dcae270042.jpg	313	500	http://farm6.staticflickr.com/5476/11273472525_dcae270042_b.jpg	640	1024	http://farm6.staticflickr.com/5476/11273472525_825ee5af78_o.jpg	907	1451
01	Tinsley Brothers	Berlin under the New Empire, its institutions, inhabitants, industry ... With ... engravings, etc	VIZETELLY, Henry.		London	003807524		1879	http://www.flickr.com/photos/britishlibrary/11273581533	1	000437	11273581533	http://farm8.staticflickr.com/7383/11273581533_ece15d524c_m.jpg	149	240	http://farm8.staticflickr.com/7383/11273581533_ece15d524c.jpg	311	500	http://farm8.staticflickr.com/7383/11273581533_ece15d524c_b.jpg	637	1024	http://farm8.staticflickr.com/7383/11273581533_bf71b65422_o.jpg	853	1371
0	Harper & Bros.	What Mr. Darwin saw in his Voyage round The World in the Ship “Beagle.” [Compiled and adapted from “Journal of Researches into the Geology and Natural History of the Various Countries visited by H.M.S. Beagle, etc.”]	Darwin, Charles	lsidyv3c8ea4b0	New York	000868098	ark:/81055/vdc_00000005BB84	1879	http://www.flickr.com/photos/britishlibrary/11273470915	1	000026	11273470915	http://farm4.staticflickr.com/3687/11273470915_754fe3e882_m.jpg	240	140	http://farm4.staticflickr.com/3687/11273470915_754fe3e882.jpg	500	292	http://farm4.staticflickr.com/3687/11273470915_754fe3e882_b.jpg	1024	597	http://farm4.staticflickr.com/3687/11273470915_9621121929_o.jpg	1845	1076
0	C. R. Barns	Switzler's Illustrated History of Missouri, from 1541 to 1877, etc. [Edited by C. R. Barns. From the larger work edited by him, entitled: “The Commonwealth of Missouri.”]	BARNS, Chancy R.		Saint Louis	000206134		1879	http://www.flickr.com/photos/britishlibrary/11273514506	1	000633	11273514506	http://farm4.staticflickr.com/3696/11273514506_f4db1cdf3e_m.jpg	240	189	http://farm4.staticflickr.com/3696/11273514506_f4db1cdf3e.jpg	500	394	http://farm4.staticflickr.com/3696/11273514506_f4db1cdf3e_b.jpg	1024	807	http://farm4.staticflickr.com/3696/11273514506_e13a6b34f5_o.jpg	1502	1183
0	C. R. Barns	Switzler's Illustrated History of Missouri, from 1541 to 1877, etc. [Edited by C. R. Barns. From the larger work edited by him, entitled: “The Commonwealth of Missouri.”]	BARNS, Chancy R.		Saint Louis	000206134		1879	http://www.flickr.com/photos/britishlibrary/11273579793	1	000130	11273579793	http://farm8.staticflickr.com/7453/11273579793_322bddd419_m.jpg	139	240	http://farm8.staticflickr.com/7453/11273579793_322bddd419.jpg	289	500	http://farm8.staticflickr.com/7453/11273579793_322bddd419_b.jpg	592	1024	http://farm8.staticflickr.com/7453/11273579793_7491dcf027_o.jpg	915	1584
02	L. H. Everts	History of the Connecticut Valley in Massachusetts (by N. B. Sylvester), with illustrations and biographical sketches of some of its prominent men and pioneers [by other authors]	SYLVESTER, Nathaniel Bartlett.		Philadelphia	003562080		1879	http://www.flickr.com/photos/britishlibrary/11273535584	1	000573	11273535584	http://farm4.staticflickr.com/3770/11273535584_56971ed234_m.jpg	225	240	http://farm4.staticflickr.com/3770/11273535584_56971ed234.jpg	468	500	http://farm4.staticflickr.com/3770/11273535584_56971ed234_b.jpg	958	1024	http://farm4.staticflickr.com/3770/11273535584_c5dc640375_o.jpg	1068	1142
0	Mark and Bailey	Northampton past and present, a Handy Guide Book to the town and neighbourhood			Northampton	002673317		1879	http://www.flickr.com/photos/britishlibrary/11273512646	1	000111	11273512646	http://farm3.staticflickr.com/2886/11273512646_311a97c0ba_m.jpg	240	222	http://farm3.staticflickr.com/2886/11273512646_311a97c0ba.jpg	500	462	http://farm3.staticflickr.com/2886/11273512646_311a97c0ba_b.jpg	1024	946	http://farm3.staticflickr.com/2886/11273512646_9c382839ce_o.jpg	1307	1208
01	John Murray	Bedouin Tribes of the Euphrates ... Edited, with a preface and some account of the Arabs and their horses, by W. S. B. [i.e. W. S. Blunt] ... With map and sketches by the author	BLUNT, Anne Isabella Noel Baroness Wentworth	lsidyv3c8f4fb9	London	000382895	ark:/81055/vdc_00000005BBF6	1879	http://www.flickr.com/photos/britishlibrary/11273512016	1	000353	11273512016	http://farm8.staticflickr.com/7393/11273512016_b9111da855_m.jpg	240	178	http://farm8.staticflickr.com/7393/11273512016_b9111da855.jpg	500	372	http://farm8.staticflickr.com/7393/11273512016_b9111da855_b.jpg	1024	761	http://farm8.staticflickr.com/7393/11273512016_1dc228b618_o.jpg	1366	1015
02	American News Company	Round the world with General Grant. A narrative of the visit of General U. S. Grant ... to various countries ... in 1877, 1878, 1879. To which are added certain conversations with General Grant on questions connected with American politics and history ... With ... illustrations	YOUNG, John Russell.		New York	004002305		1879	http://www.flickr.com/photos/britishlibrary/11273578143	1	000087	11273578143	http://farm8.staticflickr.com/7310/11273578143_d94bdb11ea_m.jpg	165	240	http://farm8.staticflickr.com/7310/11273578143_d94bdb11ea.jpg	343	500	http://farm8.staticflickr.com/7310/11273578143_d94bdb11ea_b.jpg	703	1024	http://farm8.staticflickr.com/7310/11273578143_499775ff5f_o.jpg	1133	1650
01	American News Company	Round the world with General Grant. A narrative of the visit of General U. S. Grant ... to various countries ... in 1877, 1878, 1879. To which are added certain conversations with General Grant on questions connected with American politics and history ... With ... illustrations	YOUNG, John Russell.		New York	004002305		1879	http://www.flickr.com/photos/britishlibrary/11273467845	1	000433	11273467845	http://farm4.staticflickr.com/3683/11273467845_bf0a505032_m.jpg	175	240	http://farm4.staticflickr.com/3683/11273467845_bf0a505032.jpg	364	500	http://farm4.staticflickr.com/3683/11273467845_bf0a505032_b.jpg	745	1024	http://farm4.staticflickr.com/3683/11273467845_d3c15cd26a_o.jpg	1252	1722
0	Everts & Ensign	History of Toga, Chemung, Tompkins, and Schuyler Counties, New York. With illustrations and biographical sketches of some of its prominent men and pioneers	PEIRCE, Henry B. and HURD (Duane Hamilton)		Philadelphia	002810116		1879	http://www.flickr.com/photos/britishlibrary/11273532784	1	001054	11273532784	http://farm4.staticflickr.com/3813/11273532784_7ffaaf8ef9_m.jpg	240	170	http://farm4.staticflickr.com/3813/11273532784_7ffaaf8ef9.jpg	500	354	http://farm4.staticflickr.com/3813/11273532784_7ffaaf8ef9_b.jpg	1024	726	http://farm4.staticflickr.com/3813/11273532784_fcaf275831_o.jpg	1422	1008
0	J. Tweed	The Annals of Dumfermline and vicinity ... 1069-1878. Interspersed with ... notes, ... and ... engravings	HENDERSON, Ebenezer LL.D., F.R.A.S		Glasgow	001648659		1879	http://www.flickr.com/photos/britishlibrary/11273510596	1	000461	11273510596	http://farm6.staticflickr.com/5485/11273510596_30763b14cb_m.jpg	133	240	http://farm6.staticflickr.com/5485/11273510596_30763b14cb.jpg	277	500	http://farm6.staticflickr.com/5485/11273510596_30763b14cb_b.jpg	568	1024	http://farm6.staticflickr.com/5485/11273510596_cd6d12cc1e_o.jpg	858	1546
02	L. H. Everts	History of the Connecticut Valley in Massachusetts (by N. B. Sylvester), with illustrations and biographical sketches of some of its prominent men and pioneers [by other authors]	SYLVESTER, Nathaniel Bartlett.		Philadelphia	003562080		1879	http://www.flickr.com/photos/britishlibrary/11273508986	1	000430	11273508986	http://farm8.staticflickr.com/7459/11273508986_c1fed858a3_m.jpg	240	161	http://farm8.staticflickr.com/7459/11273508986_c1fed858a3.jpg	500	335	http://farm8.staticflickr.com/7459/11273508986_c1fed858a3_b.jpg	1024	686	http://farm8.staticflickr.com/7459/11273508986_0e2bbcb652_o.jpg	1788	1198
0	W. H. Luke	Illustrated Handbook to Plymouth, Stonehouse & Devonport, with a new map ... New and enlarged edition	WRIGHT, William Henry Kearley.		Plymouth	003985100		1879	http://www.flickr.com/photos/britishlibrary/11273530854	1	000061	11273530854	http://farm6.staticflickr.com/5498/11273530854_0d1a6273e0_m.jpg	187	240	http://farm6.staticflickr.com/5498/11273530854_0d1a6273e0.jpg	389	500	http://farm6.staticflickr.com/5498/11273530854_0d1a6273e0_b.jpg	797	1024	http://farm6.staticflickr.com/5498/11273530854_1763b394f2_o.jpg	912	1172
0		The Illustrated Guide to Sheffield and the surrounding district, etc	TAYLOR, John of Sheffield		Sheffield	003589731		1879	http://www.flickr.com/photos/britishlibrary/11273464585	1	000523	11273464585	http://farm6.staticflickr.com/5485/11273464585_92c6b2d6f0_m.jpg	160	240	http://farm6.staticflickr.com/5485/11273464585_92c6b2d6f0.jpg	333	500	http://farm6.staticflickr.com/5485/11273464585_92c6b2d6f0_b.jpg	682	1024	http://farm6.staticflickr.com/5485/11273464585_2ba132739f_o.jpg	942	1415
0	D. W. Ensign & Co.	History of Columbiana County, Ohio, with illustrations and biographical sketches of its prominent men and pioneers	MACK, Horace.		Philadelphia	002319445		1879	http://www.flickr.com/photos/britishlibrary/11273507736	2	000307	11273507736	http://farm3.staticflickr.com/2847/11273507736_225224c59b_m.jpg	240	204	http://farm3.staticflickr.com/2847/11273507736_225224c59b.jpg	500	425	http://farm3.staticflickr.com/2847/11273507736_225224c59b_b.jpg	1024	870	http://farm3.staticflickr.com/2847/11273507736_29d760b91b_o.jpg	1180	1003
0	N. D. Thompson & Co.	A Pictorial History of Texas, from the earliest visits of European adventurers to A.D. 1879 ... Third edition, ... revised	THRALL, Homer S.		St. Louis, Mo	003632148		1879	http://www.flickr.com/photos/britishlibrary/11273507256	1	000391	11273507256	http://farm3.staticflickr.com/2858/11273507256_783068773c_m.jpg	240	184	http://farm3.staticflickr.com/2858/11273507256_783068773c.jpg	500	383	http://farm3.staticflickr.com/2858/11273507256_783068773c_b.jpg	1024	784	http://farm3.staticflickr.com/2858/11273507256_df2926a0e3_o.jpg	1421	1088
0	Alex Rivington	The Hundred of Swanborough ... Reprinted from vol. XXIX., Sussex Archæological Collections. [With plates.]	COOPER, Joseph F.S.A		Lewes	000778014		1879	http://www.flickr.com/photos/britishlibrary/11273507216	1	000033	11273507216	http://farm6.staticflickr.com/5538/11273507216_8f10b60090_m.jpg	181	240	http://farm6.staticflickr.com/5538/11273507216_8f10b60090.jpg	376	500	http://farm6.staticflickr.com/5538/11273507216_8f10b60090_b.jpg	771	1024	http://farm6.staticflickr.com/5538/11273507216_b43b0d7e5e_o.jpg	905	1202
0	Cassell, Petter, Galpin & Co.	Morocco: its people and places ... Translated by C. Rollin-Tilton. With ... illustrations	AMICIS, Edmondo de.	lsidyv3c6b00d2	London	000070870	ark:/81055/vdc_00000005AC0C	1879	http://www.flickr.com/photos/britishlibrary/11273527794	1	000225	11273527794	http://farm8.staticflickr.com/7312/11273527794_b8a1b6d865_m.jpg	189	240	http://farm8.staticflickr.com/7312/11273527794_b8a1b6d865.jpg	394	500	http://farm8.staticflickr.com/7312/11273527794_b8a1b6d865_b.jpg	807	1024	http://farm8.staticflickr.com/7312/11273527794_9a6d1d56a3_o.jpg	985	1250
0	Religious Tract Society	The Lands of Scripture: comprising “Those Holy Fields”; “The Land of the Pharaohs” [both by S. M.]; “Pictures from Bible Lands” (edited by S. G. Green. The illustrations by E. Whymper, etc.)	MANNING, Samuel LL.D		London	002369128		1879	http://www.flickr.com/photos/britishlibrary/11273505986	1	000401	11273505986	http://farm8.staticflickr.com/7366/11273505986_1275425ddc_m.jpg	240	161	http://farm8.staticflickr.com/7366/11273505986_1275425ddc.jpg	500	334	http://farm8.staticflickr.com/7366/11273505986_1275425ddc_b.jpg	1024	685	http://farm8.staticflickr.com/7366/11273505986_5b1d7f92b1_o.jpg	1527	1021
0		Up the Amazon and Madeira Rivers, through Bolivia and Peru	MATHEWS, Edward Davis.		London	002421157		1879	http://www.flickr.com/photos/britishlibrary/11273462145	1	000398	11273462145	http://farm6.staticflickr.com/5517/11273462145_0bbe2b27d8_m.jpg	180	240	http://farm6.staticflickr.com/5517/11273462145_0bbe2b27d8.jpg	375	500	http://farm6.staticflickr.com/5517/11273462145_0bbe2b27d8_b.jpg	767	1024	http://farm6.staticflickr.com/5517/11273462145_65959eef31_o.jpg	998	1332
0	Waterlow & Sons	Up the River from Westminster to Windsor and Oxford; a descriptive panorama of Thames Scenery			London	003606029		1879	http://www.flickr.com/photos/britishlibrary/11273570243	1	000122	11273570243	http://farm4.staticflickr.com/3745/11273570243_f0df0962c4_m.jpg	240	230	http://farm4.staticflickr.com/3745/11273570243_f0df0962c4.jpg	500	479	http://farm4.staticflickr.com/3745/11273570243_f0df0962c4_b.jpg	1024	980	http://farm4.staticflickr.com/3745/11273570243_d30c4b6176_o.jpg	1455	1392
0	Cassell, Petter, Galpin & Co.	Morocco: its people and places ... Translated by C. Rollin-Tilton. With ... illustrations	AMICIS, Edmondo de.	lsidyv3c6b00d2	London	000070870	ark:/81055/vdc_00000005AC0C	1879	http://www.flickr.com/photos/britishlibrary/11273460825	2	000224	11273460825	http://farm4.staticflickr.com/3677/11273460825_eaaa252b54_m.jpg	240	126	http://farm4.staticflickr.com/3677/11273460825_eaaa252b54.jpg	500	262	http://farm4.staticflickr.com/3677/11273460825_eaaa252b54_b.jpg	1024	537	http://farm4.staticflickr.com/3677/11273460825_4d01b0bf91_o.jpg	1733	908
02		Paris à travers les siècles. Histoire nationale de Paris et des Parisiens depuis la fondation de Lutèce jusqu'à nos jours, etc	GOURDON DE GENOUILLAC, Nicolas Jules Henri.		Paris	001476975		1879	http://www.flickr.com/photos/britishlibrary/11273569603	1	000051	11273569603	http://farm6.staticflickr.com/5483/11273569603_ab88b10d68_m.jpg	162	240	http://farm6.staticflickr.com/5483/11273569603_ab88b10d68.jpg	338	500	http://farm6.staticflickr.com/5483/11273569603_ab88b10d68_b.jpg	693	1024	http://farm6.staticflickr.com/5483/11273569603_afd1ca7ebf_o.jpg	1078	1592
0	Wesleyan Conference Office	Rambles in Bible Lands	NEWTON, Richard D.D., Rector of St. Paul's Church, Philadelphia	lsidyv3ca35e3a	London	002646495	ark:/81055/vdc_00000005C826	1879	http://www.flickr.com/photos/britishlibrary/11273524594	1	000037	11273524594	http://farm4.staticflickr.com/3716/11273524594_0b12ed91da_m.jpg	228	240	http://farm4.staticflickr.com/3716/11273524594_0b12ed91da.jpg	475	500	http://farm4.staticflickr.com/3716/11273524594_0b12ed91da_b.jpg	972	1024	http://farm4.staticflickr.com/3716/11273524594_b66c927069_o.jpg	1306	1376
01	D. Appleton & Co.	[Appleton's European Guide Book illustrated. Including England, Scotland, and Ireland, France, Belgium, Holland, Northern and Southern Germany, Switzerland, Italy, Spain and Portugal, Russia, Denmark, Norway, and Sweden. Containing ... maps, etc.]	APPLETON, Daniel AND CO	lsidyv3cbe7355	New York; Longmans & Co	000100280	ark:/81055/vdc_00000005D9DE	1879	http://www.flickr.com/photos/britishlibrary/11273459635	1	000676	11273459635	http://farm4.staticflickr.com/3804/11273459635_40c9554ef3_m.jpg	159	240	http://farm4.staticflickr.com/3804/11273459635_40c9554ef3.jpg	331	500	http://farm4.staticflickr.com/3804/11273459635_40c9554ef3_b.jpg	678	1024	http://farm4.staticflickr.com/3804/11273459635_1ab80e24ac_o.jpg	843	1273
0	Jarrold & Sons	John Snow's Wife; and other temperance stories. By the Rev. C. Courtenay ... and other writers	COURTENAY, Charles.		London	000801566		1879	http://www.flickr.com/photos/britishlibrary/11273568223	1	000006	11273568223	http://farm6.staticflickr.com/5522/11273568223_b52e7514d5_m.jpg	240	165	http://farm6.staticflickr.com/5522/11273568223_b52e7514d5.jpg	500	344	http://farm6.staticflickr.com/5522/11273568223_b52e7514d5_b.jpg	1024	705	http://farm6.staticflickr.com/5522/11273568223_4ef97176f8_o.jpg	1733	1193
01		Knaresborough Castle Yard. (The Microcosm: and, Malcolm, a holiday-walk. A few occasional pieces.) [In verse.]			London, Bristol [printed]	001987484		1879	http://www.flickr.com/photos/britishlibrary/11273522844	1	000085	11273522844	http://farm8.staticflickr.com/7325/11273522844_c949287e6a_m.jpg	240	164	http://farm8.staticflickr.com/7325/11273522844_c949287e6a.jpg	500	341	http://farm8.staticflickr.com/7325/11273522844_c949287e6a_b.jpg	1024	698	http://farm8.staticflickr.com/7325/11273522844_91e872c317_o.jpg	1515	1032
0	Moses King	King's Handbook of Boston. Profusely illustrated. [With a map.]	KING, Moses.		Cambridge, Mass	001968594		1879	http://www.flickr.com/photos/britishlibrary/11273456995	1	000306	11273456995	http://farm4.staticflickr.com/3698/11273456995_d33b7cfae2_m.jpg	190	240	http://farm4.staticflickr.com/3698/11273456995_d33b7cfae2.jpg	396	500	http://farm4.staticflickr.com/3698/11273456995_d33b7cfae2_b.jpg	812	1024	http://farm4.staticflickr.com/3698/11273456995_2cd5b0074f_o.jpg	1116	1408
0	Moses King	King's Handbook of Boston. Profusely illustrated. [With a map.]	KING, Moses.		Cambridge, Mass	001968594		1879	http://www.flickr.com/photos/britishlibrary/11273457485	1	000335	11273457485	http://farm8.staticflickr.com/7303/11273457485_cc3cd45239_m.jpg	240	178	http://farm8.staticflickr.com/7303/11273457485_cc3cd45239.jpg	500	370	http://farm8.staticflickr.com/7303/11273457485_cc3cd45239_b.jpg	1024	758	http://farm8.staticflickr.com/7303/11273457485_6cbe3b336d_o.jpg	1491	1104
0	Harper & Bros.	What Mr. Darwin saw in his Voyage round The World in the Ship “Beagle.” [Compiled and adapted from “Journal of Researches into the Geology and Natural History of the Various Countries visited by H.M.S. Beagle, etc.”]	Darwin, Charles	lsidyv3c8ea4b0	New York	000868098	ark:/81055/vdc_00000005BB84	1879	http://www.flickr.com/photos/britishlibrary/11273499476	1	000199	11273499476	http://farm4.staticflickr.com/3751/11273499476_277cb5da11_m.jpg	101	240	http://farm4.staticflickr.com/3751/11273499476_277cb5da11.jpg	211	500	http://farm4.staticflickr.com/3751/11273499476_277cb5da11_b.jpg	433	1024	http://farm4.staticflickr.com/3751/11273499476_d5fd71589a_o.jpg	656	1550
02	L. H. Everts	History of the Connecticut Valley in Massachusetts (by N. B. Sylvester), with illustrations and biographical sketches of some of its prominent men and pioneers [by other authors]	SYLVESTER, Nathaniel Bartlett.		Philadelphia	003562080		1879	http://www.flickr.com/photos/britishlibrary/11273521364	1	000567	11273521364	http://farm8.staticflickr.com/7385/11273521364_6f812e8070_m.jpg	191	240	http://farm8.staticflickr.com/7385/11273521364_6f812e8070.jpg	397	500	http://farm8.staticflickr.com/7385/11273521364_6f812e8070_b.jpg	814	1024	http://farm8.staticflickr.com/7385/11273521364_8c0474d755_o.jpg	921	1158
01		The Australian abroad. Branches from the Main Routes round the World. [Reprinted from the Melbourne “Argus.” With illustrations.] 2 series	HINGSTON, James.	lsidyv3cbf9abe	London	001689101	ark:/81055/vdc_00000005DA7A	1879	http://www.flickr.com/photos/britishlibrary/11273564963	1	000121	11273564963	http://farm4.staticflickr.com/3773/11273564963_220bf90ca9_m.jpg	160	240	http://farm4.staticflickr.com/3773/11273564963_220bf90ca9.jpg	333	500	http://farm4.staticflickr.com/3773/11273564963_220bf90ca9_b.jpg	682	1024	http://farm4.staticflickr.com/3773/11273564963_a1a0dd8de8_o.jpg	932	1400
02	American News Company	Round the world with General Grant. A narrative of the visit of General U. S. Grant ... to various countries ... in 1877, 1878, 1879. To which are added certain conversations with General Grant on questions connected with American politics and history ... With ... illustrations	YOUNG, John Russell.		New York	004002305		1879	http://www.flickr.com/photos/britishlibrary/11273454425	1	000193	11273454425	http://farm3.staticflickr.com/2839/11273454425_f7b213b367_m.jpg	176	240	http://farm3.staticflickr.com/2839/11273454425_f7b213b367.jpg	367	500	http://farm3.staticflickr.com/2839/11273454425_f7b213b367_b.jpg	752	1024	http://farm3.staticflickr.com/2839/11273454425_7a199299f4_o.jpg	1196	1628
03		A magyar nemzet története. I. kötet írta Bodon J. és Dr. Szalay J. (II.-IV.) kötet, írta Dr. Szalay J.) [With portraits.]	BODON, József and SZALAY (József)		Budapest	000389221		1879	http://www.flickr.com/photos/britishlibrary/11273497126	1	000247	11273497126	http://farm6.staticflickr.com/5516/11273497126_ecf9380fe8_m.jpg	240	178	http://farm6.staticflickr.com/5516/11273497126_ecf9380fe8.jpg	500	371	http://farm6.staticflickr.com/5516/11273497126_ecf9380fe8_b.jpg	1024	760	http://farm6.staticflickr.com/5516/11273497126_6a2f95995b_o.jpg	1565	1161
0	Everts & Abbott	History of Hillsdale County, Michigan, with illustrations and biographical sketches of some of its prominent men, etc	Johnson, Crisfield.		Philadelphia	001884500		1879	http://www.flickr.com/photos/britishlibrary/11273563193	1	000378	11273563193	http://farm6.staticflickr.com/5508/11273563193_114ddc4913_m.jpg	240	191	http://farm6.staticflickr.com/5508/11273563193_114ddc4913.jpg	500	397	http://farm6.staticflickr.com/5508/11273563193_114ddc4913_b.jpg	1024	814	http://farm6.staticflickr.com/5508/11273563193_eea83e731e_o.jpg	1277	1015
0	F. W. Bird	History of the Town of Douglas, Massachusetts, from the earliest period to the close of 1878	EMERSON, William Andrew.		Boston [Mass.]	001065911		1879	http://www.flickr.com/photos/britishlibrary/11273562523	1	000299	11273562523	http://farm6.staticflickr.com/5504/11273562523_158f397b70_m.jpg	182	240	http://farm6.staticflickr.com/5504/11273562523_158f397b70.jpg	380	500	http://farm6.staticflickr.com/5504/11273562523_158f397b70_b.jpg	778	1024	http://farm6.staticflickr.com/5504/11273562523_ffdb15ab0c_o.jpg	1160	1526
02	American News Company	Round the world with General Grant. A narrative of the visit of General U. S. Grant ... to various countries ... in 1877, 1878, 1879. To which are added certain conversations with General Grant on questions connected with American politics and history ... With ... illustrations	YOUNG, John Russell.		New York	004002305		1879	http://www.flickr.com/photos/britishlibrary/11273451965	1	000048	11273451965	http://farm4.staticflickr.com/3704/11273451965_526a41943c_m.jpg	240	153	http://farm4.staticflickr.com/3704/11273451965_526a41943c.jpg	500	318	http://farm4.staticflickr.com/3704/11273451965_526a41943c_b.jpg	1024	651	http://farm4.staticflickr.com/3704/11273451965_eb807abd9a_o.jpg	1347	856
0		Sahara & Sahel. I. Un Été dans le Sahara. II. Une Année dans le Sahel. Édition illustrée d'eaux fortes ... et de quarante-cinq gravures, etc	Fromentin, Eugène		Paris	001334608		1879	http://www.flickr.com/photos/britishlibrary/11273561123	1	000395	11273561123	http://farm4.staticflickr.com/3670/11273561123_199b97bbe8_m.jpg	233	240	http://farm4.staticflickr.com/3670/11273561123_199b97bbe8.jpg	486	500	http://farm4.staticflickr.com/3670/11273561123_199b97bbe8_b.jpg	996	1024	http://farm4.staticflickr.com/3670/11273561123_4627200d1f_o.jpg	1435	1475
0		Histoire de l'unité politique et territoriale de la France	PAQUIER, Jean Baptiste.		Paris	002764484		1879	http://www.flickr.com/photos/britishlibrary/11273449985	1	000209	11273449985	http://farm4.staticflickr.com/3685/11273449985_0f2cf719cd_m.jpg	240	205	http://farm4.staticflickr.com/3685/11273449985_0f2cf719cd.jpg	500	427	http://farm4.staticflickr.com/3685/11273449985_0f2cf719cd_b.jpg	1024	875	http://farm4.staticflickr.com/3685/11273449985_f6e07039b7_o.jpg	1563	1336
01	Griffith & Farran	[Memorable Battles in English History, where fought, why fought, and their results. With the military lives of the commanders, etc.]	Adams, W. H. Davenport (William Henry Davenport)		London	000017042		1879	http://www.flickr.com/photos/britishlibrary/11273494616	1	000161	11273494616	http://farm8.staticflickr.com/7388/11273494616_c6af488110_m.jpg	240	199	http://farm8.staticflickr.com/7388/11273494616_c6af488110.jpg	500	416	http://farm8.staticflickr.com/7388/11273494616_c6af488110_b.jpg	1024	851	http://farm8.staticflickr.com/7388/11273494616_a4c3bd6d8c_o.jpg	1578	1311
0	Cassell, Petter, Galpin & Co.	Morocco: its people and places ... Translated by C. Rollin-Tilton. With ... illustrations	AMICIS, Edmondo de.	lsidyv3c6b00d2	London	000070870	ark:/81055/vdc_00000005AC0C	1879	http://www.flickr.com/photos/britishlibrary/11273450675	1	000192	11273450675	http://farm6.staticflickr.com/5526/11273450675_9de4fc6f53_m.jpg	240	205	http://farm6.staticflickr.com/5526/11273450675_9de4fc6f53.jpg	500	427	http://farm6.staticflickr.com/5526/11273450675_9de4fc6f53_b.jpg	1024	874	http://farm6.staticflickr.com/5526/11273450675_1f6f1a4c60_o.jpg	1383	1180
0	Everts & Ensign	History of Toga, Chemung, Tompkins, and Schuyler Counties, New York. With illustrations and biographical sketches of some of its prominent men and pioneers	PEIRCE, Henry B. and HURD (Duane Hamilton)		Philadelphia	002810116		1879	http://www.flickr.com/photos/britishlibrary/11273493406	1	000702	11273493406	http://farm6.staticflickr.com/5502/11273493406_5cbe7490a4_m.jpg	240	174	http://farm6.staticflickr.com/5502/11273493406_5cbe7490a4.jpg	500	362	http://farm6.staticflickr.com/5502/11273493406_5cbe7490a4_b.jpg	1024	741	http://farm6.staticflickr.com/5502/11273493406_12c7890570_o.jpg	1297	938
01	William Mackenzie	The National Burns. Edited by Rev. George Gilfillan, including the airs of all the songs, and an original life of Burns by the editor. [With plates, including portraits.]	Burns, Robert		Glasgow	000543200		1879	http://www.flickr.com/photos/britishlibrary/11273514754	1	000303	11273514754	http://farm6.staticflickr.com/5505/11273514754_6c93063408_m.jpg	240	186	http://farm6.staticflickr.com/5505/11273514754_6c93063408.jpg	500	387	http://farm6.staticflickr.com/5505/11273514754_6c93063408_b.jpg	1024	793	http://farm6.staticflickr.com/5505/11273514754_49930929b8_o.jpg	1562	1210
0	Religious Tract Society	The Lands of Scripture: comprising “Those Holy Fields”; “The Land of the Pharaohs” [both by S. M.]; “Pictures from Bible Lands” (edited by S. G. Green. The illustrations by E. Whymper, etc.)	MANNING, Samuel LL.D		London	002369128		1879	http://www.flickr.com/photos/britishlibrary/11273448195	2	000365	11273448195	http://farm6.staticflickr.com/5479/11273448195_b9406f8980_m.jpg	240	217	http://farm6.staticflickr.com/5479/11273448195_b9406f8980.jpg	500	453	http://farm6.staticflickr.com/5479/11273448195_b9406f8980_b.jpg	1024	927	http://farm6.staticflickr.com/5479/11273448195_90d2d2f169_o.jpg	1136	1028
0	[Ward, Lock & Co.	[Charles O'Malley, the Irish Dragoon. Edited by Harry Lorrequer. [By C. J. L.]]	LEVER, Charles James.		London,] Perth [printed	002150760		1879	http://www.flickr.com/photos/britishlibrary/11273491496	1	000277	11273491496	http://farm8.staticflickr.com/7372/11273491496_96eb7168af_m.jpg	240	186	http://farm8.staticflickr.com/7372/11273491496_96eb7168af.jpg	500	388	http://farm8.staticflickr.com/7372/11273491496_96eb7168af_b.jpg	1024	795	http://farm8.staticflickr.com/7372/11273491496_abe3146964_o.jpg	1292	1003
0		Viaje á la Patagonia austral emprendido bajo los auspicios del Gobierno Nacional 1876-1877. tom. 1	MORENO, Francisco Josué Pascasio.		Buenos Aires	002546654		1879	http://www.flickr.com/photos/britishlibrary/11273491006	1	000172	11273491006	http://farm4.staticflickr.com/3755/11273491006_6d9b155187_m.jpg	161	240	http://farm4.staticflickr.com/3755/11273491006_6d9b155187.jpg	336	500	http://farm4.staticflickr.com/3755/11273491006_6d9b155187_b.jpg	688	1024	http://farm4.staticflickr.com/3755/11273491006_41ec72df17_o.jpg	1025	1526
0		The Illustrated Guide to Sheffield and the surrounding district, etc	TAYLOR, John of Sheffield		Sheffield	003589731		1879	http://www.flickr.com/photos/britishlibrary/11273447145	2	000088	11273447145	http://farm4.staticflickr.com/3709/11273447145_35219b3961_m.jpg	170	240	http://farm4.staticflickr.com/3709/11273447145_35219b3961.jpg	354	500	http://farm4.staticflickr.com/3709/11273447145_35219b3961_b.jpg	724	1024	http://farm4.staticflickr.com/3709/11273447145_b46393ee1e_o.jpg	1001	1415
0	Religious Tract Society	English Pictures drawn with pen and pencil	MANNING, Samuel LL.D. and GREEN (Samuel Gosnell)	lsidyv3c492c1d	London	002369135	ark:/81055/vdc_000000059460	1879	http://www.flickr.com/photos/britishlibrary/11273446995	1	000122	11273446995	http://farm6.staticflickr.com/5507/11273446995_f79ea3a700_m.jpg	240	197	http://farm6.staticflickr.com/5507/11273446995_f79ea3a700.jpg	500	411	http://farm6.staticflickr.com/5507/11273446995_f79ea3a700_b.jpg	1024	841	http://farm6.staticflickr.com/5507/11273446995_9dcaf55bfe_o.jpg	1562	1283
01	Tinsley Brothers	Berlin under the New Empire, its institutions, inhabitants, industry ... With ... engravings, etc	VIZETELLY, Henry.		London	003807524		1879	http://www.flickr.com/photos/britishlibrary/11273489606	1	000017	11273489606	http://farm4.staticflickr.com/3724/11273489606_96f7057c5f_m.jpg	218	240	http://farm4.staticflickr.com/3724/11273489606_96f7057c5f.jpg	455	500	http://farm4.staticflickr.com/3724/11273489606_96f7057c5f_b.jpg	932	1024	http://farm4.staticflickr.com/3724/11273489606_495ed2d14d_o.jpg	1171	1287
0		The Great Eastern Railway Company's Tourist-Guide to the Continent. ... With illustrations ... and a map	LINDLEY, Percy.	lsidyv3cad916f	London	002174468	ark:/81055/vdc_00000005CE44	1879	http://www.flickr.com/photos/britishlibrary/11273488666	1	000157	11273488666	http://farm8.staticflickr.com/7401/11273488666_ff678c94fd_m.jpg	240	221	http://farm8.staticflickr.com/7401/11273488666_ff678c94fd.jpg	500	459	http://farm8.staticflickr.com/7401/11273488666_ff678c94fd_b.jpg	1024	941	http://farm8.staticflickr.com/7401/11273488666_93f1f66028_o.jpg	1277	1173
0	W. H. Luke	Illustrated Handbook to Plymouth, Stonehouse & Devonport, with a new map ... New and enlarged edition	WRIGHT, William Henry Kearley.		Plymouth	003985100		1879	http://www.flickr.com/photos/britishlibrary/11273445125	1	000150	11273445125	http://farm4.staticflickr.com/3832/11273445125_cbca7d8c0f_m.jpg	240	205	http://farm4.staticflickr.com/3832/11273445125_cbca7d8c0f.jpg	500	427	http://farm4.staticflickr.com/3832/11273445125_cbca7d8c0f_b.jpg	1024	875	http://farm4.staticflickr.com/3832/11273445125_dcba610506_o.jpg	1167	997
0		Saint-Pierre de Rome. Ouvrage illustré, etc	LORBAC, Charles de.		Rome	002259706		1879	http://www.flickr.com/photos/britishlibrary/11273488166	1	000280	11273488166	http://farm8.staticflickr.com/7368/11273488166_c89a6b2da6_m.jpg	186	240	http://farm8.staticflickr.com/7368/11273488166_c89a6b2da6.jpg	387	500	http://farm8.staticflickr.com/7368/11273488166_c89a6b2da6_b.jpg	792	1024	http://farm8.staticflickr.com/7368/11273488166_b57fa4914b_o.jpg	1272	1645
0		The Children's fairy geography, or a merry trip round Europe	WINSLOW, Forbes Edward.	lsidyv3c92d153	London	003952456	ark:/81055/vdc_00000005BE18	1879	http://www.flickr.com/photos/britishlibrary/11273510024	1	000293	11273510024	http://farm8.staticflickr.com/7410/11273510024_97ff308cac_m.jpg	240	172	http://farm8.staticflickr.com/7410/11273510024_97ff308cac.jpg	500	359	http://farm8.staticflickr.com/7410/11273510024_97ff308cac_b.jpg	1024	735	http://farm8.staticflickr.com/7410/11273510024_e5a1e097ce_o.jpg	1638	1175
02	Tinsley Brothers	Berlin under the New Empire, its institutions, inhabitants, industry ... With ... engravings, etc	VIZETELLY, Henry.		London	003807524		1879	http://www.flickr.com/photos/britishlibrary/11273444005	1	000168	11273444005	http://farm6.staticflickr.com/5526/11273444005_bfaebe8afe_m.jpg	240	174	http://farm6.staticflickr.com/5526/11273444005_bfaebe8afe.jpg	500	362	http://farm6.staticflickr.com/5526/11273444005_bfaebe8afe_b.jpg	1024	741	http://farm6.staticflickr.com/5526/11273444005_2234f11981_o.jpg	1611	1166
01		Paris à travers les siècles. Histoire nationale de Paris et des Parisiens depuis la fondation de Lutèce jusqu'à nos jours, etc	GOURDON DE GENOUILLAC, Nicolas Jules Henri.		Paris	001476975		1879	http://www.flickr.com/photos/britishlibrary/11273486866	1	000119	11273486866	http://farm6.staticflickr.com/5550/11273486866_e12e048982_m.jpg	240	209	http://farm6.staticflickr.com/5550/11273486866_e12e048982.jpg	500	436	http://farm6.staticflickr.com/5550/11273486866_e12e048982_b.jpg	1024	893	http://farm6.staticflickr.com/5550/11273486866_8ceebcc77d_o.jpg	1096	956
01	D. Appleton & Co.	[Appleton's European Guide Book illustrated. Including England, Scotland, and Ireland, France, Belgium, Holland, Northern and Southern Germany, Switzerland, Italy, Spain and Portugal, Russia, Denmark, Norway, and Sweden. Containing ... maps, etc.]	APPLETON, Daniel AND CO	lsidyv3cbe7355	New York; Longmans & Co	000100280	ark:/81055/vdc_00000005D9DE	1879	http://www.flickr.com/photos/britishlibrary/11273508694	1	000658	11273508694	http://farm4.staticflickr.com/3799/11273508694_82e71cc8b7_m.jpg	163	240	http://farm4.staticflickr.com/3799/11273508694_82e71cc8b7.jpg	339	500	http://farm4.staticflickr.com/3799/11273508694_82e71cc8b7_b.jpg	694	1024	http://farm4.staticflickr.com/3799/11273508694_750fcd9c69_o.jpg	836	1233
0	T. Lewis	Waltham, past and present, and its industries. With ... photographic illustrations	NELSON, Charles Alexander.		Cambridge [Mass.]	002618620		1879	http://www.flickr.com/photos/britishlibrary/11273486016	2	000135	11273486016	http://farm4.staticflickr.com/3821/11273486016_338570a67a_m.jpg	178	240	http://farm4.staticflickr.com/3821/11273486016_338570a67a.jpg	371	500	http://farm4.staticflickr.com/3821/11273486016_338570a67a_b.jpg	760	1024	http://farm4.staticflickr.com/3821/11273486016_105bbef632_o.jpg	1082	1457
01	Tinsley Brothers	Berlin under the New Empire, its institutions, inhabitants, industry ... With ... engravings, etc	VIZETELLY, Henry.		London	003807524		1879	http://www.flickr.com/photos/britishlibrary/11273485186	1	000140	11273485186	http://farm8.staticflickr.com/7444/11273485186_3c6642368c_m.jpg	240	171	http://farm8.staticflickr.com/7444/11273485186_3c6642368c.jpg	500	356	http://farm8.staticflickr.com/7444/11273485186_3c6642368c_b.jpg	1024	730	http://farm8.staticflickr.com/7444/11273485186_05ff5ae8e1_o.jpg	1297	925
02		A magyar nemzet története. I. kötet írta Bodon J. és Dr. Szalay J. (II.-IV.) kötet, írta Dr. Szalay J.) [With portraits.]	BODON, József and SZALAY (József)		Budapest	000389221		1879	http://www.flickr.com/photos/britishlibrary/11273441225	1	000311	11273441225	http://farm6.staticflickr.com/5505/11273441225_5da5eeace1_m.jpg	239	240	http://farm6.staticflickr.com/5505/11273441225_5da5eeace1.jpg	497	500	http://farm6.staticflickr.com/5505/11273441225_5da5eeace1_b.jpg	1018	1024	http://farm6.staticflickr.com/5505/11273441225_633d755c18_o.jpg	1457	1466
0	Harper & Bros.	What Mr. Darwin saw in his Voyage round The World in the Ship “Beagle.” [Compiled and adapted from “Journal of Researches into the Geology and Natural History of the Various Countries visited by H.M.S. Beagle, etc.”]	Darwin, Charles	lsidyv3c8ea4b0	New York	000868098	ark:/81055/vdc_00000005BB84	1879	http://www.flickr.com/photos/britishlibrary/11273440855	2	000145	11273440855	http://farm8.staticflickr.com/7454/11273440855_ba32e3406c_m.jpg	240	196	http://farm8.staticflickr.com/7454/11273440855_ba32e3406c.jpg	500	408	http://farm8.staticflickr.com/7454/11273440855_ba32e3406c_b.jpg	1024	836	http://farm8.staticflickr.com/7454/11273440855_154b45823f_o.jpg	1142	932
01	Tinsley Brothers	Berlin under the New Empire, its institutions, inhabitants, industry ... With ... engravings, etc	VIZETELLY, Henry.		London	003807524		1879	http://www.flickr.com/photos/britishlibrary/11273483356	1	000112	11273483356	http://farm4.staticflickr.com/3698/11273483356_6e86bac070_m.jpg	240	229	http://farm4.staticflickr.com/3698/11273483356_6e86bac070.jpg	500	477	http://farm4.staticflickr.com/3698/11273483356_6e86bac070_b.jpg	1024	976	http://farm4.staticflickr.com/3698/11273483356_e098798193_o.jpg	1077	1027
0		The Wild Man at Home: or, pictures of life in savage lands ... With woodcuts ... and coloured illustrations	GREENWOOD, James Novelist	lsidyv2af6fa2f	London, Edinburgh	001503444	ark:/81055/vdc_0000000519A2	1879	http://www.flickr.com/photos/britishlibrary/11273548303	1	000115	11273548303	http://farm4.staticflickr.com/3796/11273548303_09822418d4_m.jpg	240	227	http://farm4.staticflickr.com/3796/11273548303_09822418d4.jpg	500	473	http://farm4.staticflickr.com/3796/11273548303_09822418d4_b.jpg	1024	969	http://farm4.staticflickr.com/3796/11273548303_d1f7853bda_o.jpg	1461	1383
0	Harper & Bros.	From Egypt to Palestine through Sinai, the Wilderness and the South Country. Observations of a journey made with special reference to the history of the Israelites ... With maps and illustrations	BARTLETT, Samuel Colcord.	lsidyv3c53baba	New York	000216339	ark:/81055/vdc_000000059CA0	1879	http://www.flickr.com/photos/britishlibrary/11273482996	1	000272	11273482996	http://farm4.staticflickr.com/3808/11273482996_4e892de16d_m.jpg	178	240	http://farm4.staticflickr.com/3808/11273482996_4e892de16d.jpg	371	500	http://farm4.staticflickr.com/3808/11273482996_4e892de16d_b.jpg	759	1024	http://farm4.staticflickr.com/3808/11273482996_6fec73400a_o.jpg	1040	1403
0		Les Vieilles Villes de Suisse. Notes et souvenirs. Ouvrage illustré de 105 dessins à la plume par A. Robida reproduits en fac-simile	ROBIDA, Albert.		Paris	003121715		1879	http://www.flickr.com/photos/britishlibrary/11273481926	1	000033	11273481926	http://farm8.staticflickr.com/7329/11273481926_6dc0ecfc73_m.jpg	158	240	http://farm8.staticflickr.com/7329/11273481926_6dc0ecfc73.jpg	330	500	http://farm8.staticflickr.com/7329/11273481926_6dc0ecfc73_b.jpg	676	1024	http://farm8.staticflickr.com/7329/11273481926_8a0b491e1f_o.jpg	1030	1560
02		Memorials of the Civil War between King Charles I. and the Parliament of England as it affected Herefordshire and the adjacent counties ... Edited and completed by ... T. W. Webb ... with an appendix of documents. [With illustrations.]	WEBB, John Rector of Tretyre, Herefordshire		London	003870802		1879	http://www.flickr.com/photos/britishlibrary/11273481846	1	000221	11273481846	http://farm8.staticflickr.com/7325/11273481846_22f19d3c03_m.jpg	189	240	http://farm8.staticflickr.com/7325/11273481846_22f19d3c03.jpg	394	500	http://farm8.staticflickr.com/7325/11273481846_22f19d3c03_b.jpg	806	1024	http://farm8.staticflickr.com/7325/11273481846_f1eb1c0a81_o.jpg	1131	1437
0	Everts & Ensign	History of Toga, Chemung, Tompkins, and Schuyler Counties, New York. With illustrations and biographical sketches of some of its prominent men and pioneers	PEIRCE, Henry B. and HURD (Duane Hamilton)		Philadelphia	002810116		1879	http://www.flickr.com/photos/britishlibrary/11273437755	1	000446	11273437755	http://farm4.staticflickr.com/3728/11273437755_9af1e06429_m.jpg	240	187	http://farm4.staticflickr.com/3728/11273437755_9af1e06429.jpg	500	389	http://farm4.staticflickr.com/3728/11273437755_9af1e06429_b.jpg	1024	797	http://farm4.staticflickr.com/3728/11273437755_2e56161201_o.jpg	1228	956
0	Religious Tract Society	The Lands of Scripture: comprising “Those Holy Fields”; “The Land of the Pharaohs” [both by S. M.]; “Pictures from Bible Lands” (edited by S. G. Green. The illustrations by E. Whymper, etc.)	MANNING, Samuel LL.D		London	002369128		1879	http://www.flickr.com/photos/britishlibrary/11273502274	1	000213	11273502274	http://farm8.staticflickr.com/7294/11273502274_2b8b7cecf8_m.jpg	144	240	http://farm8.staticflickr.com/7294/11273502274_2b8b7cecf8.jpg	300	500	http://farm8.staticflickr.com/7294/11273502274_2b8b7cecf8_b.jpg	615	1024	http://farm8.staticflickr.com/7294/11273502274_865bda3322_o.jpg	1121	1866
02	Tinsley Brothers	Berlin under the New Empire, its institutions, inhabitants, industry ... With ... engravings, etc	VIZETELLY, Henry.		London	003807524		1879	http://www.flickr.com/photos/britishlibrary/11273546223	1	000157	11273546223	http://farm4.staticflickr.com/3672/11273546223_5554cc2c09_m.jpg	240	178	http://farm4.staticflickr.com/3672/11273546223_5554cc2c09.jpg	500	371	http://farm4.staticflickr.com/3672/11273546223_5554cc2c09_b.jpg	1024	760	http://farm4.staticflickr.com/3672/11273546223_d6f26d3f9b_o.jpg	1537	1141
01	William Mackenzie	The National Burns. Edited by Rev. George Gilfillan, including the airs of all the songs, and an original life of Burns by the editor. [With plates, including portraits.]	Burns, Robert		Glasgow	000543200		1879	http://www.flickr.com/photos/britishlibrary/11273436485	1	000181	11273436485	http://farm3.staticflickr.com/2829/11273436485_f3e8471774_m.jpg	240	213	http://farm3.staticflickr.com/2829/11273436485_f3e8471774.jpg	500	444	http://farm3.staticflickr.com/2829/11273436485_f3e8471774_b.jpg	1024	910	http://farm3.staticflickr.com/2829/11273436485_0d5c137f51_o.jpg	1560	1386
0	N. D. Thompson & Co.	A Pictorial History of Texas, from the earliest visits of European adventurers to A.D. 1879 ... Third edition, ... revised	THRALL, Homer S.		St. Louis, Mo	003632148		1879	http://www.flickr.com/photos/britishlibrary/11273501714	1	000311	11273501714	http://farm8.staticflickr.com/7434/11273501714_2b72691d65_m.jpg	190	240	http://farm8.staticflickr.com/7434/11273501714_2b72691d65.jpg	396	500	http://farm8.staticflickr.com/7434/11273501714_2b72691d65_b.jpg	812	1024	http://farm8.staticflickr.com/7434/11273501714_947c856c23_o.jpg	1037	1307
0		The Complete Guide to Clevedon and its vicinity ... with notes on the natural history of the neighbourhood. By R. S. S. Illustrated	S., R. S.		Clevedon	003213996		1879	http://www.flickr.com/photos/britishlibrary/11273501154	1	000010	11273501154	http://farm6.staticflickr.com/5497/11273501154_ca170be241_m.jpg	240	186	http://farm6.staticflickr.com/5497/11273501154_ca170be241.jpg	500	388	http://farm6.staticflickr.com/5497/11273501154_ca170be241_b.jpg	1024	795	http://farm6.staticflickr.com/5497/11273501154_e9e1f7f562_o.jpg	1617	1256
0		Saint-Pierre de Rome. Ouvrage illustré, etc	LORBAC, Charles de.		Rome	002259706		1879	http://www.flickr.com/photos/britishlibrary/11273543773	1	000285	11273543773	http://farm6.staticflickr.com/5536/11273543773_d9cd4d4fa5_m.jpg	164	240	http://farm6.staticflickr.com/5536/11273543773_d9cd4d4fa5.jpg	342	500	http://farm6.staticflickr.com/5536/11273543773_d9cd4d4fa5_b.jpg	700	1024	http://farm6.staticflickr.com/5536/11273543773_5668db44ab_o.jpg	1192	1744
02	American News Company	Round the world with General Grant. A narrative of the visit of General U. S. Grant ... to various countries ... in 1877, 1878, 1879. To which are added certain conversations with General Grant on questions connected with American politics and history ... With ... illustrations	YOUNG, John Russell.		New York	004002305		1879	http://www.flickr.com/photos/britishlibrary/11273543233	1	000152	11273543233	http://farm8.staticflickr.com/7298/11273543233_2d11509b3d_m.jpg	240	165	http://farm8.staticflickr.com/7298/11273543233_2d11509b3d.jpg	500	343	http://farm8.staticflickr.com/7298/11273543233_2d11509b3d_b.jpg	1024	702	http://farm8.staticflickr.com/7298/11273543233_d61265967e_o.jpg	1665	1142
0		Saint-Pierre de Rome. Ouvrage illustré, etc	LORBAC, Charles de.		Rome	002259706		1879	http://www.flickr.com/photos/britishlibrary/11273475046	1	000132	11273475046	http://farm8.staticflickr.com/7369/11273475046_5173733461_m.jpg	147	240	http://farm8.staticflickr.com/7369/11273475046_5173733461.jpg	307	500	http://farm8.staticflickr.com/7369/11273475046_5173733461_b.jpg	629	1024	http://farm8.staticflickr.com/7369/11273475046_45be040352_o.jpg	931	1515
0	Wesleyan Conference Office	Rambles in Bible Lands	NEWTON, Richard D.D., Rector of St. Paul's Church, Philadelphia	lsidyv3ca35e3a	London	002646495	ark:/81055/vdc_00000005C826	1879	http://www.flickr.com/photos/britishlibrary/11273542143	1	000188	11273542143	http://farm3.staticflickr.com/2882/11273542143_8ddf9ba955_m.jpg	193	240	http://farm3.staticflickr.com/2882/11273542143_8ddf9ba955.jpg	403	500	http://farm3.staticflickr.com/2882/11273542143_8ddf9ba955_b.jpg	825	1024	http://farm3.staticflickr.com/2882/11273542143_1f39cfbdb3_o.jpg	1001	1242
01	Tinsley Brothers	Berlin under the New Empire, its institutions, inhabitants, industry ... With ... engravings, etc	VIZETELLY, Henry.		London	003807524		1879	http://www.flickr.com/photos/britishlibrary/11273541673	2	000107	11273541673	http://farm3.staticflickr.com/2808/11273541673_156818db94_m.jpg	171	240	http://farm3.staticflickr.com/2808/11273541673_156818db94.jpg	356	500	http://farm3.staticflickr.com/2808/11273541673_156818db94_b.jpg	730	1024	http://farm3.staticflickr.com/2808/11273541673_539e161806_o.jpg	1013	1421
01	American News Company	Round the world with General Grant. A narrative of the visit of General U. S. Grant ... to various countries ... in 1877, 1878, 1879. To which are added certain conversations with General Grant on questions connected with American politics and history ... With ... illustrations	YOUNG, John Russell.		New York	004002305		1879	http://www.flickr.com/photos/britishlibrary/11273431545	1	000310	11273431545	http://farm6.staticflickr.com/5541/11273431545_33111cf9c0_m.jpg	240	169	http://farm6.staticflickr.com/5541/11273431545_33111cf9c0.jpg	500	351	http://farm6.staticflickr.com/5541/11273431545_33111cf9c0_b.jpg	1024	719	http://farm6.staticflickr.com/5541/11273431545_a0881a7f8f_o.jpg	1422	998
01	D. Appleton & Co.	[Appleton's European Guide Book illustrated. Including England, Scotland, and Ireland, France, Belgium, Holland, Northern and Southern Germany, Switzerland, Italy, Spain and Portugal, Russia, Denmark, Norway, and Sweden. Containing ... maps, etc.]	APPLETON, Daniel AND CO	lsidyv3cbe7355	New York; Longmans & Co	000100280	ark:/81055/vdc_00000005D9DE	1879	http://www.flickr.com/photos/britishlibrary/11273496824	1	000128	11273496824	http://farm4.staticflickr.com/3717/11273496824_626a977965_m.jpg	174	240	http://farm4.staticflickr.com/3717/11273496824_626a977965.jpg	363	500	http://farm4.staticflickr.com/3717/11273496824_626a977965_b.jpg	744	1024	http://farm4.staticflickr.com/3717/11273496824_dc1725c4d4_o.jpg	896	1233
0	[Ward, Lock & Co.	[Charles O'Malley, the Irish Dragoon. Edited by Harry Lorrequer. [By C. J. L.]]	LEVER, Charles James.		London,] Perth [printed	002150760		1879	http://www.flickr.com/photos/britishlibrary/11273539263	1	000162	11273539263	http://farm4.staticflickr.com/3752/11273539263_77104e40ee_m.jpg	146	240	http://farm4.staticflickr.com/3752/11273539263_77104e40ee.jpg	304	500	http://farm4.staticflickr.com/3752/11273539263_77104e40ee_b.jpg	623	1024	http://farm4.staticflickr.com/3752/11273539263_92a8163c8a_o.jpg	930	1528
0	Everts & Ensign	History of Toga, Chemung, Tompkins, and Schuyler Counties, New York. With illustrations and biographical sketches of some of its prominent men and pioneers	PEIRCE, Henry B. and HURD (Duane Hamilton)		Philadelphia	002810116		1879	http://www.flickr.com/photos/britishlibrary/11273538673	2	000423	11273538673	http://farm8.staticflickr.com/7440/11273538673_138b83db80_m.jpg	240	160	http://farm8.staticflickr.com/7440/11273538673_138b83db80.jpg	500	334	http://farm8.staticflickr.com/7440/11273538673_138b83db80_b.jpg	1024	684	http://farm8.staticflickr.com/7440/11273538673_aa52a6b2ef_o.jpg	1497	1000
01	L. H. Everts	History of the Connecticut Valley in Massachusetts (by N. B. Sylvester), with illustrations and biographical sketches of some of its prominent men and pioneers [by other authors]	SYLVESTER, Nathaniel Bartlett.		Philadelphia	003562080		1879	http://www.flickr.com/photos/britishlibrary/11273495744	1	000517	11273495744	http://farm6.staticflickr.com/5488/11273495744_c3bb41dcc7_m.jpg	240	213	http://farm6.staticflickr.com/5488/11273495744_c3bb41dcc7.jpg	500	443	http://farm6.staticflickr.com/5488/11273495744_c3bb41dcc7_b.jpg	1024	908	http://farm6.staticflickr.com/5488/11273495744_5c259655f1_o.jpg	1410	1250
0		The Illustrated Guide to Sheffield and the surrounding district, etc	TAYLOR, John of Sheffield		Sheffield	003589731		1879	http://www.flickr.com/photos/britishlibrary/11273428695	1	000341	11273428695	http://farm4.staticflickr.com/3828/11273428695_cf8d0fdfca_m.jpg	240	181	http://farm4.staticflickr.com/3828/11273428695_cf8d0fdfca.jpg	500	376	http://farm4.staticflickr.com/3828/11273428695_cf8d0fdfca_b.jpg	1024	771	http://farm4.staticflickr.com/3828/11273428695_60afe05d38_o.jpg	1476	1111
02		A magyar nemzet története. I. kötet írta Bodon J. és Dr. Szalay J. (II.-IV.) kötet, írta Dr. Szalay J.) [With portraits.]	BODON, József and SZALAY (József)		Budapest	000389221		1879	http://www.flickr.com/photos/britishlibrary/11273537063	1	000151	11273537063	http://farm3.staticflickr.com/2832/11273537063_4295d7e93f_m.jpg	240	240	http://farm3.staticflickr.com/2832/11273537063_4295d7e93f.jpg	500	500	http://farm3.staticflickr.com/2832/11273537063_4295d7e93f_b.jpg	1024	1024	http://farm3.staticflickr.com/2832/11273537063_bfb9b70403_o.jpg	1363	1363
01	Tinsley Brothers	Berlin under the New Empire, its institutions, inhabitants, industry ... With ... engravings, etc	VIZETELLY, Henry.		London	003807524		1879	http://www.flickr.com/photos/britishlibrary/11273428575	1	000311	11273428575	http://farm3.staticflickr.com/2846/11273428575_f8afddac05_m.jpg	205	240	http://farm3.staticflickr.com/2846/11273428575_f8afddac05.jpg	426	500	http://farm3.staticflickr.com/2846/11273428575_f8afddac05_b.jpg	873	1024	http://farm3.staticflickr.com/2846/11273428575_4a26fdcb55_o.jpg	1211	1421
0		The Illustrated Guide to Sheffield and the surrounding district, etc	TAYLOR, John of Sheffield		Sheffield	003589731		1879	http://www.flickr.com/photos/britishlibrary/11273427205	1	000178	11273427205	http://farm3.staticflickr.com/2826/11273427205_7ab4417517_m.jpg	240	195	http://farm3.staticflickr.com/2826/11273427205_7ab4417517.jpg	500	407	http://farm3.staticflickr.com/2826/11273427205_7ab4417517_b.jpg	1024	834	http://farm3.staticflickr.com/2826/11273427205_facd1d7899_o.jpg	1457	1187
0		Saint-Pierre de Rome. Ouvrage illustré, etc	LORBAC, Charles de.		Rome	002259706		1879	http://www.flickr.com/photos/britishlibrary/11273469846	1	000288	11273469846	http://farm3.staticflickr.com/2846/11273469846_18831df64d_m.jpg	120	240	http://farm3.staticflickr.com/2846/11273469846_18831df64d.jpg	250	500	http://farm3.staticflickr.com/2846/11273469846_18831df64d_b.jpg	511	1024	http://farm3.staticflickr.com/2846/11273469846_345eb72d08_o.jpg	858	1721
0	J. Tweed	The Annals of Dumfermline and vicinity ... 1069-1878. Interspersed with ... notes, ... and ... engravings	HENDERSON, Ebenezer LL.D., F.R.A.S		Glasgow	001648659		1879	http://www.flickr.com/photos/britishlibrary/11273535573	1	000288	11273535573	http://farm6.staticflickr.com/5549/11273535573_309fc08b2a_m.jpg	148	240	http://farm6.staticflickr.com/5549/11273535573_309fc08b2a.jpg	309	500	http://farm6.staticflickr.com/5549/11273535573_309fc08b2a_b.jpg	632	1024	http://farm6.staticflickr.com/5549/11273535573_dca1448dda_o.jpg	901	1461
0	Wesleyan Conference Office	Rambles in Bible Lands	NEWTON, Richard D.D., Rector of St. Paul's Church, Philadelphia	lsidyv3ca35e3a	London	002646495	ark:/81055/vdc_00000005C826	1879	http://www.flickr.com/photos/britishlibrary/11273534123	1	000287	11273534123	http://farm6.staticflickr.com/5473/11273534123_3d0ab2dba5_m.jpg	240	201	http://farm6.staticflickr.com/5473/11273534123_3d0ab2dba5.jpg	500	418	http://farm6.staticflickr.com/5473/11273534123_3d0ab2dba5_b.jpg	1024	856	http://farm6.staticflickr.com/5473/11273534123_92eb20f94b_o.jpg	1486	1242
0		Die amerikanische Nordpol-Expedition ... Mit zahlreichen Illustrationen in Holzschnitt, etc	BESSELS, Emil.		Leipzig	000303634		1879	http://www.flickr.com/photos/britishlibrary/11273425785	1	000428	11273425785	http://farm3.staticflickr.com/2846/11273425785_5bbd34133d_m.jpg	123	240	http://farm3.staticflickr.com/2846/11273425785_5bbd34133d.jpg	257	500	http://farm3.staticflickr.com/2846/11273425785_5bbd34133d_b.jpg	526	1024	http://farm3.staticflickr.com/2846/11273425785_5b386ff6e4_o.jpg	813	1584
0		Monuments religieux, civils et militaires du Gatinais, ... depuis le XIe jusqu'au XVIIe siècle. ... Ouvrage accompagné de planches, etc	MICHEL, Edmond.		Lyon	002482448		1879	http://www.flickr.com/photos/britishlibrary/11273534353	1	000387	11273534353	http://farm6.staticflickr.com/5549/11273534353_85f524957a_m.jpg	225	240	http://farm6.staticflickr.com/5549/11273534353_85f524957a.jpg	470	500	http://farm6.staticflickr.com/5549/11273534353_85f524957a_b.jpg	962	1024	http://farm6.staticflickr.com/5549/11273534353_d3d471936a_o.jpg	1021	1087
01		Paris à travers les siècles. Histoire nationale de Paris et des Parisiens depuis la fondation de Lutèce jusqu'à nos jours, etc	GOURDON DE GENOUILLAC, Nicolas Jules Henri.		Paris	001476975		1879	http://www.flickr.com/photos/britishlibrary/11273532993	1	000451	11273532993	http://farm3.staticflickr.com/2879/11273532993_3feece2d40_m.jpg	84	240	http://farm3.staticflickr.com/2879/11273532993_3feece2d40.jpg	175	500	http://farm3.staticflickr.com/2879/11273532993_3feece2d40_b.jpg	359	1024	http://farm3.staticflickr.com/2879/11273532993_33045d67db_o.jpg	695	1982
02	Tinsley Brothers	Berlin under the New Empire, its institutions, inhabitants, industry ... With ... engravings, etc	VIZETELLY, Henry.		London	003807524		1879	http://www.flickr.com/photos/britishlibrary/11273490734	1	000230	11273490734	http://farm3.staticflickr.com/2862/11273490734_a0f5491d47_m.jpg	240	204	http://farm3.staticflickr.com/2862/11273490734_a0f5491d47.jpg	500	425	http://farm3.staticflickr.com/2862/11273490734_a0f5491d47_b.jpg	1024	870	http://farm3.staticflickr.com/2862/11273490734_05b28db5a4_o.jpg	1232	1047
0	Murray Williamson & Phelps	The History of Adams County, Illinois ... Illustrated			Chicago	000014468		1879	http://www.flickr.com/photos/britishlibrary/11273490004	1	000943	11273490004	http://farm8.staticflickr.com/7398/11273490004_3d7a7db77e_m.jpg	225	240	http://farm8.staticflickr.com/7398/11273490004_3d7a7db77e.jpg	469	500	http://farm8.staticflickr.com/7398/11273490004_3d7a7db77e_b.jpg	960	1024	http://farm8.staticflickr.com/7398/11273490004_5b1edc6d4f_o.jpg	1342	1431
0		La Grecia moderna. Ricordi ... Con 31 incisioni	PENNAZZI, Luigi Count		Milano	002815965		1879	http://www.flickr.com/photos/britishlibrary/11273489014	1	000202	11273489014	http://farm8.staticflickr.com/7395/11273489014_4b4b8c4e96_m.jpg	240	160	http://farm8.staticflickr.com/7395/11273489014_4b4b8c4e96.jpg	500	333	http://farm8.staticflickr.com/7395/11273489014_4b4b8c4e96_b.jpg	1024	682	http://farm8.staticflickr.com/7395/11273489014_8a4e8f4a1b_o.jpg	1771	1180
02	L. H. Everts	History of the Connecticut Valley in Massachusetts (by N. B. Sylvester), with illustrations and biographical sketches of some of its prominent men and pioneers [by other authors]	SYLVESTER, Nathaniel Bartlett.		Philadelphia	003562080		1879	http://www.flickr.com/photos/britishlibrary/11273528903	2	000554	11273528903	http://farm4.staticflickr.com/3820/11273528903_e2d2e1968e_m.jpg	240	177	http://farm4.staticflickr.com/3820/11273528903_e2d2e1968e.jpg	500	370	http://farm4.staticflickr.com/3820/11273528903_e2d2e1968e_b.jpg	1024	757	http://farm4.staticflickr.com/3820/11273528903_917c963dd5_o.jpg	1302	963
0	Religious Tract Society	English Pictures drawn with pen and pencil	MANNING, Samuel LL.D. and GREEN (Samuel Gosnell)	lsidyv3c492c1d	London	002369135	ark:/81055/vdc_000000059460	1879	http://www.flickr.com/photos/britishlibrary/11273531103	1	000193	11273531103	http://farm6.staticflickr.com/5517/11273531103_4f4937f96d_m.jpg	240	225	http://farm6.staticflickr.com/5517/11273531103_4f4937f96d.jpg	500	468	http://farm6.staticflickr.com/5517/11273531103_4f4937f96d_b.jpg	1024	959	http://farm6.staticflickr.com/5517/11273531103_37b3efb0be_o.jpg	1186	1111
0	John Murray	[The Student's Manual of Modern Geography. Mathematical, physical, and descriptive.]	BEVAN, William Latham.	lsidyv3ca2f2a9	London	000307737	ark:/81055/vdc_00000005C7F6	1879	http://www.flickr.com/photos/britishlibrary/11273463636	1	000585	11273463636	http://farm4.staticflickr.com/3808/11273463636_cb78764b3b_m.jpg	180	240	http://farm4.staticflickr.com/3808/11273463636_cb78764b3b.jpg	374	500	http://farm4.staticflickr.com/3808/11273463636_cb78764b3b_b.jpg	766	1024	http://farm4.staticflickr.com/3808/11273463636_91f745b594_o.jpg	905	1210
01	Tinsley Brothers	Berlin under the New Empire, its institutions, inhabitants, industry ... With ... engravings, etc	VIZETELLY, Henry.		London	003807524		1879	http://www.flickr.com/photos/britishlibrary/11273486654	1	000421	11273486654	http://farm4.staticflickr.com/3679/11273486654_f7f9f18b9c_m.jpg	166	240	http://farm4.staticflickr.com/3679/11273486654_f7f9f18b9c.jpg	346	500	http://farm4.staticflickr.com/3679/11273486654_f7f9f18b9c_b.jpg	708	1024	http://farm4.staticflickr.com/3679/11273486654_2d6e0523ab_o.jpg	983	1421
02		The Borders of the Tamar and the Tavy; their natural history, etc. A new edition	STOTHARD, afterwards BRAY, Anna Eliza.	lsidyv3c4640f3	London	003517963	ark:/81055/vdc_0000000591E4	1879	http://www.flickr.com/photos/britishlibrary/11273461876	1	000336	11273461876	http://farm6.staticflickr.com/5483/11273461876_e5f05cebed_m.jpg	240	109	http://farm6.staticflickr.com/5483/11273461876_e5f05cebed.jpg	500	227	http://farm6.staticflickr.com/5483/11273461876_e5f05cebed_b.jpg	1024	464	http://farm6.staticflickr.com/5483/11273461876_6b9e427d91_o.jpg	1810	820
0		The History of France, from the earliest times to the outbreak of the Revolution. Abridged from ... R. Black's translation of ... Guizot's larger history. With chronological index, ... tables, portraits ... By G. Masson, etc	GUIZOT, François Pierre Guillaume.		London	001541681		1879	http://www.flickr.com/photos/britishlibrary/11273484794	1	000049	11273484794	http://farm8.staticflickr.com/7401/11273484794_447b1603ee_m.jpg	192	240	http://farm8.staticflickr.com/7401/11273484794_447b1603ee.jpg	400	500	http://farm8.staticflickr.com/7401/11273484794_447b1603ee_b.jpg	819	1024	http://farm8.staticflickr.com/7401/11273484794_ee9d672ec3_o.jpg	1116	1396
02	L. H. Everts	History of the Connecticut Valley in Massachusetts (by N. B. Sylvester), with illustrations and biographical sketches of some of its prominent men and pioneers [by other authors]	SYLVESTER, Nathaniel Bartlett.		Philadelphia	003562080		1879	http://www.flickr.com/photos/britishlibrary/11273460946	1	000206	11273460946	http://farm6.staticflickr.com/5473/11273460946_5bbc2168da_m.jpg	240	180	http://farm6.staticflickr.com/5473/11273460946_5bbc2168da.jpg	500	376	http://farm6.staticflickr.com/5473/11273460946_5bbc2168da_b.jpg	1024	770	http://farm6.staticflickr.com/5473/11273460946_a649735f67_o.jpg	1696	1275
0	J. Tweed	The Annals of Dumfermline and vicinity ... 1069-1878. Interspersed with ... notes, ... and ... engravings	HENDERSON, Ebenezer LL.D., F.R.A.S		Glasgow	001648659		1879	http://www.flickr.com/photos/britishlibrary/11273526233	1	000311	11273526233	http://farm6.staticflickr.com/5486/11273526233_544cb50287_m.jpg	177	240	http://farm6.staticflickr.com/5486/11273526233_544cb50287.jpg	368	500	http://farm6.staticflickr.com/5486/11273526233_544cb50287_b.jpg	754	1024	http://farm6.staticflickr.com/5486/11273526233_479c5edaab_o.jpg	1052	1428
0		Les Vieilles Villes de Suisse. Notes et souvenirs. Ouvrage illustré de 105 dessins à la plume par A. Robida reproduits en fac-simile	ROBIDA, Albert.		Paris	003121715		1879	http://www.flickr.com/photos/britishlibrary/11273483594	1	000151	11273483594	http://farm8.staticflickr.com/7316/11273483594_157a4cf14f_m.jpg	160	240	http://farm8.staticflickr.com/7316/11273483594_157a4cf14f.jpg	333	500	http://farm8.staticflickr.com/7316/11273483594_157a4cf14f_b.jpg	682	1024	http://farm8.staticflickr.com/7316/11273483594_f461e66c79_o.jpg	977	1466
0		The Children's fairy geography, or a merry trip round Europe	WINSLOW, Forbes Edward.	lsidyv3c92d153	London	003952456	ark:/81055/vdc_00000005BE18	1879	http://www.flickr.com/photos/britishlibrary/11273459446	1	000118	11273459446	http://farm4.staticflickr.com/3723/11273459446_c0e6d58ab0_m.jpg	236	240	http://farm4.staticflickr.com/3723/11273459446_c0e6d58ab0.jpg	493	500	http://farm4.staticflickr.com/3723/11273459446_c0e6d58ab0_b.jpg	1009	1024	http://farm4.staticflickr.com/3723/11273459446_2a47dae6ba_o.jpg	1412	1433
0	J. Tweed	The Annals of Dumfermline and vicinity ... 1069-1878. Interspersed with ... notes, ... and ... engravings	HENDERSON, Ebenezer LL.D., F.R.A.S		Glasgow	001648659		1879	http://www.flickr.com/photos/britishlibrary/11273415845	1	000626	11273415845	http://farm8.staticflickr.com/7317/11273415845_eba25f596e_m.jpg	197	240	http://farm8.staticflickr.com/7317/11273415845_eba25f596e.jpg	411	500	http://farm8.staticflickr.com/7317/11273415845_eba25f596e_b.jpg	841	1024	http://farm8.staticflickr.com/7317/11273415845_846e52d421_o.jpg	1197	1457
02	American News Company	Round the world with General Grant. A narrative of the visit of General U. S. Grant ... to various countries ... in 1877, 1878, 1879. To which are added certain conversations with General Grant on questions connected with American politics and history ... With ... illustrations	YOUNG, John Russell.		New York	004002305		1879	http://www.flickr.com/photos/britishlibrary/11273415555	1	000090	11273415555	http://farm4.staticflickr.com/3795/11273415555_0fac6a8707_m.jpg	178	240	http://farm4.staticflickr.com/3795/11273415555_0fac6a8707.jpg	371	500	http://farm4.staticflickr.com/3795/11273415555_0fac6a8707_b.jpg	759	1024	http://farm4.staticflickr.com/3795/11273415555_117a656b44_o.jpg	991	1337
0		The Illustrated Guide to Sheffield and the surrounding district, etc	TAYLOR, John of Sheffield		Sheffield	003589731		1879	http://www.flickr.com/photos/britishlibrary/11273457726	1	000220	11273457726	http://farm8.staticflickr.com/7346/11273457726_5a3d3c8624_m.jpg	240	173	http://farm8.staticflickr.com/7346/11273457726_5a3d3c8624.jpg	500	361	http://farm8.staticflickr.com/7346/11273457726_5a3d3c8624_b.jpg	1024	740	http://farm8.staticflickr.com/7346/11273457726_3648844969_o.jpg	1416	1023
0	Cassell, Petter, Galpin & Co.	Morocco: its people and places ... Translated by C. Rollin-Tilton. With ... illustrations	AMICIS, Edmondo de.	lsidyv3c6b00d2	London	000070870	ark:/81055/vdc_00000005AC0C	1879	http://www.flickr.com/photos/britishlibrary/11273414415	1	000167	11273414415	http://farm8.staticflickr.com/7457/11273414415_7b92267f71_m.jpg	148	240	http://farm8.staticflickr.com/7457/11273414415_7b92267f71.jpg	308	500	http://farm8.staticflickr.com/7457/11273414415_7b92267f71_b.jpg	630	1024	http://farm8.staticflickr.com/7457/11273414415_8c3b8c0a16_o.jpg	921	1498
01	American News Company	Round the world with General Grant. A narrative of the visit of General U. S. Grant ... to various countries ... in 1877, 1878, 1879. To which are added certain conversations with General Grant on questions connected with American politics and history ... With ... illustrations	YOUNG, John Russell.		New York	004002305		1879	http://www.flickr.com/photos/britishlibrary/11273413625	1	000106	11273413625	http://farm4.staticflickr.com/3724/11273413625_4f146e0468_m.jpg	240	143	http://farm4.staticflickr.com/3724/11273413625_4f146e0468.jpg	500	297	http://farm4.staticflickr.com/3724/11273413625_4f146e0468_b.jpg	1024	609	http://farm4.staticflickr.com/3724/11273413625_e22bf3915f_o.jpg	1571	935
02	American News Company	Round the world with General Grant. A narrative of the visit of General U. S. Grant ... to various countries ... in 1877, 1878, 1879. To which are added certain conversations with General Grant on questions connected with American politics and history ... With ... illustrations	YOUNG, John Russell.		New York	004002305		1879	http://www.flickr.com/photos/britishlibrary/11273480564	1	000486	11273480564	http://farm8.staticflickr.com/7312/11273480564_fc64cb8a35_m.jpg	240	159	http://farm8.staticflickr.com/7312/11273480564_fc64cb8a35.jpg	500	331	http://farm8.staticflickr.com/7312/11273480564_fc64cb8a35_b.jpg	1024	677	http://farm8.staticflickr.com/7312/11273480564_e9fac79dd9_o.jpg	1668	1102
01	William Mackenzie	The National Burns. Edited by Rev. George Gilfillan, including the airs of all the songs, and an original life of Burns by the editor. [With plates, including portraits.]	Burns, Robert		Glasgow	000543200		1879	http://www.flickr.com/photos/britishlibrary/11273412825	2	000171	11273412825	http://farm8.staticflickr.com/7395/11273412825_397ddec550_m.jpg	202	240	http://farm8.staticflickr.com/7395/11273412825_397ddec550.jpg	420	500	http://farm8.staticflickr.com/7395/11273412825_397ddec550_b.jpg	860	1024	http://farm8.staticflickr.com/7395/11273412825_3a55ed7a6c_o.jpg	948	1129
0	Lewis, Peck & Co.	History of Steuben County, New York, with illustrations and biographical sketches of some of its prominent men and pioneers	CLAYTON, W. Woodford.		Philadelphia	000719876		1879	http://www.flickr.com/photos/britishlibrary/11273521913	1	000090	11273521913	http://farm4.staticflickr.com/3827/11273521913_cecdf25763_m.jpg	240	182	http://farm4.staticflickr.com/3827/11273521913_cecdf25763.jpg	500	379	http://farm4.staticflickr.com/3827/11273521913_cecdf25763_b.jpg	1024	777	http://farm4.staticflickr.com/3827/11273521913_b024e9ac8c_o.jpg	1591	1208
0		Les États-Unis d'Amérique. Impressions de Voyage, abrégées [from “White Conquest”] par H. Vattemare. [With illustrations.]	DIXON, William Hepworth F.S.A		Paris	000953753		1879	http://www.flickr.com/photos/britishlibrary/11273454116	1	000131	11273454116	http://farm6.staticflickr.com/5532/11273454116_9b984fd5a2_m.jpg	240	188	http://farm6.staticflickr.com/5532/11273454116_9b984fd5a2.jpg	500	392	http://farm6.staticflickr.com/5532/11273454116_9b984fd5a2_b.jpg	1024	803	http://farm6.staticflickr.com/5532/11273454116_be2f53ffca_o.jpg	1626	1275
0	C. R. Barns	Switzler's Illustrated History of Missouri, from 1541 to 1877, etc. [Edited by C. R. Barns. From the larger work edited by him, entitled: “The Commonwealth of Missouri.”]	BARNS, Chancy R.		Saint Louis	000206134		1879	http://www.flickr.com/photos/britishlibrary/11273520223	1	000635	11273520223	http://farm6.staticflickr.com/5536/11273520223_898babac52_m.jpg	159	240	http://farm6.staticflickr.com/5536/11273520223_898babac52.jpg	332	500	http://farm6.staticflickr.com/5536/11273520223_898babac52_b.jpg	679	1024	http://farm6.staticflickr.com/5536/11273520223_783fe1b99b_o.jpg	923	1391
02	D. Appleton & Co.	[Appleton's European Guide Book illustrated. Including England, Scotland, and Ireland, France, Belgium, Holland, Northern and Southern Germany, Switzerland, Italy, Spain and Portugal, Russia, Denmark, Norway, and Sweden. Containing ... maps, etc.]	APPLETON, Daniel AND CO	lsidyv3cbe7355	New York; Longmans & Co	000100280	ark:/81055/vdc_00000005D9DE	1879	http://www.flickr.com/photos/britishlibrary/11273411155	1	000311	11273411155	http://farm8.staticflickr.com/7442/11273411155_aa44d1077b_m.jpg	183	240	http://farm8.staticflickr.com/7442/11273411155_aa44d1077b.jpg	382	500	http://farm8.staticflickr.com/7442/11273411155_aa44d1077b_b.jpg	782	1024	http://farm8.staticflickr.com/7442/11273411155_da7cd95bc8_o.jpg	981	1284
0	Waterlow & Sons	Up the River from Westminster to Windsor and Oxford; a descriptive panorama of Thames Scenery			London	003606029		1879	http://www.flickr.com/photos/britishlibrary/11273477024	1	000089	11273477024	http://farm8.staticflickr.com/7356/11273477024_96109ae59f_m.jpg	144	240	http://farm8.staticflickr.com/7356/11273477024_96109ae59f.jpg	301	500	http://farm8.staticflickr.com/7356/11273477024_96109ae59f_b.jpg	616	1024	http://farm8.staticflickr.com/7356/11273477024_d123961d7d_o.jpg	918	1525
01	D. Appleton & Co.	[Appleton's European Guide Book illustrated. Including England, Scotland, and Ireland, France, Belgium, Holland, Northern and Southern Germany, Switzerland, Italy, Spain and Portugal, Russia, Denmark, Norway, and Sweden. Containing ... maps, etc.]	APPLETON, Daniel AND CO	lsidyv3cbe7355	New York; Longmans & Co	000100280	ark:/81055/vdc_00000005D9DE	1879	http://www.flickr.com/photos/britishlibrary/11273518453	1	000109	11273518453	http://farm6.staticflickr.com/5510/11273518453_7365c13862_m.jpg	240	153	http://farm6.staticflickr.com/5510/11273518453_7365c13862.jpg	500	319	http://farm6.staticflickr.com/5510/11273518453_7365c13862_b.jpg	1024	653	http://farm6.staticflickr.com/5510/11273518453_a7684ac726_o.jpg	1625	1037
02	D. Appleton & Co.	[Appleton's European Guide Book illustrated. Including England, Scotland, and Ireland, France, Belgium, Holland, Northern and Southern Germany, Switzerland, Italy, Spain and Portugal, Russia, Denmark, Norway, and Sweden. Containing ... maps, etc.]	APPLETON, Daniel AND CO	lsidyv3cbe7355	New York; Longmans & Co	000100280	ark:/81055/vdc_00000005D9DE	1879	http://www.flickr.com/photos/britishlibrary/11273518473	1	000673	11273518473	http://farm8.staticflickr.com/7376/11273518473_08d9ed0cac_m.jpg	184	240	http://farm8.staticflickr.com/7376/11273518473_08d9ed0cac.jpg	383	500	http://farm8.staticflickr.com/7376/11273518473_08d9ed0cac_b.jpg	784	1024	http://farm8.staticflickr.com/7376/11273518473_493b9f2ace_o.jpg	983	1284
0	T. Lewis	Waltham, past and present, and its industries. With ... photographic illustrations	NELSON, Charles Alexander.		Cambridge [Mass.]	002618620		1879	http://www.flickr.com/photos/britishlibrary/11273517693	1	000135	11273517693	http://farm3.staticflickr.com/2886/11273517693_6c4eece37a_m.jpg	166	240	http://farm3.staticflickr.com/2886/11273517693_6c4eece37a.jpg	346	500	http://farm3.staticflickr.com/2886/11273517693_6c4eece37a_b.jpg	708	1024	http://farm3.staticflickr.com/2886/11273517693_9eecf98a50_o.jpg	1008	1457
01	American News Company	Round the world with General Grant. A narrative of the visit of General U. S. Grant ... to various countries ... in 1877, 1878, 1879. To which are added certain conversations with General Grant on questions connected with American politics and history ... With ... illustrations	YOUNG, John Russell.		New York	004002305		1879	http://www.flickr.com/photos/britishlibrary/11273474664	1	000592	11273474664	http://farm4.staticflickr.com/3833/11273474664_00914069a6_m.jpg	185	240	http://farm4.staticflickr.com/3833/11273474664_00914069a6.jpg	385	500	http://farm4.staticflickr.com/3833/11273474664_00914069a6_b.jpg	788	1024	http://farm4.staticflickr.com/3833/11273474664_a4ffc543d2_o.jpg	1013	1316
0	Waterlow & Sons	Up the River from Westminster to Windsor and Oxford; a descriptive panorama of Thames Scenery			London	003606029		1879	http://www.flickr.com/photos/britishlibrary/11273516773	1	000067	11273516773	http://farm6.staticflickr.com/5483/11273516773_75ff82464a_m.jpg	166	240	http://farm6.staticflickr.com/5483/11273516773_75ff82464a.jpg	347	500	http://farm6.staticflickr.com/5483/11273516773_75ff82464a_b.jpg	710	1024	http://farm6.staticflickr.com/5483/11273516773_5aa7627e5b_o.jpg	1025	1478
0		Les Rues du vieux Paris. Galerie populaire et pittoresque ... Ouvrage illustré de 165 gravures sur bois	FOURNEL, Victor.		Paris	001279089		1879	http://www.flickr.com/photos/britishlibrary/11273473284	1	000249	11273473284	http://farm6.staticflickr.com/5543/11273473284_438a201441_m.jpg	240	149	http://farm6.staticflickr.com/5543/11273473284_438a201441.jpg	500	311	http://farm6.staticflickr.com/5543/11273473284_438a201441_b.jpg	1024	637	http://farm6.staticflickr.com/5543/11273473284_c2329dfe12_o.jpg	1666	1036
0	The Mission Press	The manners and customs of the Chinese of the Straits Settlements	VAUGHAN, Jonas Daniel.	lsidyv3c6920e3	Singapore	003763775	ark:/81055/vdc_00000005AABC	1879	http://www.flickr.com/photos/britishlibrary/11273448236	1	000095	11273448236	http://farm6.staticflickr.com/5485/11273448236_cced6e7703_m.jpg	190	240	http://farm6.staticflickr.com/5485/11273448236_cced6e7703.jpg	395	500	http://farm6.staticflickr.com/5485/11273448236_cced6e7703_b.jpg	809	1024	http://farm6.staticflickr.com/5485/11273448236_566185fcfa_o.jpg	1156	1463
0	Moses King	King's Handbook of Boston. Profusely illustrated. [With a map.]	KING, Moses.		Cambridge, Mass	001968594		1879	http://www.flickr.com/photos/britishlibrary/11273472194	2	000363	11273472194	http://farm8.staticflickr.com/7355/11273472194_1a91b286f8_m.jpg	177	240	http://farm8.staticflickr.com/7355/11273472194_1a91b286f8.jpg	370	500	http://farm8.staticflickr.com/7355/11273472194_1a91b286f8_b.jpg	757	1024	http://farm8.staticflickr.com/7355/11273472194_df8f681862_o.jpg	1041	1408
0		Sahara & Sahel. I. Un Été dans le Sahara. II. Une Année dans le Sahel. Édition illustrée d'eaux fortes ... et de quarante-cinq gravures, etc	Fromentin, Eugène		Paris	001334608		1879	http://www.flickr.com/photos/britishlibrary/11273514383	1	000115	11273514383	http://farm6.staticflickr.com/5483/11273514383_61c472b71a_m.jpg	112	240	http://farm6.staticflickr.com/5483/11273514383_61c472b71a.jpg	233	500	http://farm6.staticflickr.com/5483/11273514383_61c472b71a_b.jpg	477	1024	http://farm6.staticflickr.com/5483/11273514383_da682d0148_o.jpg	783	1680
0	John Murray	[The Student's Manual of Modern Geography. Mathematical, physical, and descriptive.]	BEVAN, William Latham.	lsidyv3ca2f2a9	London	000307737	ark:/81055/vdc_00000005C7F6	1879	http://www.flickr.com/photos/britishlibrary/11273447066	1	000187	11273447066	http://farm8.staticflickr.com/7296/11273447066_5673e6c816_m.jpg	191	240	http://farm8.staticflickr.com/7296/11273447066_5673e6c816.jpg	398	500	http://farm8.staticflickr.com/7296/11273447066_5673e6c816_b.jpg	815	1024	http://farm8.staticflickr.com/7296/11273447066_e597da3f90_o.jpg	975	1225
0		A Dreamer's sketch-book ... [In verse.] With illustrations	WALTERS, Sophia Lydia.		London, Edinburgh [printed]	003845078		1879	http://www.flickr.com/photos/britishlibrary/11273470434	1	000118	11273470434	http://farm4.staticflickr.com/3696/11273470434_2874d7486f_m.jpg	149	240	http://farm4.staticflickr.com/3696/11273470434_2874d7486f.jpg	311	500	http://farm4.staticflickr.com/3696/11273470434_2874d7486f_b.jpg	637	1024	http://farm4.staticflickr.com/3696/11273470434_d7f62215e4_o.jpg	815	1311
0		Notes on Crystallography and Crystallo-Physics, being the substance of lectures delivered at Yedo during the years 1876-77. [Edited by Thomas Davies.]	MILNE, John F.R.S	lsidyv3cc011b2	London	002500242	ark:/81055/vdc_00000005DADA	1879	http://www.flickr.com/photos/britishlibrary/11273469954	1	000054	11273469954	http://farm4.staticflickr.com/3810/11273469954_e790e38518_m.jpg	176	240	http://farm4.staticflickr.com/3810/11273469954_e790e38518.jpg	366	500	http://farm4.staticflickr.com/3810/11273469954_e790e38518_b.jpg	750	1024	http://farm4.staticflickr.com/3810/11273469954_3cfd48c3ea_o.jpg	955	1304
02	D. Appleton & Co.	[Appleton's European Guide Book illustrated. Including England, Scotland, and Ireland, France, Belgium, Holland, Northern and Southern Germany, Switzerland, Italy, Spain and Portugal, Russia, Denmark, Norway, and Sweden. Containing ... maps, etc.]	APPLETON, Daniel AND CO	lsidyv3cbe7355	New York; Longmans & Co	000100280	ark:/81055/vdc_00000005D9DE	1879	http://www.flickr.com/photos/britishlibrary/11273403065	1	000303	11273403065	http://farm8.staticflickr.com/7345/11273403065_ac1113601b_m.jpg	191	240	http://farm8.staticflickr.com/7345/11273403065_ac1113601b.jpg	397	500	http://farm8.staticflickr.com/7345/11273403065_ac1113601b_b.jpg	813	1024	http://farm8.staticflickr.com/7345/11273403065_965f953b0c_o.jpg	1020	1284
0	Union Historical Co.	The History of Warren County ... Illustrated			Des Moines	003854638		1879	http://www.flickr.com/photos/britishlibrary/11273402435	1	000395	11273402435	http://farm3.staticflickr.com/2826/11273402435_715b1c9991_m.jpg	240	197	http://farm3.staticflickr.com/2826/11273402435_715b1c9991.jpg	500	411	http://farm3.staticflickr.com/2826/11273402435_715b1c9991_b.jpg	1024	841	http://farm3.staticflickr.com/2826/11273402435_aeb212fefa_o.jpg	1470	1207
01		The Australian abroad. Branches from the Main Routes round the World. [Reprinted from the Melbourne “Argus.” With illustrations.] 2 series	HINGSTON, James.	lsidyv3cbf9abe	London	001689101	ark:/81055/vdc_00000005DA7A	1879	http://www.flickr.com/photos/britishlibrary/11273443216	1	000112	11273443216	http://farm4.staticflickr.com/3763/11273443216_dfc672be58_m.jpg	145	240	http://farm4.staticflickr.com/3763/11273443216_dfc672be58.jpg	302	500	http://farm4.staticflickr.com/3763/11273443216_dfc672be58_b.jpg	618	1024	http://farm4.staticflickr.com/3763/11273443216_034d2f0a77_o.jpg	845	1400
0	Cassell, Petter, Galpin & Co.	Morocco: its people and places ... Translated by C. Rollin-Tilton. With ... illustrations	AMICIS, Edmondo de.	lsidyv3c6b00d2	London	000070870	ark:/81055/vdc_00000005AC0C	1879	http://www.flickr.com/photos/britishlibrary/11273401265	1	000212	11273401265	http://farm3.staticflickr.com/2892/11273401265_f5b2a5949b_m.jpg	127	240	http://farm3.staticflickr.com/2892/11273401265_f5b2a5949b.jpg	264	500	http://farm3.staticflickr.com/2892/11273401265_f5b2a5949b_b.jpg	540	1024	http://farm3.staticflickr.com/2892/11273401265_5e44697bfa_o.jpg	1032	1957
0	W. Mullan & Son	[Personal Narrative of a Pilgrimage to El-Medinah and Meccah. [The editor's preface signed: T. L. W., i.e. Thomas L. Wolley. With illustrations and maps.]]	Burton, Richard Francis Sir		London	000547475		1879	http://www.flickr.com/photos/britishlibrary/11273400735	1	000514	11273400735	http://farm8.staticflickr.com/7362/11273400735_847cb78a4c_m.jpg	178	240	http://farm8.staticflickr.com/7362/11273400735_847cb78a4c.jpg	371	500	http://farm8.staticflickr.com/7362/11273400735_847cb78a4c_b.jpg	760	1024	http://farm8.staticflickr.com/7362/11273400735_7621ff5c49_o.jpg	931	1254
0		The History of France, from the earliest times to the outbreak of the Revolution. Abridged from ... R. Black's translation of ... Guizot's larger history. With chronological index, ... tables, portraits ... By G. Masson, etc	GUIZOT, François Pierre Guillaume.		London	001541681		1879	http://www.flickr.com/photos/britishlibrary/11273399565	1	000283	11273399565	http://farm8.staticflickr.com/7340/11273399565_af704c7de3_m.jpg	184	240	http://farm8.staticflickr.com/7340/11273399565_af704c7de3.jpg	384	500	http://farm8.staticflickr.com/7340/11273399565_af704c7de3_b.jpg	786	1024	http://farm8.staticflickr.com/7340/11273399565_6cd16ca94b_o.jpg	1071	1396
01	American News Company	Round the world with General Grant. A narrative of the visit of General U. S. Grant ... to various countries ... in 1877, 1878, 1879. To which are added certain conversations with General Grant on questions connected with American politics and history ... With ... illustrations	YOUNG, John Russell.		New York	004002305		1879	http://www.flickr.com/photos/britishlibrary/11273508923	1	000070	11273508923	http://farm8.staticflickr.com/7292/11273508923_466ed27849_m.jpg	240	167	http://farm8.staticflickr.com/7292/11273508923_466ed27849.jpg	500	347	http://farm8.staticflickr.com/7292/11273508923_466ed27849_b.jpg	1024	711	http://farm8.staticflickr.com/7292/11273508923_657239e325_o.jpg	1330	923
0		Reise nach West-Sibirien im Jahre 1876. Auf Veranstaltung des Vereins für die Deutsche Nordpolarfahrt in Bremen unternommen mit Dr. A. E. Brehm und Karl Graf v. Waldburg-Zeil-Trauchburg, von Dr. O. F., etc	Finsch, O. (Otto)		Berlin	001238638		1879	http://www.flickr.com/photos/britishlibrary/11273508473	1	000291	11273508473	http://farm8.staticflickr.com/7441/11273508473_a6194c588f_m.jpg	148	240	http://farm8.staticflickr.com/7441/11273508473_a6194c588f.jpg	309	500	http://farm8.staticflickr.com/7441/11273508473_a6194c588f_b.jpg	633	1024	http://farm8.staticflickr.com/7441/11273508473_2438660a37_o.jpg	947	1532
0		[Brazil and the Brazilians ... in historical and descriptive sketches ... Engravings.]	KIDDER, Daniel Parish and FLETCHER (James C.)		London	001961854		1879	http://www.flickr.com/photos/britishlibrary/11273464254	1	000480	11273464254	http://farm8.staticflickr.com/7314/11273464254_fc7a379652_m.jpg	223	240	http://farm8.staticflickr.com/7314/11273464254_fc7a379652.jpg	464	500	http://farm8.staticflickr.com/7314/11273464254_fc7a379652_b.jpg	951	1024	http://farm8.staticflickr.com/7314/11273464254_bc794e087b_o.jpg	1297	1397
0	Wesleyan Conference Office	Rambles in Bible Lands	NEWTON, Richard D.D., Rector of St. Paul's Church, Philadelphia	lsidyv3ca35e3a	London	002646495	ark:/81055/vdc_00000005C826	1879	http://www.flickr.com/photos/britishlibrary/11273464564	1	000060	11273464564	http://farm4.staticflickr.com/3814/11273464564_700b254f61_m.jpg	240	217	http://farm4.staticflickr.com/3814/11273464564_700b254f61.jpg	500	451	http://farm4.staticflickr.com/3814/11273464564_700b254f61_b.jpg	1024	924	http://farm4.staticflickr.com/3814/11273464564_e247b01997_o.jpg	1471	1328
01		[Traditions of Lancashire ... Illustrated ... Fourth edition.]	ROBY, John.		London and Edinburgh	003126958		1879	http://www.flickr.com/photos/britishlibrary/11273397795	1	000244	11273397795	http://farm8.staticflickr.com/7289/11273397795_015c1ddb81_m.jpg	192	240	http://farm8.staticflickr.com/7289/11273397795_015c1ddb81.jpg	401	500	http://farm8.staticflickr.com/7289/11273397795_015c1ddb81_b.jpg	821	1024	http://farm8.staticflickr.com/7289/11273397795_1649864518_o.jpg	920	1148
0	The Mission Press	The manners and customs of the Chinese of the Straits Settlements	VAUGHAN, Jonas Daniel.	lsidyv3c6920e3	Singapore	003763775	ark:/81055/vdc_00000005AABC	1879	http://www.flickr.com/photos/britishlibrary/11273396325	2	000086	11273396325	http://farm8.staticflickr.com/7356/11273396325_dd3fb6fe44_m.jpg	187	240	http://farm8.staticflickr.com/7356/11273396325_dd3fb6fe44.jpg	390	500	http://farm8.staticflickr.com/7356/11273396325_dd3fb6fe44_b.jpg	798	1024	http://farm8.staticflickr.com/7356/11273396325_f6bfece97e_o.jpg	1105	1418
0	Waterlow & Sons	Up the River from Westminster to Windsor and Oxford; a descriptive panorama of Thames Scenery			London	003606029		1879	http://www.flickr.com/photos/britishlibrary/11273506103	1	000107	11273506103	http://farm3.staticflickr.com/2888/11273506103_922fbecdeb_m.jpg	170	240	http://farm3.staticflickr.com/2888/11273506103_922fbecdeb.jpg	354	500	http://farm3.staticflickr.com/2888/11273506103_922fbecdeb_b.jpg	724	1024	http://farm3.staticflickr.com/2888/11273506103_7a18f829a2_o.jpg	925	1308
0	Everts & Abbott	History of Hillsdale County, Michigan, with illustrations and biographical sketches of some of its prominent men, etc	Johnson, Crisfield.		Philadelphia	001884500		1879	http://www.flickr.com/photos/britishlibrary/11273395995	1	000462	11273395995	http://farm4.staticflickr.com/3704/11273395995_53176d043c_m.jpg	240	203	http://farm4.staticflickr.com/3704/11273395995_53176d043c.jpg	500	424	http://farm4.staticflickr.com/3704/11273395995_53176d043c_b.jpg	1024	868	http://farm4.staticflickr.com/3704/11273395995_e10c854451_o.jpg	1147	972
0	Lewis, Peck & Co.	History of Steuben County, New York, with illustrations and biographical sketches of some of its prominent men and pioneers	CLAYTON, W. Woodford.		Philadelphia	000719876		1879	http://www.flickr.com/photos/britishlibrary/11273461294	1	000664	11273461294	http://farm3.staticflickr.com/2805/11273461294_cdbd4f51cd_m.jpg	240	162	http://farm3.staticflickr.com/2805/11273461294_cdbd4f51cd.jpg	500	338	http://farm3.staticflickr.com/2805/11273461294_cdbd4f51cd_b.jpg	1024	693	http://farm3.staticflickr.com/2805/11273461294_7f49a3bd62_o.jpg	1470	995
01	Tinsley Brothers	Berlin under the New Empire, its institutions, inhabitants, industry ... With ... engravings, etc	VIZETELLY, Henry.		London	003807524		1879	http://www.flickr.com/photos/britishlibrary/11273436226	1	000138	11273436226	http://farm8.staticflickr.com/7340/11273436226_9b227f94d4_m.jpg	240	193	http://farm8.staticflickr.com/7340/11273436226_9b227f94d4.jpg	500	401	http://farm8.staticflickr.com/7340/11273436226_9b227f94d4_b.jpg	1024	822	http://farm8.staticflickr.com/7340/11273436226_206d4ddb48_o.jpg	1266	1016
01	John Murray	Bedouin Tribes of the Euphrates ... Edited, with a preface and some account of the Arabs and their horses, by W. S. B. [i.e. W. S. Blunt] ... With map and sketches by the author	BLUNT, Anne Isabella Noel Baroness Wentworth	lsidyv3c8f4fb9	London	000382895	ark:/81055/vdc_00000005BBF6	1879	http://www.flickr.com/photos/britishlibrary/11273436136	1	000170	11273436136	http://farm3.staticflickr.com/2889/11273436136_7055b9f9fa_m.jpg	240	156	http://farm3.staticflickr.com/2889/11273436136_7055b9f9fa.jpg	500	325	http://farm3.staticflickr.com/2889/11273436136_7055b9f9fa_b.jpg	1024	665	http://farm3.staticflickr.com/2889/11273436136_718e73c9d1_o.jpg	1487	965
0	Western Historical Company	The history of Henry County, Iowa. ... Illustrated			Chicago	001653329		1879	http://www.flickr.com/photos/britishlibrary/11273503663	1	000569	11273503663	http://farm3.staticflickr.com/2874/11273503663_1e8314f2d8_m.jpg	240	169	http://farm3.staticflickr.com/2874/11273503663_1e8314f2d8.jpg	500	353	http://farm3.staticflickr.com/2874/11273503663_1e8314f2d8_b.jpg	1024	722	http://farm3.staticflickr.com/2874/11273503663_caafd01ee7_o.jpg	1312	925
0	The Mission Press	The manners and customs of the Chinese of the Straits Settlements	VAUGHAN, Jonas Daniel.	lsidyv3c6920e3	Singapore	003763775	ark:/81055/vdc_00000005AABC	1879	http://www.flickr.com/photos/britishlibrary/11273459034	1	000097	11273459034	http://farm8.staticflickr.com/7356/11273459034_f53ff5d572_m.jpg	182	240	http://farm8.staticflickr.com/7356/11273459034_f53ff5d572.jpg	378	500	http://farm8.staticflickr.com/7356/11273459034_f53ff5d572_b.jpg	775	1024	http://farm8.staticflickr.com/7356/11273459034_204a906932_o.jpg	1131	1495
02		Paris à travers les siècles. Histoire nationale de Paris et des Parisiens depuis la fondation de Lutèce jusqu'à nos jours, etc	GOURDON DE GENOUILLAC, Nicolas Jules Henri.		Paris	001476975		1879	http://www.flickr.com/photos/britishlibrary/11273458844	1	001079	11273458844	http://farm8.staticflickr.com/7409/11273458844_e56b5979f3_m.jpg	226	240	http://farm8.staticflickr.com/7409/11273458844_e56b5979f3.jpg	472	500	http://farm8.staticflickr.com/7409/11273458844_e56b5979f3_b.jpg	966	1024	http://farm8.staticflickr.com/7409/11273458844_196609b824_o.jpg	1116	1183
0	Cassell, Petter, Galpin & Co.	Morocco: its people and places ... Translated by C. Rollin-Tilton. With ... illustrations	AMICIS, Edmondo de.	lsidyv3c6b00d2	London	000070870	ark:/81055/vdc_00000005AC0C	1879	http://www.flickr.com/photos/britishlibrary/11273392555	1	000157	11273392555	http://farm4.staticflickr.com/3818/11273392555_bbcd2ba83d_m.jpg	137	240	http://farm4.staticflickr.com/3818/11273392555_bbcd2ba83d.jpg	286	500	http://farm4.staticflickr.com/3818/11273392555_bbcd2ba83d_b.jpg	586	1024	http://farm4.staticflickr.com/3818/11273392555_75999325e5_o.jpg	1003	1753
01		Paris à travers les siècles. Histoire nationale de Paris et des Parisiens depuis la fondation de Lutèce jusqu'à nos jours, etc	GOURDON DE GENOUILLAC, Nicolas Jules Henri.		Paris	001476975		1879	http://www.flickr.com/photos/britishlibrary/11273433166	1	000358	11273433166	http://farm6.staticflickr.com/5534/11273433166_3f72d76977_m.jpg	240	141	http://farm6.staticflickr.com/5534/11273433166_3f72d76977.jpg	500	293	http://farm6.staticflickr.com/5534/11273433166_3f72d76977_b.jpg	1024	601	http://farm6.staticflickr.com/5534/11273433166_361708b131_o.jpg	1777	1043
0		Saint-Pierre de Rome. Ouvrage illustré, etc	LORBAC, Charles de.		Rome	002259706		1879	http://www.flickr.com/photos/britishlibrary/11273500843	1	000096	11273500843	http://farm4.staticflickr.com/3697/11273500843_1e72585025_m.jpg	240	213	http://farm4.staticflickr.com/3697/11273500843_1e72585025.jpg	500	444	http://farm4.staticflickr.com/3697/11273500843_1e72585025_b.jpg	1024	910	http://farm4.staticflickr.com/3697/11273500843_3041078673_o.jpg	1187	1055
0		The Child's Hymnal. Edited by ... C. Rogers. [With illustrations.]	ROGERS, Charles D.D		London	003135671		1879	http://www.flickr.com/photos/britishlibrary/11273456864	1	000019	11273456864	http://farm4.staticflickr.com/3721/11273456864_01e4e67c9d_m.jpg	201	240	http://farm4.staticflickr.com/3721/11273456864_01e4e67c9d.jpg	419	500	http://farm4.staticflickr.com/3721/11273456864_01e4e67c9d_b.jpg	858	1024	http://farm4.staticflickr.com/3721/11273456864_9813d105f9_o.jpg	1010	1206
0	J. A. & R. A. Reid	The Past and the Present. Narragansett sea and shore. An illustrated guide to Providence, Newport, Narragansett Pier, Block Island, Watch Hill, Rocky Point, Silver Spring, and all the famous sea-side resorts of Rhode Island, with a map of Narragansett Bay	DENISON, Frederic.		Providence	000908069		1879	http://www.flickr.com/photos/britishlibrary/11273390235	1	000054	11273390235	http://farm4.staticflickr.com/3770/11273390235_14f2493270_m.jpg	240	205	http://farm4.staticflickr.com/3770/11273390235_14f2493270.jpg	500	428	http://farm4.staticflickr.com/3770/11273390235_14f2493270_b.jpg	1024	876	http://farm4.staticflickr.com/3770/11273390235_dc462cf480_o.jpg	1312	1122
0	Everts & Ensign	History of Toga, Chemung, Tompkins, and Schuyler Counties, New York. With illustrations and biographical sketches of some of its prominent men and pioneers	PEIRCE, Henry B. and HURD (Duane Hamilton)		Philadelphia	002810116		1879	http://www.flickr.com/photos/britishlibrary/11273499323	1	000917	11273499323	http://farm4.staticflickr.com/3728/11273499323_3f4167c3cd_m.jpg	240	159	http://farm4.staticflickr.com/3728/11273499323_3f4167c3cd.jpg	500	331	http://farm4.staticflickr.com/3728/11273499323_3f4167c3cd_b.jpg	1024	678	http://farm4.staticflickr.com/3728/11273499323_c78ae35325_o.jpg	1593	1055
01	D. Appleton & Co.	[Appleton's European Guide Book illustrated. Including England, Scotland, and Ireland, France, Belgium, Holland, Northern and Southern Germany, Switzerland, Italy, Spain and Portugal, Russia, Denmark, Norway, and Sweden. Containing ... maps, etc.]	APPLETON, Daniel AND CO	lsidyv3cbe7355	New York; Longmans & Co	000100280	ark:/81055/vdc_00000005D9DE	1879	http://www.flickr.com/photos/britishlibrary/11273389435	1	000633	11273389435	http://farm4.staticflickr.com/3806/11273389435_4b695e065a_m.jpg	148	240	http://farm4.staticflickr.com/3806/11273389435_4b695e065a.jpg	308	500	http://farm4.staticflickr.com/3806/11273389435_4b695e065a_b.jpg	631	1024	http://farm4.staticflickr.com/3806/11273389435_d025b22fc5_o.jpg	760	1233
02	American News Company	Round the world with General Grant. A narrative of the visit of General U. S. Grant ... to various countries ... in 1877, 1878, 1879. To which are added certain conversations with General Grant on questions connected with American politics and history ... With ... illustrations	YOUNG, John Russell.		New York	004002305		1879	http://www.flickr.com/photos/britishlibrary/11273429946	1	000176	11273429946	http://farm6.staticflickr.com/5529/11273429946_29941dc459_m.jpg	144	240	http://farm6.staticflickr.com/5529/11273429946_29941dc459.jpg	301	500	http://farm6.staticflickr.com/5529/11273429946_29941dc459_b.jpg	616	1024	http://farm6.staticflickr.com/5529/11273429946_65bfa71a4d_o.jpg	987	1642
01	Tinsley Brothers	Berlin under the New Empire, its institutions, inhabitants, industry ... With ... engravings, etc	VIZETELLY, Henry.		London	003807524		1879	http://www.flickr.com/photos/britishlibrary/11273497563	1	000073	11273497563	http://farm6.staticflickr.com/5539/11273497563_4292a987e6_m.jpg	240	194	http://farm6.staticflickr.com/5539/11273497563_4292a987e6.jpg	500	405	http://farm6.staticflickr.com/5539/11273497563_4292a987e6_b.jpg	1024	829	http://farm6.staticflickr.com/5539/11273497563_b2a316bb92_o.jpg	1595	1292
0		[Brazil and the Brazilians ... in historical and descriptive sketches ... Engravings.]	KIDDER, Daniel Parish and FLETCHER (James C.)		London	001961854		1879	http://www.flickr.com/photos/britishlibrary/11273454134	1	000048	11273454134	http://farm6.staticflickr.com/5539/11273454134_015da4b663_m.jpg	215	240	http://farm6.staticflickr.com/5539/11273454134_015da4b663.jpg	447	500	http://farm6.staticflickr.com/5539/11273454134_015da4b663_b.jpg	916	1024	http://farm6.staticflickr.com/5539/11273454134_6edc449665_o.jpg	1253	1401
0		Les Rues du vieux Paris. Galerie populaire et pittoresque ... Ouvrage illustré de 165 gravures sur bois	FOURNEL, Victor.		Paris	001279089		1879	http://www.flickr.com/photos/britishlibrary/11273386875	1	000285	11273386875	http://farm3.staticflickr.com/2876/11273386875_6f9a3e71da_m.jpg	151	240	http://farm3.staticflickr.com/2876/11273386875_6f9a3e71da.jpg	314	500	http://farm3.staticflickr.com/2876/11273386875_6f9a3e71da_b.jpg	644	1024	http://farm3.staticflickr.com/2876/11273386875_8a3fcd4267_o.jpg	900	1432
0	Cassell, Petter, Galpin & Co.	Morocco: its people and places ... Translated by C. Rollin-Tilton. With ... illustrations	AMICIS, Edmondo de.	lsidyv3c6b00d2	London	000070870	ark:/81055/vdc_00000005AC0C	1879	http://www.flickr.com/photos/britishlibrary/11273386305	1	000044	11273386305	http://farm4.staticflickr.com/3736/11273386305_bebb389e89_m.jpg	240	175	http://farm4.staticflickr.com/3736/11273386305_bebb389e89.jpg	500	364	http://farm4.staticflickr.com/3736/11273386305_bebb389e89_b.jpg	1024	745	http://farm4.staticflickr.com/3736/11273386305_2c3fe4619a_o.jpg	1561	1135
0	Moses King	King's Handbook of Boston. Profusely illustrated. [With a map.]	KING, Moses.		Cambridge, Mass	001968594		1879	http://www.flickr.com/photos/britishlibrary/11273496013	1	000317	11273496013	http://farm3.staticflickr.com/2863/11273496013_db4b9be974_m.jpg	240	136	http://farm3.staticflickr.com/2863/11273496013_db4b9be974.jpg	500	283	http://farm3.staticflickr.com/2863/11273496013_db4b9be974_b.jpg	1024	580	http://farm3.staticflickr.com/2863/11273496013_9cb3e4e7f9_o.jpg	1712	970
01	L. H. Everts	History of the Connecticut Valley in Massachusetts (by N. B. Sylvester), with illustrations and biographical sketches of some of its prominent men and pioneers [by other authors]	SYLVESTER, Nathaniel Bartlett.		Philadelphia	003562080		1879	http://www.flickr.com/photos/britishlibrary/11273427156	1	000336	11273427156	http://farm6.staticflickr.com/5510/11273427156_f2815bea02_m.jpg	240	205	http://farm6.staticflickr.com/5510/11273427156_f2815bea02.jpg	500	427	http://farm6.staticflickr.com/5510/11273427156_f2815bea02_b.jpg	1024	874	http://farm6.staticflickr.com/5510/11273427156_6f00360604_o.jpg	1583	1351
02	D. Appleton & Co.	[Appleton's European Guide Book illustrated. Including England, Scotland, and Ireland, France, Belgium, Holland, Northern and Southern Germany, Switzerland, Italy, Spain and Portugal, Russia, Denmark, Norway, and Sweden. Containing ... maps, etc.]	APPLETON, Daniel AND CO	lsidyv3cbe7355	New York; Longmans & Co	000100280	ark:/81055/vdc_00000005D9DE	1879	http://www.flickr.com/photos/britishlibrary/11273426246	1	000397	11273426246	http://farm6.staticflickr.com/5482/11273426246_2987b7c21c_m.jpg	172	240	http://farm6.staticflickr.com/5482/11273426246_2987b7c21c.jpg	359	500	http://farm6.staticflickr.com/5482/11273426246_2987b7c21c_b.jpg	735	1024	http://farm6.staticflickr.com/5482/11273426246_3c4a06e3f5_o.jpg	910	1268
0	Western Historical Company	The history of Henry County, Iowa. ... Illustrated			Chicago	001653329		1879	http://www.flickr.com/photos/britishlibrary/11273451334	1	000253	11273451334	http://farm8.staticflickr.com/7309/11273451334_df21409fac_m.jpg	240	176	http://farm8.staticflickr.com/7309/11273451334_df21409fac.jpg	500	366	http://farm8.staticflickr.com/7309/11273451334_df21409fac_b.jpg	1024	749	http://farm8.staticflickr.com/7309/11273451334_3a2485aa8c_o.jpg	1675	1225
0	The Mission Press	The manners and customs of the Chinese of the Straits Settlements	VAUGHAN, Jonas Daniel.	lsidyv3c6920e3	Singapore	003763775	ark:/81055/vdc_00000005AABC	1879	http://www.flickr.com/photos/britishlibrary/11273493533	2	000083	11273493533	http://farm8.staticflickr.com/7330/11273493533_95d09fee22_m.jpg	119	240	http://farm8.staticflickr.com/7330/11273493533_95d09fee22.jpg	248	500	http://farm8.staticflickr.com/7330/11273493533_95d09fee22_b.jpg	508	1024	http://farm8.staticflickr.com/7330/11273493533_e3e2302eb2_o.jpg	777	1567
0	Religious Tract Society	English Pictures drawn with pen and pencil	MANNING, Samuel LL.D. and GREEN (Samuel Gosnell)	lsidyv3c492c1d	London	002369135	ark:/81055/vdc_000000059460	1879	http://www.flickr.com/photos/britishlibrary/11273424796	1	000062	11273424796	http://farm4.staticflickr.com/3672/11273424796_2dc378863e_m.jpg	138	240	http://farm4.staticflickr.com/3672/11273424796_2dc378863e.jpg	288	500	http://farm4.staticflickr.com/3672/11273424796_2dc378863e_b.jpg	589	1024	http://farm4.staticflickr.com/3672/11273424796_15daee3616_o.jpg	915	1590
01	D. Appleton & Co.	[Appleton's European Guide Book illustrated. Including England, Scotland, and Ireland, France, Belgium, Holland, Northern and Southern Germany, Switzerland, Italy, Spain and Portugal, Russia, Denmark, Norway, and Sweden. Containing ... maps, etc.]	APPLETON, Daniel AND CO	lsidyv3cbe7355	New York; Longmans & Co	000100280	ark:/81055/vdc_00000005D9DE	1879	http://www.flickr.com/photos/britishlibrary/11273424626	1	000652	11273424626	http://farm4.staticflickr.com/3803/11273424626_0130bbafed_m.jpg	181	240	http://farm4.staticflickr.com/3803/11273424626_0130bbafed.jpg	377	500	http://farm4.staticflickr.com/3803/11273424626_0130bbafed_b.jpg	772	1024	http://farm4.staticflickr.com/3803/11273424626_c9a733e93b_o.jpg	930	1233
0	Cassell, Petter, Galpin & Co.	Morocco: its people and places ... Translated by C. Rollin-Tilton. With ... illustrations	AMICIS, Edmondo de.	lsidyv3c6b00d2	London	000070870	ark:/81055/vdc_00000005AC0C	1879	http://www.flickr.com/photos/britishlibrary/11273492213	1	000029	11273492213	http://farm3.staticflickr.com/2883/11273492213_de3a57166d_m.jpg	240	151	http://farm3.staticflickr.com/2883/11273492213_de3a57166d.jpg	500	314	http://farm3.staticflickr.com/2883/11273492213_de3a57166d_b.jpg	1024	643	http://farm3.staticflickr.com/2883/11273492213_33dc6ae321_o.jpg	1587	996
01		The Borders of the Tamar and the Tavy; their natural history, etc. A new edition	STOTHARD, afterwards BRAY, Anna Eliza.	lsidyv3c4640f3	London	003517963	ark:/81055/vdc_0000000591E4	1879	http://www.flickr.com/photos/britishlibrary/11273447554	1	000280	11273447554	http://farm3.staticflickr.com/2884/11273447554_9610ccc52e_m.jpg	172	240	http://farm3.staticflickr.com/2884/11273447554_9610ccc52e.jpg	357	500	http://farm3.staticflickr.com/2884/11273447554_9610ccc52e_b.jpg	732	1024	http://farm3.staticflickr.com/2884/11273447554_f3a9e48c6e_o.jpg	886	1239
02		A magyar nemzet története. I. kötet írta Bodon J. és Dr. Szalay J. (II.-IV.) kötet, írta Dr. Szalay J.) [With portraits.]	BODON, József and SZALAY (József)		Budapest	000389221		1879	http://www.flickr.com/photos/britishlibrary/11273422776	1	000171	11273422776	http://farm4.staticflickr.com/3785/11273422776_ff4478ece0_m.jpg	240	217	http://farm4.staticflickr.com/3785/11273422776_ff4478ece0.jpg	500	453	http://farm4.staticflickr.com/3785/11273422776_ff4478ece0_b.jpg	1024	927	http://farm4.staticflickr.com/3785/11273422776_df94e9472f_o.jpg	1470	1331
0	O. L. Baskin Co.	The history of Menard and Mason Counties, Illinois, containing a history of the counties [by R. D. Miller and J. M. Ruggles], ... statistics, &c. Illustrated			Chicago	002456488		1879	http://www.flickr.com/photos/britishlibrary/11273490803	1	000052	11273490803	http://farm4.staticflickr.com/3684/11273490803_56f3945cd3_m.jpg	155	240	http://farm4.staticflickr.com/3684/11273490803_56f3945cd3.jpg	324	500	http://farm4.staticflickr.com/3684/11273490803_56f3945cd3_b.jpg	663	1024	http://farm4.staticflickr.com/3684/11273490803_577dc65ed0_o.jpg	1022	1579
0		The Great Eastern Railway Company's Tourist-Guide to the Continent. ... With illustrations ... and a map	LINDLEY, Percy.	lsidyv3cad916f	London	002174468	ark:/81055/vdc_00000005CE44	1879	http://www.flickr.com/photos/britishlibrary/11273379975	1	000069	11273379975	http://farm4.staticflickr.com/3690/11273379975_66230d60e9_m.jpg	199	240	http://farm4.staticflickr.com/3690/11273379975_66230d60e9.jpg	415	500	http://farm4.staticflickr.com/3690/11273379975_66230d60e9_b.jpg	849	1024	http://farm4.staticflickr.com/3690/11273379975_4cd6cb6764_o.jpg	998	1204
02	Tinsley Brothers	Berlin under the New Empire, its institutions, inhabitants, industry ... With ... engravings, etc	VIZETELLY, Henry.		London	003807524		1879	http://www.flickr.com/photos/britishlibrary/11273489123	1	000104	11273489123	http://farm8.staticflickr.com/7314/11273489123_4d28f96de1_m.jpg	240	176	http://farm8.staticflickr.com/7314/11273489123_4d28f96de1.jpg	500	367	http://farm8.staticflickr.com/7314/11273489123_4d28f96de1_b.jpg	1024	752	http://farm8.staticflickr.com/7314/11273489123_f877b1f256_o.jpg	1398	1027
02		Histoire générale des peuples anciens et modernes	GIGAULT DE LA BÉDOLLIÈRE, Émile.		Paris	001419243		1879	http://www.flickr.com/photos/britishlibrary/11273445574	1	000241	11273445574	http://farm8.staticflickr.com/7337/11273445574_789dd63d3f_m.jpg	240	232	http://farm8.staticflickr.com/7337/11273445574_789dd63d3f.jpg	500	482	http://farm8.staticflickr.com/7337/11273445574_789dd63d3f_b.jpg	1024	988	http://farm8.staticflickr.com/7337/11273445574_25913ce2fa_o.jpg	1446	1395
0		Die amerikanische Nordpol-Expedition ... Mit zahlreichen Illustrationen in Holzschnitt, etc	BESSELS, Emil.		Leipzig	000303634		1879	http://www.flickr.com/photos/britishlibrary/11273444654	1	000353	11273444654	http://farm4.staticflickr.com/3830/11273444654_2ceb8a8064_m.jpg	113	240	http://farm4.staticflickr.com/3830/11273444654_2ceb8a8064.jpg	236	500	http://farm4.staticflickr.com/3830/11273444654_2ceb8a8064_b.jpg	484	1024	http://farm4.staticflickr.com/3830/11273444654_5bc7247eaf_o.jpg	748	1584
02		Old and New London, etc	Thornbury, Walter	lsidyv3c47ab1a	London	003628788	ark:/81055/vdc_000000059328	1879	http://www.flickr.com/photos/britishlibrary/11273378155	1	000230	11273378155	http://farm4.staticflickr.com/3682/11273378155_2140927a73_m.jpg	240	172	http://farm4.staticflickr.com/3682/11273378155_2140927a73.jpg	500	359	http://farm4.staticflickr.com/3682/11273378155_2140927a73_b.jpg	1024	735	http://farm4.staticflickr.com/3682/11273378155_5ff1abb868_o.jpg	1361	977
01	Tinsley Brothers	Berlin under the New Empire, its institutions, inhabitants, industry ... With ... engravings, etc	VIZETELLY, Henry.		London	003807524		1879	http://www.flickr.com/photos/britishlibrary/11273377395	1	000093	11273377395	http://farm6.staticflickr.com/5520/11273377395_610f4f56ec_m.jpg	236	240	http://farm6.staticflickr.com/5520/11273377395_610f4f56ec.jpg	492	500	http://farm6.staticflickr.com/5520/11273377395_610f4f56ec_b.jpg	1007	1024	http://farm6.staticflickr.com/5520/11273377395_199bcc6fbe_o.jpg	1147	1166
03	London Printing & Publishing Co.	[History of the Russian Empire from its foundation by Ruric the Pirate to the accession of the Emperor Alexander II ... With ... engravings.]	TYRRELL, Henry Teacher of Elocution		London	003699637		1879	http://www.flickr.com/photos/britishlibrary/11273418136	1	000133	11273418136	http://farm4.staticflickr.com/3700/11273418136_d43c8f3d0a_m.jpg	240	178	http://farm4.staticflickr.com/3700/11273418136_d43c8f3d0a.jpg	500	370	http://farm4.staticflickr.com/3700/11273418136_d43c8f3d0a_b.jpg	1024	758	http://farm4.staticflickr.com/3700/11273418136_684594fd77_o.jpg	1247	923
0		Les Rues du vieux Paris. Galerie populaire et pittoresque ... Ouvrage illustré de 165 gravures sur bois	FOURNEL, Victor.		Paris	001279089		1879	http://www.flickr.com/photos/britishlibrary/11273486193	1	000681	11273486193	http://farm4.staticflickr.com/3803/11273486193_cd2596f957_m.jpg	240	204	http://farm4.staticflickr.com/3803/11273486193_cd2596f957.jpg	500	425	http://farm4.staticflickr.com/3803/11273486193_cd2596f957_b.jpg	1024	870	http://farm4.staticflickr.com/3803/11273486193_c8b48f94f9_o.jpg	1455	1236
0	D. W. Ensign & Co.	History of Columbiana County, Ohio, with illustrations and biographical sketches of its prominent men and pioneers	MACK, Horace.		Philadelphia	002319445		1879	http://www.flickr.com/photos/britishlibrary/11273441374	1	000365	11273441374	http://farm3.staticflickr.com/2858/11273441374_3fc0d681c4_m.jpg	240	207	http://farm3.staticflickr.com/2858/11273441374_3fc0d681c4.jpg	500	432	http://farm3.staticflickr.com/2858/11273441374_3fc0d681c4_b.jpg	1024	884	http://farm3.staticflickr.com/2858/11273441374_b1a3a96523_o.jpg	1495	1291
0		[Brazil and the Brazilians ... in historical and descriptive sketches ... Engravings.]	KIDDER, Daniel Parish and FLETCHER (James C.)		London	001961854		1879	http://www.flickr.com/photos/britishlibrary/11273416616	1	000063	11273416616	http://farm4.staticflickr.com/3832/11273416616_ce851d5034_m.jpg	207	240	http://farm4.staticflickr.com/3832/11273416616_ce851d5034.jpg	432	500	http://farm4.staticflickr.com/3832/11273416616_ce851d5034_b.jpg	884	1024	http://farm4.staticflickr.com/3832/11273416616_42f2e97db9_o.jpg	1233	1428
0	Waterlow & Sons	Up the River from Westminster to Windsor and Oxford; a descriptive panorama of Thames Scenery			London	003606029		1879	http://www.flickr.com/photos/britishlibrary/11273375825	2	000068	11273375825	http://farm4.staticflickr.com/3778/11273375825_1a32587d71_m.jpg	151	240	http://farm4.staticflickr.com/3778/11273375825_1a32587d71.jpg	314	500	http://farm4.staticflickr.com/3778/11273375825_1a32587d71_b.jpg	644	1024	http://farm4.staticflickr.com/3778/11273375825_cafecbfd03_o.jpg	910	1446
0		Monuments religieux, civils et militaires du Gatinais, ... depuis le XIe jusqu'au XVIIe siècle. ... Ouvrage accompagné de planches, etc	MICHEL, Edmond.		Lyon	002482448		1879	http://www.flickr.com/photos/britishlibrary/11273439864	1	000461	11273439864	http://farm8.staticflickr.com/7315/11273439864_2569ab03db_m.jpg	240	229	http://farm8.staticflickr.com/7315/11273439864_2569ab03db.jpg	500	478	http://farm8.staticflickr.com/7315/11273439864_2569ab03db_b.jpg	1024	978	http://farm8.staticflickr.com/7315/11273439864_5a79bef877_o.jpg	1217	1162
0		Leaves from my Note-Book; ... tales ... portraying Irish Life and Character. By an ex-officer of the Royal Irish Constabulary. [With plates.]			London	001819523		1879	http://www.flickr.com/photos/britishlibrary/11273373915	1	000211	11273373915	http://farm3.staticflickr.com/2858/11273373915_b552a3ac99_m.jpg	169	240	http://farm3.staticflickr.com/2858/11273373915_b552a3ac99.jpg	352	500	http://farm3.staticflickr.com/2858/11273373915_b552a3ac99_b.jpg	720	1024	http://farm3.staticflickr.com/2858/11273373915_4821038e9a_o.jpg	852	1212
01	D. Appleton & Co.	[Appleton's European Guide Book illustrated. Including England, Scotland, and Ireland, France, Belgium, Holland, Northern and Southern Germany, Switzerland, Italy, Spain and Portugal, Russia, Denmark, Norway, and Sweden. Containing ... maps, etc.]	APPLETON, Daniel AND CO	lsidyv3cbe7355	New York; Longmans & Co	000100280	ark:/81055/vdc_00000005D9DE	1879	http://www.flickr.com/photos/britishlibrary/11273374345	1	000545	11273374345	http://farm8.staticflickr.com/7422/11273374345_6dcba62b3c_m.jpg	166	240	http://farm8.staticflickr.com/7422/11273374345_6dcba62b3c.jpg	346	500	http://farm8.staticflickr.com/7422/11273374345_6dcba62b3c_b.jpg	708	1024	http://farm8.staticflickr.com/7422/11273374345_127b4abc36_o.jpg	853	1233
0	Wesleyan Conference Office	Rambles in Bible Lands	NEWTON, Richard D.D., Rector of St. Paul's Church, Philadelphia	lsidyv3ca35e3a	London	002646495	ark:/81055/vdc_00000005C826	1879	http://www.flickr.com/photos/britishlibrary/11273481133	1	000268	11273481133	http://farm6.staticflickr.com/5480/11273481133_903b417a2f_m.jpg	240	222	http://farm6.staticflickr.com/5480/11273481133_903b417a2f.jpg	500	462	http://farm6.staticflickr.com/5480/11273481133_903b417a2f_b.jpg	1024	946	http://farm6.staticflickr.com/5480/11273481133_cd53f29074_o.jpg	1490	1376
0	Everts & Ensign	History of Toga, Chemung, Tompkins, and Schuyler Counties, New York. With illustrations and biographical sketches of some of its prominent men and pioneers	PEIRCE, Henry B. and HURD (Duane Hamilton)		Philadelphia	002810116		1879	http://www.flickr.com/photos/britishlibrary/11273372485	1	000688	11273372485	http://farm8.staticflickr.com/7414/11273372485_3d14ed10b6_m.jpg	240	172	http://farm8.staticflickr.com/7414/11273372485_3d14ed10b6.jpg	500	357	http://farm8.staticflickr.com/7414/11273372485_3d14ed10b6_b.jpg	1024	732	http://farm8.staticflickr.com/7414/11273372485_1f9c11411b_o.jpg	1657	1185
02		The Borders of the Tamar and the Tavy; their natural history, etc. A new edition	STOTHARD, afterwards BRAY, Anna Eliza.	lsidyv3c4640f3	London	003517963	ark:/81055/vdc_0000000591E4	1879	http://www.flickr.com/photos/britishlibrary/11273480963	1	000454	11273480963	http://farm6.staticflickr.com/5498/11273480963_091a306c0b_m.jpg	176	240	http://farm6.staticflickr.com/5498/11273480963_091a306c0b.jpg	366	500	http://farm6.staticflickr.com/5498/11273480963_091a306c0b_b.jpg	749	1024	http://farm6.staticflickr.com/5498/11273480963_9f9bff4848_o.jpg	883	1208
02		[Traditions of Lancashire ... Illustrated ... Fourth edition.]	ROBY, John.		London and Edinburgh	003126958		1879	http://www.flickr.com/photos/britishlibrary/11273436334	1	000092	11273436334	http://farm8.staticflickr.com/7363/11273436334_a12661fa0a_m.jpg	168	240	http://farm8.staticflickr.com/7363/11273436334_a12661fa0a.jpg	350	500	http://farm8.staticflickr.com/7363/11273436334_a12661fa0a_b.jpg	716	1024	http://farm8.staticflickr.com/7363/11273436334_e0348a1e67_o.jpg	872	1247
0	W. H. Luke	Illustrated Handbook to Plymouth, Stonehouse & Devonport, with a new map ... New and enlarged edition	WRIGHT, William Henry Kearley.		Plymouth	003985100		1879	http://www.flickr.com/photos/britishlibrary/11273370265	1	000119	11273370265	http://farm3.staticflickr.com/2882/11273370265_a2ceca8aea_m.jpg	240	238	http://farm3.staticflickr.com/2882/11273370265_a2ceca8aea.jpg	500	495	http://farm3.staticflickr.com/2882/11273370265_a2ceca8aea_b.jpg	1024	1014	http://farm3.staticflickr.com/2882/11273370265_d8c412a139_o.jpg	1250	1238
0	Waterlow & Sons	Up the River from Westminster to Windsor and Oxford; a descriptive panorama of Thames Scenery			London	003606029		1879	http://www.flickr.com/photos/britishlibrary/11273411126	1	000141	11273411126	http://farm8.staticflickr.com/7337/11273411126_124f7e13f0_m.jpg	178	240	http://farm8.staticflickr.com/7337/11273411126_124f7e13f0.jpg	372	500	http://farm8.staticflickr.com/7337/11273411126_124f7e13f0_b.jpg	761	1024	http://farm8.staticflickr.com/7337/11273411126_69d379f6bc_o.jpg	953	1283
0	T. Lewis	Waltham, past and present, and its industries. With ... photographic illustrations	NELSON, Charles Alexander.		Cambridge [Mass.]	002618620		1879	http://www.flickr.com/photos/britishlibrary/11273369405	1	000065	11273369405	http://farm3.staticflickr.com/2859/11273369405_e939628e0a_m.jpg	173	240	http://farm3.staticflickr.com/2859/11273369405_e939628e0a.jpg	360	500	http://farm3.staticflickr.com/2859/11273369405_e939628e0a_b.jpg	737	1024	http://farm3.staticflickr.com/2859/11273369405_65fb26e894_o.jpg	1003	1393
0	Everts & Abbott	History of Hillsdale County, Michigan, with illustrations and biographical sketches of some of its prominent men, etc	Johnson, Crisfield.		Philadelphia	001884500		1879	http://www.flickr.com/photos/britishlibrary/11273477473	1	000254	11273477473	http://farm4.staticflickr.com/3822/11273477473_4c29cf7fd3_m.jpg	240	200	http://farm4.staticflickr.com/3822/11273477473_4c29cf7fd3.jpg	500	417	http://farm4.staticflickr.com/3822/11273477473_4c29cf7fd3_b.jpg	1024	853	http://farm4.staticflickr.com/3822/11273477473_7ac1667102_o.jpg	1136	946
0	Religious Tract Society	The Lands of Scripture: comprising “Those Holy Fields”; “The Land of the Pharaohs” [both by S. M.]; “Pictures from Bible Lands” (edited by S. G. Green. The illustrations by E. Whymper, etc.)	MANNING, Samuel LL.D		London	002369128		1879	http://www.flickr.com/photos/britishlibrary/11273477153	1	000188	11273477153	http://farm8.staticflickr.com/7329/11273477153_05dcaea8de_m.jpg	219	240	http://farm8.staticflickr.com/7329/11273477153_05dcaea8de.jpg	457	500	http://farm8.staticflickr.com/7329/11273477153_05dcaea8de_b.jpg	935	1024	http://farm8.staticflickr.com/7329/11273477153_56af77106c_o.jpg	1248	1367
0	Western Historical Company	The history of Henry County, Iowa. ... Illustrated			Chicago	001653329		1879	http://www.flickr.com/photos/britishlibrary/11273476333	1	000431	11273476333	http://farm3.staticflickr.com/2832/11273476333_8e6ee50768_m.jpg	240	202	http://farm3.staticflickr.com/2832/11273476333_8e6ee50768.jpg	500	421	http://farm3.staticflickr.com/2832/11273476333_8e6ee50768_b.jpg	1024	862	http://farm3.staticflickr.com/2832/11273476333_8d5932f14e_o.jpg	1215	1023
0	J. A. & R. A. Reid	The Past and the Present. Narragansett sea and shore. An illustrated guide to Providence, Newport, Narragansett Pier, Block Island, Watch Hill, Rocky Point, Silver Spring, and all the famous sea-side resorts of Rhode Island, with a map of Narragansett Bay	DENISON, Frederic.		Providence	000908069		1879	http://www.flickr.com/photos/britishlibrary/11273432844	1	000057	11273432844	http://farm6.staticflickr.com/5500/11273432844_7cd310712c_m.jpg	240	149	http://farm6.staticflickr.com/5500/11273432844_7cd310712c.jpg	500	310	http://farm6.staticflickr.com/5500/11273432844_7cd310712c_b.jpg	1024	634	http://farm6.staticflickr.com/5500/11273432844_b580031ebd_o.jpg	1512	936
01		The Australian abroad. Branches from the Main Routes round the World. [Reprinted from the Melbourne “Argus.” With illustrations.] 2 series	HINGSTON, James.	lsidyv3cbf9abe	London	001689101	ark:/81055/vdc_00000005DA7A	1879	http://www.flickr.com/photos/britishlibrary/11273366915	1	000046	11273366915	http://farm8.staticflickr.com/7312/11273366915_d4831dfcf0_m.jpg	240	150	http://farm8.staticflickr.com/7312/11273366915_d4831dfcf0.jpg	500	313	http://farm8.staticflickr.com/7312/11273366915_d4831dfcf0_b.jpg	1024	641	http://farm8.staticflickr.com/7312/11273366915_f18a8c9bc4_o.jpg	1318	825
02	D. Appleton & Co.	[Appleton's European Guide Book illustrated. Including England, Scotland, and Ireland, France, Belgium, Holland, Northern and Southern Germany, Switzerland, Italy, Spain and Portugal, Russia, Denmark, Norway, and Sweden. Containing ... maps, etc.]	APPLETON, Daniel AND CO	lsidyv3cbe7355	New York; Longmans & Co	000100280	ark:/81055/vdc_00000005D9DE	1879	http://www.flickr.com/photos/britishlibrary/11273366475	1	000140	11273366475	http://farm4.staticflickr.com/3834/11273366475_bb0414f6c8_m.jpg	192	240	http://farm4.staticflickr.com/3834/11273366475_bb0414f6c8.jpg	399	500	http://farm4.staticflickr.com/3834/11273366475_bb0414f6c8_b.jpg	818	1024	http://farm4.staticflickr.com/3834/11273366475_eb47fcfd7e_o.jpg	1007	1260
0		La Saint-Barthélemy et la critique moderne. [With plates.]	BORDIER, Henri Léonard.		Genève	000415740		1879	http://www.flickr.com/photos/britishlibrary/11273431294	1	000049	11273431294	http://farm4.staticflickr.com/3706/11273431294_a933f9892b_m.jpg	240	160	http://farm4.staticflickr.com/3706/11273431294_a933f9892b.jpg	500	333	http://farm4.staticflickr.com/3706/11273431294_a933f9892b_b.jpg	1024	683	http://farm4.staticflickr.com/3706/11273431294_dbdd60cdd0_o.jpg	1492	995
0	W. Le Baron, Jr., & Co.	The history of Edgar County, Illinois, containing a history of the County [by W. H. Perrin, H. H. Hill and A. A. Graham], Directory ... Illustrated	PERRIN, William Henry.		Chicago	001034891		1879	http://www.flickr.com/photos/britishlibrary/11273430944	1	000493	11273430944	http://farm6.staticflickr.com/5545/11273430944_3ff2cdd9b3_m.jpg	240	184	http://farm6.staticflickr.com/5545/11273430944_3ff2cdd9b3.jpg	500	384	http://farm6.staticflickr.com/5545/11273430944_3ff2cdd9b3_b.jpg	1024	786	http://farm6.staticflickr.com/5545/11273430944_76f0722e72_o.jpg	1598	1226
0		Mœurs et caractères des peuples, Asie-Amérique-Océanie. Morceaux extraits de divers auteurs. [With illustrations.]	CORTAMBERT, Richard.		Paris	000791358		1879	http://www.flickr.com/photos/britishlibrary/11273430524	1	000171	11273430524	http://farm6.staticflickr.com/5473/11273430524_cd4454804f_m.jpg	240	195	http://farm6.staticflickr.com/5473/11273430524_cd4454804f.jpg	500	406	http://farm6.staticflickr.com/5473/11273430524_cd4454804f_b.jpg	1024	831	http://farm6.staticflickr.com/5473/11273430524_739fe5566c_o.jpg	1636	1327
0	Religious Tract Society	The Lands of Scripture: comprising “Those Holy Fields”; “The Land of the Pharaohs” [both by S. M.]; “Pictures from Bible Lands” (edited by S. G. Green. The illustrations by E. Whymper, etc.)	MANNING, Samuel LL.D		London	002369128		1879	http://www.flickr.com/photos/britishlibrary/11273429064	2	000155	11273429064	http://farm3.staticflickr.com/2860/11273429064_d3f3053fc9_m.jpg	238	240	http://farm3.staticflickr.com/2860/11273429064_d3f3053fc9.jpg	497	500	http://farm3.staticflickr.com/2860/11273429064_d3f3053fc9_b.jpg	1017	1024	http://farm3.staticflickr.com/2860/11273429064_8e7f57d152_o.jpg	1450	1460
01	American News Company	Round the world with General Grant. A narrative of the visit of General U. S. Grant ... to various countries ... in 1877, 1878, 1879. To which are added certain conversations with General Grant on questions connected with American politics and history ... With ... illustrations	YOUNG, John Russell.		New York	004002305		1879	http://www.flickr.com/photos/britishlibrary/11273429024	1	000578	11273429024	http://farm3.staticflickr.com/2809/11273429024_aefae26138_m.jpg	240	171	http://farm3.staticflickr.com/2809/11273429024_aefae26138.jpg	500	355	http://farm3.staticflickr.com/2809/11273429024_aefae26138_b.jpg	1024	728	http://farm3.staticflickr.com/2809/11273429024_3337b5bfd8_o.jpg	1420	1010
0		The Illustrated Guide to Sheffield and the surrounding district, etc	TAYLOR, John of Sheffield		Sheffield	003589731		1879	http://www.flickr.com/photos/britishlibrary/11273364025	1	000290	11273364025	http://farm8.staticflickr.com/7402/11273364025_01067b03ba_m.jpg	156	240	http://farm8.staticflickr.com/7402/11273364025_01067b03ba.jpg	326	500	http://farm8.staticflickr.com/7402/11273364025_01067b03ba_b.jpg	667	1024	http://farm8.staticflickr.com/7402/11273364025_ff52ec3d20_o.jpg	922	1415
0	F. W. Bird	History of the Town of Douglas, Massachusetts, from the earliest period to the close of 1878	EMERSON, William Andrew.		Boston [Mass.]	001065911		1879	http://www.flickr.com/photos/britishlibrary/11273427504	1	000269	11273427504	http://farm4.staticflickr.com/3788/11273427504_c4e6f3443c_m.jpg	176	240	http://farm4.staticflickr.com/3788/11273427504_c4e6f3443c.jpg	366	500	http://farm4.staticflickr.com/3788/11273427504_c4e6f3443c_b.jpg	750	1024	http://farm4.staticflickr.com/3788/11273427504_5449ee5452_o.jpg	881	1203
0		Les Vieilles Villes de Suisse. Notes et souvenirs. Ouvrage illustré de 105 dessins à la plume par A. Robida reproduits en fac-simile	ROBIDA, Albert.		Paris	003121715		1879	http://www.flickr.com/photos/britishlibrary/11273470773	1	000127	11273470773	http://farm4.staticflickr.com/3788/11273470773_b80318892d_m.jpg	177	240	http://farm4.staticflickr.com/3788/11273470773_b80318892d.jpg	370	500	http://farm4.staticflickr.com/3788/11273470773_b80318892d_b.jpg	757	1024	http://farm4.staticflickr.com/3788/11273470773_5706c9ff83_o.jpg	1212	1640
0		[Brazil and the Brazilians ... in historical and descriptive sketches ... Engravings.]	KIDDER, Daniel Parish and FLETCHER (James C.)		London	001961854		1879	http://www.flickr.com/photos/britishlibrary/11273402396	1	000243	11273402396	http://farm3.staticflickr.com/2819/11273402396_bc3c1ce3a9_m.jpg	157	240	http://farm3.staticflickr.com/2819/11273402396_bc3c1ce3a9.jpg	326	500	http://farm3.staticflickr.com/2819/11273402396_bc3c1ce3a9_b.jpg	668	1024	http://farm3.staticflickr.com/2819/11273402396_6678b4ac38_o.jpg	895	1372
01		The Australian abroad. Branches from the Main Routes round the World. [Reprinted from the Melbourne “Argus.” With illustrations.] 2 series	HINGSTON, James.	lsidyv3cbf9abe	London	001689101	ark:/81055/vdc_00000005DA7A	1879	http://www.flickr.com/photos/britishlibrary/11273360755	1	000268	11273360755	http://farm8.staticflickr.com/7436/11273360755_082ca786c8_m.jpg	159	240	http://farm8.staticflickr.com/7436/11273360755_082ca786c8.jpg	332	500	http://farm8.staticflickr.com/7436/11273360755_082ca786c8_b.jpg	679	1024	http://farm8.staticflickr.com/7436/11273360755_4a8270fbb6_o.jpg	920	1388
0		[Conversaciones históricas Malagueñas ó materiales de noticias ... para formar la historia ... de la ... ciudad de Málaga, ... que publica ... C. Garcia de la Leña [or rather C. de Medina Conde].]	MEDINA CONDE, Christóbal de.		Málaga	002444074		1879	http://www.flickr.com/photos/britishlibrary/11273425424	1	000010	11273425424	http://farm3.staticflickr.com/2891/11273425424_8b35bb1843_m.jpg	240	175	http://farm3.staticflickr.com/2891/11273425424_8b35bb1843.jpg	500	365	http://farm3.staticflickr.com/2891/11273425424_8b35bb1843_b.jpg	1024	747	http://farm3.staticflickr.com/2891/11273425424_2c3aba9c90_o.jpg	1291	942
0	T. Lewis	Waltham, past and present, and its industries. With ... photographic illustrations	NELSON, Charles Alexander.		Cambridge [Mass.]	002618620		1879	http://www.flickr.com/photos/britishlibrary/11273425714	2	000071	11273425714	http://farm8.staticflickr.com/7352/11273425714_ae3bdcbe65_m.jpg	180	240	http://farm8.staticflickr.com/7352/11273425714_ae3bdcbe65.jpg	374	500	http://farm8.staticflickr.com/7352/11273425714_ae3bdcbe65_b.jpg	766	1024	http://farm8.staticflickr.com/7352/11273425714_91000dc09d_o.jpg	1002	1340
0	The Mission Press	The manners and customs of the Chinese of the Straits Settlements	VAUGHAN, Jonas Daniel.	lsidyv3c6920e3	Singapore	003763775	ark:/81055/vdc_00000005AABC	1879	http://www.flickr.com/photos/britishlibrary/11273400016	2	000096	11273400016	http://farm4.staticflickr.com/3673/11273400016_54c5983db1_m.jpg	180	240	http://farm4.staticflickr.com/3673/11273400016_54c5983db1.jpg	376	500	http://farm4.staticflickr.com/3673/11273400016_54c5983db1_b.jpg	770	1024	http://farm4.staticflickr.com/3673/11273400016_5d7610404f_o.jpg	1111	1477
0	Pickering & Co.	The History of the County of Monaghan	SHIRLEY, Evelyn Philip.		London	003370961		1879	http://www.flickr.com/photos/britishlibrary/11273399636	1	000513	11273399636	http://farm8.staticflickr.com/7327/11273399636_b0fd85e4d5_m.jpg	103	240	http://farm8.staticflickr.com/7327/11273399636_b0fd85e4d5.jpg	214	500	http://farm8.staticflickr.com/7327/11273399636_b0fd85e4d5_b.jpg	439	1024	http://farm8.staticflickr.com/7327/11273399636_f11d2fb8ed_o.jpg	858	2003
02	American News Company	Round the world with General Grant. A narrative of the visit of General U. S. Grant ... to various countries ... in 1877, 1878, 1879. To which are added certain conversations with General Grant on questions connected with American politics and history ... With ... illustrations	YOUNG, John Russell.		New York	004002305		1879	http://www.flickr.com/photos/britishlibrary/11273399656	1	000257	11273399656	http://farm6.staticflickr.com/5489/11273399656_bb8572570f_m.jpg	120	240	http://farm6.staticflickr.com/5489/11273399656_bb8572570f.jpg	250	500	http://farm6.staticflickr.com/5489/11273399656_bb8572570f_b.jpg	511	1024	http://farm6.staticflickr.com/5489/11273399656_0f48b7fbac_o.jpg	856	1715
01	William Mackenzie	The National Burns. Edited by Rev. George Gilfillan, including the airs of all the songs, and an original life of Burns by the editor. [With plates, including portraits.]	Burns, Robert		Glasgow	000543200		1879	http://www.flickr.com/photos/britishlibrary/11273357835	1	000272	11273357835	http://farm4.staticflickr.com/3684/11273357835_2236eafe27_m.jpg	240	240	http://farm4.staticflickr.com/3684/11273357835_2236eafe27.jpg	500	499	http://farm4.staticflickr.com/3684/11273357835_2236eafe27_b.jpg	1024	1022	http://farm4.staticflickr.com/3684/11273357835_f20de1efe1_o.jpg	1463	1460
0		The Illustrated Guide to Sheffield and the surrounding district, etc	TAYLOR, John of Sheffield		Sheffield	003589731		1879	http://www.flickr.com/photos/britishlibrary/11273466363	1	000177	11273466363	http://farm8.staticflickr.com/7360/11273466363_6fc8342d2d_m.jpg	194	240	http://farm8.staticflickr.com/7360/11273466363_6fc8342d2d.jpg	405	500	http://farm8.staticflickr.com/7360/11273466363_6fc8342d2d_b.jpg	829	1024	http://farm8.staticflickr.com/7360/11273466363_1f63d4d9d1_o.jpg	1146	1415
0		The Great Eastern Railway Company's Tourist-Guide to the Continent. ... With illustrations ... and a map	LINDLEY, Percy.	lsidyv3cad916f	London	002174468	ark:/81055/vdc_00000005CE44	1879	http://www.flickr.com/photos/britishlibrary/11273357175	1	000055	11273357175	http://farm4.staticflickr.com/3726/11273357175_f4dbcac8a3_m.jpg	191	240	http://farm4.staticflickr.com/3726/11273357175_f4dbcac8a3.jpg	397	500	http://farm4.staticflickr.com/3726/11273357175_f4dbcac8a3_b.jpg	813	1024	http://farm4.staticflickr.com/3726/11273357175_be7f697c49_o.jpg	956	1204
0		Les Rues du vieux Paris. Galerie populaire et pittoresque ... Ouvrage illustré de 165 gravures sur bois	FOURNEL, Victor.		Paris	001279089		1879	http://www.flickr.com/photos/britishlibrary/11273421244	1	000569	11273421244	http://farm4.staticflickr.com/3742/11273421244_7501161372_m.jpg	240	184	http://farm4.staticflickr.com/3742/11273421244_7501161372.jpg	500	384	http://farm4.staticflickr.com/3742/11273421244_7501161372_b.jpg	1024	786	http://farm4.staticflickr.com/3742/11273421244_cdfce537c2_o.jpg	1512	1160
0	F. W. Bird	History of the Town of Douglas, Massachusetts, from the earliest period to the close of 1878	EMERSON, William Andrew.		Boston [Mass.]	001065911		1879	http://www.flickr.com/photos/britishlibrary/11273397126	1	000063	11273397126	http://farm4.staticflickr.com/3747/11273397126_efb41826f7_m.jpg	177	240	http://farm4.staticflickr.com/3747/11273397126_efb41826f7.jpg	369	500	http://farm4.staticflickr.com/3747/11273397126_efb41826f7_b.jpg	756	1024	http://farm4.staticflickr.com/3747/11273397126_e5bcefdce5_o.jpg	1110	1503
02	Tinsley Brothers	Berlin under the New Empire, its institutions, inhabitants, industry ... With ... engravings, etc	VIZETELLY, Henry.		London	003807524		1879	http://www.flickr.com/photos/britishlibrary/11273396356	1	000203	11273396356	http://farm4.staticflickr.com/3788/11273396356_48a782b156_m.jpg	240	175	http://farm4.staticflickr.com/3788/11273396356_48a782b156.jpg	500	364	http://farm4.staticflickr.com/3788/11273396356_48a782b156_b.jpg	1024	746	http://farm4.staticflickr.com/3788/11273396356_5ccf73bd7d_o.jpg	1331	970
0	Marcus Ward & Co.	Our Native Land, its scenery and associations. A series of 36 water-colour sketches after Rowbotham, Read, Needham, and other eminent artists. With descriptive notes. [The author of the text identified on the wrapper of pt. 1 as “the author of By Loch and by Land”, i.e. Jean L. Watson.]	WATSON, Jean L.		London	001140593		1879	http://www.flickr.com/photos/britishlibrary/11273419204	1	000246	11273419204	http://farm4.staticflickr.com/3743/11273419204_2d9b5da5ba_m.jpg	94	240	http://farm4.staticflickr.com/3743/11273419204_2d9b5da5ba.jpg	195	500	http://farm4.staticflickr.com/3743/11273419204_2d9b5da5ba_b.jpg	400	1024	http://farm4.staticflickr.com/3743/11273419204_8d9645a7d5_o.jpg	770	1973
02	American News Company	Round the world with General Grant. A narrative of the visit of General U. S. Grant ... to various countries ... in 1877, 1878, 1879. To which are added certain conversations with General Grant on questions connected with American politics and history ... With ... illustrations	YOUNG, John Russell.		New York	004002305		1879	http://www.flickr.com/photos/britishlibrary/11273395576	1	000248	11273395576	http://farm6.staticflickr.com/5486/11273395576_12195b822b_m.jpg	211	240	http://farm6.staticflickr.com/5486/11273395576_12195b822b.jpg	440	500	http://farm6.staticflickr.com/5486/11273395576_12195b822b_b.jpg	901	1024	http://farm6.staticflickr.com/5486/11273395576_8ce0368870_o.jpg	1251	1422
01	Griffith & Farran	[Memorable Battles in English History, where fought, why fought, and their results. With the military lives of the commanders, etc.]	Adams, W. H. Davenport (William Henry Davenport)		London	000017042		1879	http://www.flickr.com/photos/britishlibrary/11273395186	1	000255	11273395186	http://farm4.staticflickr.com/3757/11273395186_84dfeac0e9_m.jpg	240	227	http://farm4.staticflickr.com/3757/11273395186_84dfeac0e9.jpg	500	473	http://farm4.staticflickr.com/3757/11273395186_84dfeac0e9_b.jpg	1024	969	http://farm4.staticflickr.com/3757/11273395186_794580e6ae_o.jpg	1362	1289
0	James Miller	Campaigns of the War of 1812-15, against Great Britain, sketched and criticised; with brief biographies of the American engineers	CULLUM, George Washington.		New York	000834094		1879	http://www.flickr.com/photos/britishlibrary/11273461973	1	000089	11273461973	http://farm6.staticflickr.com/5508/11273461973_6d71295912_m.jpg	165	240	http://farm6.staticflickr.com/5508/11273461973_6d71295912.jpg	343	500	http://farm6.staticflickr.com/5508/11273461973_6d71295912_b.jpg	703	1024	http://farm6.staticflickr.com/5508/11273461973_9b3347449a_o.jpg	956	1392
0		The Illustrated Guide to Sheffield and the surrounding district, etc	TAYLOR, John of Sheffield		Sheffield	003589731		1879	http://www.flickr.com/photos/britishlibrary/11273352335	2	000306	11273352335	http://farm8.staticflickr.com/7314/11273352335_b5c368af9f_m.jpg	172	240	http://farm8.staticflickr.com/7314/11273352335_b5c368af9f.jpg	358	500	http://farm8.staticflickr.com/7314/11273352335_b5c368af9f_b.jpg	733	1024	http://farm8.staticflickr.com/7314/11273352335_8331a75216_o.jpg	1013	1415
0	Western Historical Company	The History of Jackson County, Iowa ... Illustrated			Chicago	001833692		1879	http://www.flickr.com/photos/britishlibrary/11273352585	1	000578	11273352585	http://farm4.staticflickr.com/3757/11273352585_cd199439e7_m.jpg	240	203	http://farm4.staticflickr.com/3757/11273352585_cd199439e7.jpg	500	422	http://farm4.staticflickr.com/3757/11273352585_cd199439e7_b.jpg	1024	864	http://farm4.staticflickr.com/3757/11273352585_07e0018c64_o.jpg	1553	1311
0		Monuments religieux, civils et militaires du Gatinais, ... depuis le XIe jusqu'au XVIIe siècle. ... Ouvrage accompagné de planches, etc	MICHEL, Edmond.		Lyon	002482448		1879	http://www.flickr.com/photos/britishlibrary/11273351835	2	000387	11273351835	http://farm4.staticflickr.com/3698/11273351835_771a2f4328_m.jpg	240	171	http://farm4.staticflickr.com/3698/11273351835_771a2f4328.jpg	500	357	http://farm4.staticflickr.com/3698/11273351835_771a2f4328_b.jpg	1024	731	http://farm4.staticflickr.com/3698/11273351835_4ba1a18880_o.jpg	1251	893
02	J. B. Lippincott & Co.	History of Princeton and its institutions. ... Illustrated with ... engravings Second edition	HAGEMAN, John Frelinghuysen.		Philadelphia	001560548		1879	http://www.flickr.com/photos/britishlibrary/11273459643	1	000253	11273459643	http://farm8.staticflickr.com/7398/11273459643_ea91d7192b_m.jpg	240	120	http://farm8.staticflickr.com/7398/11273459643_ea91d7192b.jpg	500	249	http://farm8.staticflickr.com/7398/11273459643_ea91d7192b_b.jpg	1024	510	http://farm8.staticflickr.com/7398/11273459643_6bd0d445eb_o.jpg	1933	962
0	Everts & Ensign	History of Toga, Chemung, Tompkins, and Schuyler Counties, New York. With illustrations and biographical sketches of some of its prominent men and pioneers	PEIRCE, Henry B. and HURD (Duane Hamilton)		Philadelphia	002810116		1879	http://www.flickr.com/photos/britishlibrary/11273459863	1	000551	11273459863	http://farm8.staticflickr.com/7350/11273459863_fe0e04acdb_m.jpg	240	173	http://farm8.staticflickr.com/7350/11273459863_fe0e04acdb.jpg	500	360	http://farm8.staticflickr.com/7350/11273459863_fe0e04acdb_b.jpg	1024	737	http://farm8.staticflickr.com/7350/11273459863_35a4726306_o.jpg	1415	1018
0	John Murray	[The Student's Manual of Modern Geography. Mathematical, physical, and descriptive.]	BEVAN, William Latham.	lsidyv3ca2f2a9	London	000307737	ark:/81055/vdc_00000005C7F6	1879	http://www.flickr.com/photos/britishlibrary/11273390876	1	000552	11273390876	http://farm3.staticflickr.com/2872/11273390876_1db72ee848_m.jpg	240	204	http://farm3.staticflickr.com/2872/11273390876_1db72ee848.jpg	500	425	http://farm3.staticflickr.com/2872/11273390876_1db72ee848_b.jpg	1024	870	http://farm3.staticflickr.com/2872/11273390876_d19c90ab7e_o.jpg	1301	1105
0	Religious Tract Society	The Lands of Scripture: comprising “Those Holy Fields”; “The Land of the Pharaohs” [both by S. M.]; “Pictures from Bible Lands” (edited by S. G. Green. The illustrations by E. Whymper, etc.)	MANNING, Samuel LL.D		London	002369128		1879	http://www.flickr.com/photos/britishlibrary/11273413984	1	000050	11273413984	http://farm4.staticflickr.com/3714/11273413984_d3c63ea640_m.jpg	186	240	http://farm4.staticflickr.com/3714/11273413984_d3c63ea640.jpg	387	500	http://farm4.staticflickr.com/3714/11273413984_d3c63ea640_b.jpg	792	1024	http://farm4.staticflickr.com/3714/11273413984_729c4fa4a5_o.jpg	927	1198
0	J. A. & R. A. Reid	The Past and the Present. Narragansett sea and shore. An illustrated guide to Providence, Newport, Narragansett Pier, Block Island, Watch Hill, Rocky Point, Silver Spring, and all the famous sea-side resorts of Rhode Island, with a map of Narragansett Bay	DENISON, Frederic.		Providence	000908069		1879	http://www.flickr.com/photos/britishlibrary/11273414994	1	000056	11273414994	http://farm6.staticflickr.com/5544/11273414994_c5077aea8c_m.jpg	240	140	http://farm6.staticflickr.com/5544/11273414994_c5077aea8c.jpg	500	292	http://farm6.staticflickr.com/5544/11273414994_c5077aea8c_b.jpg	1024	597	http://farm6.staticflickr.com/5544/11273414994_9a6892bb29_o.jpg	1891	1102
0	N. D. Thompson & Co.	A Pictorial History of Texas, from the earliest visits of European adventurers to A.D. 1879 ... Third edition, ... revised	THRALL, Homer S.		St. Louis, Mo	003632148		1879	http://www.flickr.com/photos/britishlibrary/11273348215	1	000541	11273348215	http://farm4.staticflickr.com/3726/11273348215_f4a2a3edd6_m.jpg	240	222	http://farm4.staticflickr.com/3726/11273348215_f4a2a3edd6.jpg	500	462	http://farm4.staticflickr.com/3726/11273348215_f4a2a3edd6_b.jpg	1024	947	http://farm4.staticflickr.com/3726/11273348215_15c8fe1fa8_o.jpg	1493	1381
0	H. Johnson	History of Stamford. [Illustrated.]	NEVINSON, Charles.		Stamford	002631380		1879	http://www.flickr.com/photos/britishlibrary/11273457083	1	000086	11273457083	http://farm4.staticflickr.com/3715/11273457083_3c89aa6ab7_m.jpg	176	240	http://farm4.staticflickr.com/3715/11273457083_3c89aa6ab7.jpg	366	500	http://farm4.staticflickr.com/3715/11273457083_3c89aa6ab7_b.jpg	750	1024	http://farm4.staticflickr.com/3715/11273457083_3aa58f2937_o.jpg	982	1341
01	L. H. Everts	History of the Connecticut Valley in Massachusetts (by N. B. Sylvester), with illustrations and biographical sketches of some of its prominent men and pioneers [by other authors]	SYLVESTER, Nathaniel Bartlett.		Philadelphia	003562080		1879	http://www.flickr.com/photos/britishlibrary/11273387566	1	000345	11273387566	http://farm8.staticflickr.com/7416/11273387566_4d37dc12e6_m.jpg	240	179	http://farm8.staticflickr.com/7416/11273387566_4d37dc12e6.jpg	500	374	http://farm8.staticflickr.com/7416/11273387566_4d37dc12e6_b.jpg	1024	765	http://farm8.staticflickr.com/7416/11273387566_77004e6e03_o.jpg	1701	1270
0	N. D. Thompson & Co.	A Pictorial History of Texas, from the earliest visits of European adventurers to A.D. 1879 ... Third edition, ... revised	THRALL, Homer S.		St. Louis, Mo	003632148		1879	http://www.flickr.com/photos/britishlibrary/11273455283	1	000871	11273455283	http://farm6.staticflickr.com/5513/11273455283_3c2ef012d2_m.jpg	201	240	http://farm6.staticflickr.com/5513/11273455283_3c2ef012d2.jpg	418	500	http://farm6.staticflickr.com/5513/11273455283_3c2ef012d2_b.jpg	856	1024	http://farm6.staticflickr.com/5513/11273455283_85c3bb7ec6_o.jpg	1098	1313
0	Macmillan and Co.	A Ride in Egypt from Sioot to Luxor, in 1879, with notes on the present state and ancient history of the Nile Valley, etc	LOFTIE, William John.	lsidyv3c7695a9	London	002212574	ark:/81055/vdc_00000005B32C	1879	http://www.flickr.com/photos/britishlibrary/11273346805	1	000110	11273346805	http://farm6.staticflickr.com/5505/11273346805_18246cc323_m.jpg	240	161	http://farm6.staticflickr.com/5505/11273346805_18246cc323.jpg	500	334	http://farm6.staticflickr.com/5505/11273346805_18246cc323_b.jpg	1024	685	http://farm6.staticflickr.com/5505/11273346805_cd7fde3dbb_o.jpg	1320	883
01	American News Company	Round the world with General Grant. A narrative of the visit of General U. S. Grant ... to various countries ... in 1877, 1878, 1879. To which are added certain conversations with General Grant on questions connected with American politics and history ... With ... illustrations	YOUNG, John Russell.		New York	004002305		1879	http://www.flickr.com/photos/britishlibrary/11273410494	1	000051	11273410494	http://farm8.staticflickr.com/7410/11273410494_cfb48145e0_m.jpg	161	240	http://farm8.staticflickr.com/7410/11273410494_cfb48145e0.jpg	336	500	http://farm8.staticflickr.com/7410/11273410494_cfb48145e0_b.jpg	689	1024	http://farm8.staticflickr.com/7410/11273410494_4d4852b696_o.jpg	1162	1727
0	Lewis, Peck & Co.	History of Steuben County, New York, with illustrations and biographical sketches of some of its prominent men and pioneers	CLAYTON, W. Woodford.		Philadelphia	000719876		1879	http://www.flickr.com/photos/britishlibrary/11273344295	1	000754	11273344295	http://farm3.staticflickr.com/2825/11273344295_75bc41c4dc_m.jpg	240	159	http://farm3.staticflickr.com/2825/11273344295_75bc41c4dc.jpg	500	331	http://farm3.staticflickr.com/2825/11273344295_75bc41c4dc_b.jpg	1024	677	http://farm3.staticflickr.com/2825/11273344295_69de5f4ca6_o.jpg	1518	1003
03		Paris à travers les siècles. Histoire nationale de Paris et des Parisiens depuis la fondation de Lutèce jusqu'à nos jours, etc	GOURDON DE GENOUILLAC, Nicolas Jules Henri.		Paris	001476975		1879	http://www.flickr.com/photos/britishlibrary/11273344625	1	000579	11273344625	http://farm6.staticflickr.com/5518/11273344625_480ee03221_m.jpg	240	118	http://farm6.staticflickr.com/5518/11273344625_480ee03221.jpg	500	246	http://farm6.staticflickr.com/5518/11273344625_480ee03221_b.jpg	1024	503	http://farm6.staticflickr.com/5518/11273344625_7f4b9c5dd4_o.jpg	1831	900
01	American News Company	Round the world with General Grant. A narrative of the visit of General U. S. Grant ... to various countries ... in 1877, 1878, 1879. To which are added certain conversations with General Grant on questions connected with American politics and history ... With ... illustrations	YOUNG, John Russell.		New York	004002305		1879	http://www.flickr.com/photos/britishlibrary/11273343555	1	000263	11273343555	http://farm8.staticflickr.com/7425/11273343555_e4a7decf0e_m.jpg	177	240	http://farm8.staticflickr.com/7425/11273343555_e4a7decf0e.jpg	369	500	http://farm8.staticflickr.com/7425/11273343555_e4a7decf0e_b.jpg	756	1024	http://farm8.staticflickr.com/7425/11273343555_84517d9711_o.jpg	1046	1417
02	Tinsley Brothers	Berlin under the New Empire, its institutions, inhabitants, industry ... With ... engravings, etc	VIZETELLY, Henry.		London	003807524		1879	http://www.flickr.com/photos/britishlibrary/11273452433	1	000282	11273452433	http://farm6.staticflickr.com/5510/11273452433_59b6039ff2_m.jpg	240	212	http://farm6.staticflickr.com/5510/11273452433_59b6039ff2.jpg	500	442	http://farm6.staticflickr.com/5510/11273452433_59b6039ff2_b.jpg	1024	906	http://farm6.staticflickr.com/5510/11273452433_539e725a21_o.jpg	1331	1178
0	Union Historical Co.	The History of Madison County ... Illustrated			Des Moines	002336728		1879	http://www.flickr.com/photos/britishlibrary/11273407814	1	000445	11273407814	http://farm6.staticflickr.com/5549/11273407814_a9d493ba0d_m.jpg	240	195	http://farm6.staticflickr.com/5549/11273407814_a9d493ba0d.jpg	500	407	http://farm6.staticflickr.com/5549/11273407814_a9d493ba0d_b.jpg	1024	834	http://farm6.staticflickr.com/5549/11273407814_0955074a56_o.jpg	1581	1287
0	Wesleyan Conference Office	Rambles in Bible Lands	NEWTON, Richard D.D., Rector of St. Paul's Church, Philadelphia	lsidyv3ca35e3a	London	002646495	ark:/81055/vdc_00000005C826	1879	http://www.flickr.com/photos/britishlibrary/11273451103	1	000228	11273451103	http://farm3.staticflickr.com/2841/11273451103_561c1a7814_m.jpg	240	223	http://farm3.staticflickr.com/2841/11273451103_561c1a7814.jpg	500	464	http://farm3.staticflickr.com/2841/11273451103_561c1a7814_b.jpg	1024	950	http://farm3.staticflickr.com/2841/11273451103_be0dfa3fbb_o.jpg	1447	1342
0	Everts & Abbott	History of Hillsdale County, Michigan, with illustrations and biographical sketches of some of its prominent men, etc	Johnson, Crisfield.		Philadelphia	001884500		1879	http://www.flickr.com/photos/britishlibrary/11273407204	2	000364	11273407204	http://farm8.staticflickr.com/7457/11273407204_900691f542_m.jpg	240	199	http://farm8.staticflickr.com/7457/11273407204_900691f542.jpg	500	414	http://farm8.staticflickr.com/7457/11273407204_900691f542_b.jpg	1024	847	http://farm8.staticflickr.com/7457/11273407204_9167d98351_o.jpg	1203	995
0	J. A. & R. A. Reid	The Past and the Present. Narragansett sea and shore. An illustrated guide to Providence, Newport, Narragansett Pier, Block Island, Watch Hill, Rocky Point, Silver Spring, and all the famous sea-side resorts of Rhode Island, with a map of Narragansett Bay	DENISON, Frederic.		Providence	000908069		1879	http://www.flickr.com/photos/britishlibrary/11273382236	1	000020	11273382236	http://farm8.staticflickr.com/7322/11273382236_f5656f485a_m.jpg	115	240	http://farm8.staticflickr.com/7322/11273382236_f5656f485a.jpg	240	500	http://farm8.staticflickr.com/7322/11273382236_f5656f485a_b.jpg	491	1024	http://farm8.staticflickr.com/7322/11273382236_b8e66a9492_o.jpg	821	1711
0	Religious Tract Society	English Pictures drawn with pen and pencil	MANNING, Samuel LL.D. and GREEN (Samuel Gosnell)	lsidyv3c492c1d	London	002369135	ark:/81055/vdc_000000059460	1879	http://www.flickr.com/photos/britishlibrary/11273449483	1	000027	11273449483	http://farm4.staticflickr.com/3711/11273449483_65e47016b8_m.jpg	175	240	http://farm4.staticflickr.com/3711/11273449483_65e47016b8.jpg	364	500	http://farm4.staticflickr.com/3711/11273449483_65e47016b8_b.jpg	745	1024	http://farm4.staticflickr.com/3711/11273449483_86ef4d01a5_o.jpg	938	1290
0	Lewis, Peck & Co.	History of Steuben County, New York, with illustrations and biographical sketches of some of its prominent men and pioneers	CLAYTON, W. Woodford.		Philadelphia	000719876		1879	http://www.flickr.com/photos/britishlibrary/11273381086	1	000595	11273381086	http://farm8.staticflickr.com/7375/11273381086_aa6920b525_m.jpg	240	187	http://farm8.staticflickr.com/7375/11273381086_aa6920b525.jpg	500	390	http://farm8.staticflickr.com/7375/11273381086_aa6920b525_b.jpg	1024	799	http://farm8.staticflickr.com/7375/11273381086_c092f814bd_o.jpg	1497	1168
0	Waterlow & Sons	Up the River from Westminster to Windsor and Oxford; a descriptive panorama of Thames Scenery			London	003606029		1879	http://www.flickr.com/photos/britishlibrary/11273339225	1	000073	11273339225	http://farm8.staticflickr.com/7426/11273339225_f392b63b08_m.jpg	134	240	http://farm8.staticflickr.com/7426/11273339225_f392b63b08.jpg	279	500	http://farm8.staticflickr.com/7426/11273339225_f392b63b08_b.jpg	571	1024	http://farm8.staticflickr.com/7426/11273339225_dc45842f62_o.jpg	791	1418
0	Everts & Ensign	History of Toga, Chemung, Tompkins, and Schuyler Counties, New York. With illustrations and biographical sketches of some of its prominent men and pioneers	PEIRCE, Henry B. and HURD (Duane Hamilton)		Philadelphia	002810116		1879	http://www.flickr.com/photos/britishlibrary/11273339215	1	000815	11273339215	http://farm6.staticflickr.com/5479/11273339215_04b8f813f9_m.jpg	240	190	http://farm6.staticflickr.com/5479/11273339215_04b8f813f9.jpg	500	396	http://farm6.staticflickr.com/5479/11273339215_04b8f813f9_b.jpg	1024	810	http://farm6.staticflickr.com/5479/11273339215_d56fcedc9f_o.jpg	1223	968
02	American News Company	Round the world with General Grant. A narrative of the visit of General U. S. Grant ... to various countries ... in 1877, 1878, 1879. To which are added certain conversations with General Grant on questions connected with American politics and history ... With ... illustrations	YOUNG, John Russell.		New York	004002305		1879	http://www.flickr.com/photos/britishlibrary/11273379266	1	000376	11273379266	http://farm8.staticflickr.com/7394/11273379266_b5455e4867_m.jpg	240	184	http://farm8.staticflickr.com/7394/11273379266_b5455e4867.jpg	500	384	http://farm8.staticflickr.com/7394/11273379266_b5455e4867_b.jpg	1024	786	http://farm8.staticflickr.com/7394/11273379266_c4cbc1ce0f_o.jpg	1655	1270
0		[Voyage aux pays annexés. Suite et fin du Voyage au pays des Milliards.]	TISSOT, Victor.		Paris	003643050		1879	http://www.flickr.com/photos/britishlibrary/11273378846	1	000426	11273378846	http://farm6.staticflickr.com/5547/11273378846_e6e3ca82bf_m.jpg	240	140	http://farm6.staticflickr.com/5547/11273378846_e6e3ca82bf.jpg	500	292	http://farm6.staticflickr.com/5547/11273378846_e6e3ca82bf_b.jpg	1024	597	http://farm6.staticflickr.com/5547/11273378846_a76dbf99bf_o.jpg	1763	1027
0	Harper & Bros.	What Mr. Darwin saw in his Voyage round The World in the Ship “Beagle.” [Compiled and adapted from “Journal of Researches into the Geology and Natural History of the Various Countries visited by H.M.S. Beagle, etc.”]	Darwin, Charles	lsidyv3c8ea4b0	New York	000868098	ark:/81055/vdc_00000005BB84	1879	http://www.flickr.com/photos/britishlibrary/11273378836	1	000135	11273378836	http://farm4.staticflickr.com/3749/11273378836_0c044794e6_m.jpg	202	240	http://farm4.staticflickr.com/3749/11273378836_0c044794e6.jpg	421	500	http://farm4.staticflickr.com/3749/11273378836_0c044794e6_b.jpg	863	1024	http://farm4.staticflickr.com/3749/11273378836_e6081bde87_o.jpg	1185	1406
0	N. D. Thompson & Co.	A Pictorial History of Texas, from the earliest visits of European adventurers to A.D. 1879 ... Third edition, ... revised	THRALL, Homer S.		St. Louis, Mo	003632148		1879	http://www.flickr.com/photos/britishlibrary/11273335965	1	000581	11273335965	http://farm6.staticflickr.com/5517/11273335965_7580aa1375_m.jpg	240	195	http://farm6.staticflickr.com/5517/11273335965_7580aa1375.jpg	500	406	http://farm6.staticflickr.com/5517/11273335965_7580aa1375_b.jpg	1024	831	http://farm6.staticflickr.com/5517/11273335965_cb6a70a567_o.jpg	1590	1291
0		Histoire de l'unité politique et territoriale de la France	PAQUIER, Jean Baptiste.		Paris	002764484		1879	http://www.flickr.com/photos/britishlibrary/11273401094	1	000371	11273401094	http://farm3.staticflickr.com/2836/11273401094_9cf79c16d6_m.jpg	212	240	http://farm3.staticflickr.com/2836/11273401094_9cf79c16d6.jpg	442	500	http://farm3.staticflickr.com/2836/11273401094_9cf79c16d6_b.jpg	905	1024	http://farm3.staticflickr.com/2836/11273401094_1ebf0ba05a_o.jpg	1181	1336
0		Les Vieilles Villes de Suisse. Notes et souvenirs. Ouvrage illustré de 105 dessins à la plume par A. Robida reproduits en fac-simile	ROBIDA, Albert.		Paris	003121715		1879	http://www.flickr.com/photos/britishlibrary/11273335525	1	000291	11273335525	http://farm3.staticflickr.com/2831/11273335525_1309ed1038_m.jpg	195	240	http://farm3.staticflickr.com/2831/11273335525_1309ed1038.jpg	407	500	http://farm3.staticflickr.com/2831/11273335525_1309ed1038_b.jpg	834	1024	http://farm3.staticflickr.com/2831/11273335525_44bcf5f7a4_o.jpg	1177	1446
0		Les Rues du vieux Paris. Galerie populaire et pittoresque ... Ouvrage illustré de 165 gravures sur bois	FOURNEL, Victor.		Paris	001279089		1879	http://www.flickr.com/photos/britishlibrary/11273442163	1	000427	11273442163	http://farm4.staticflickr.com/3692/11273442163_3529cffe04_m.jpg	240	167	http://farm4.staticflickr.com/3692/11273442163_3529cffe04.jpg	500	349	http://farm4.staticflickr.com/3692/11273442163_3529cffe04_b.jpg	1024	714	http://farm4.staticflickr.com/3692/11273442163_6e68ff7f67_o.jpg	1745	1217
0		[Viaje á la Patagonia austral emprendido bajo los auspicios del Gobierno Nacional 1876-1877. tom. 1.]	MORENO, Francisco Josué Pascasio.		Buenos Aires	002546655		1879	http://www.flickr.com/photos/britishlibrary/11273375526	1	000427	11273375526	http://farm4.staticflickr.com/3675/11273375526_239d1fda26_m.jpg	150	240	http://farm4.staticflickr.com/3675/11273375526_239d1fda26.jpg	312	500	http://farm4.staticflickr.com/3675/11273375526_239d1fda26_b.jpg	639	1024	http://farm4.staticflickr.com/3675/11273375526_5e68b6474e_o.jpg	971	1556
01	D. Appleton & Co.	[Appleton's European Guide Book illustrated. Including England, Scotland, and Ireland, France, Belgium, Holland, Northern and Southern Germany, Switzerland, Italy, Spain and Portugal, Russia, Denmark, Norway, and Sweden. Containing ... maps, etc.]	APPLETON, Daniel AND CO	lsidyv3cbe7355	New York; Longmans & Co	000100280	ark:/81055/vdc_00000005D9DE	1879	http://www.flickr.com/photos/britishlibrary/11273399884	3	000707	11273399884	http://farm3.staticflickr.com/2873/11273399884_42db1309e9_m.jpg	144	240	http://farm3.staticflickr.com/2873/11273399884_42db1309e9.jpg	299	500	http://farm3.staticflickr.com/2873/11273399884_42db1309e9_b.jpg	613	1024	http://farm3.staticflickr.com/2873/11273399884_accc290a35_o.jpg	785	1311
02	American News Company	Round the world with General Grant. A narrative of the visit of General U. S. Grant ... to various countries ... in 1877, 1878, 1879. To which are added certain conversations with General Grant on questions connected with American politics and history ... With ... illustrations	YOUNG, John Russell.		New York	004002305		1879	http://www.flickr.com/photos/britishlibrary/11273332445	1	000396	11273332445	http://farm8.staticflickr.com/7296/11273332445_b12174b19a_m.jpg	154	240	http://farm8.staticflickr.com/7296/11273332445_b12174b19a.jpg	321	500	http://farm8.staticflickr.com/7296/11273332445_b12174b19a_b.jpg	657	1024	http://farm8.staticflickr.com/7296/11273332445_3ff023c737_o.jpg	841	1310
01	Tinsley Brothers	Berlin under the New Empire, its institutions, inhabitants, industry ... With ... engravings, etc	VIZETELLY, Henry.		London	003807524		1879	http://www.flickr.com/photos/britishlibrary/11273373706	1	000364	11273373706	http://farm8.staticflickr.com/7345/11273373706_930842d577_m.jpg	239	240	http://farm8.staticflickr.com/7345/11273373706_930842d577.jpg	498	500	http://farm8.staticflickr.com/7345/11273373706_930842d577_b.jpg	1020	1024	http://farm8.staticflickr.com/7345/11273373706_2da22d6d8e_o.jpg	1032	1036
04		Geschiedenis van Amsterdam	GOUW, Jan ter.		Amsterdam	001477539		1879	http://www.flickr.com/photos/britishlibrary/11273373286	1	000197	11273373286	http://farm3.staticflickr.com/2811/11273373286_debd79f6b5_m.jpg	240	163	http://farm3.staticflickr.com/2811/11273373286_debd79f6b5.jpg	500	339	http://farm3.staticflickr.com/2811/11273373286_debd79f6b5_b.jpg	1024	694	http://farm3.staticflickr.com/2811/11273373286_63dc136a07_o.jpg	1676	1136
0		The Illustrated Guide to Sheffield and the surrounding district, etc	TAYLOR, John of Sheffield		Sheffield	003589731		1879	http://www.flickr.com/photos/britishlibrary/11273330915	1	000372	11273330915	http://farm6.staticflickr.com/5472/11273330915_25c9f3cb9e_m.jpg	210	240	http://farm6.staticflickr.com/5472/11273330915_25c9f3cb9e.jpg	438	500	http://farm6.staticflickr.com/5472/11273330915_25c9f3cb9e_b.jpg	897	1024	http://farm6.staticflickr.com/5472/11273330915_ee44024b58_o.jpg	1240	1415
01	L. H. Everts	History of the Connecticut Valley in Massachusetts (by N. B. Sylvester), with illustrations and biographical sketches of some of its prominent men and pioneers [by other authors]	SYLVESTER, Nathaniel Bartlett.		Philadelphia	003562080		1879	http://www.flickr.com/photos/britishlibrary/11273372406	1	000310	11273372406	http://farm8.staticflickr.com/7414/11273372406_88640a4446_m.jpg	240	170	http://farm8.staticflickr.com/7414/11273372406_88640a4446.jpg	500	354	http://farm8.staticflickr.com/7414/11273372406_88640a4446_b.jpg	1024	724	http://farm8.staticflickr.com/7414/11273372406_e9daeb17d3_o.jpg	1502	1062
02		Memorials of the Civil War between King Charles I. and the Parliament of England as it affected Herefordshire and the adjacent counties ... Edited and completed by ... T. W. Webb ... with an appendix of documents. [With illustrations.]	WEBB, John Rector of Tretyre, Herefordshire		London	003870802		1879	http://www.flickr.com/photos/britishlibrary/11273395924	1	000284	11273395924	http://farm4.staticflickr.com/3705/11273395924_db05ffc42f_m.jpg	200	240	http://farm4.staticflickr.com/3705/11273395924_db05ffc42f.jpg	417	500	http://farm4.staticflickr.com/3705/11273395924_db05ffc42f_b.jpg	855	1024	http://farm4.staticflickr.com/3705/11273395924_02b55fe9dc_o.jpg	1023	1225
0	Harper & Bros.	From Egypt to Palestine through Sinai, the Wilderness and the South Country. Observations of a journey made with special reference to the history of the Israelites ... With maps and illustrations	BARTLETT, Samuel Colcord.	lsidyv3c53baba	New York	000216339	ark:/81055/vdc_000000059CA0	1879	http://www.flickr.com/photos/britishlibrary/11273370316	1	000556	11273370316	http://farm8.staticflickr.com/7306/11273370316_e206e4543c_m.jpg	192	240	http://farm8.staticflickr.com/7306/11273370316_e206e4543c.jpg	400	500	http://farm8.staticflickr.com/7306/11273370316_e206e4543c_b.jpg	820	1024	http://farm8.staticflickr.com/7306/11273370316_9c48ee1bff_o.jpg	1115	1392
01	D. Appleton & Co.	[Appleton's European Guide Book illustrated. Including England, Scotland, and Ireland, France, Belgium, Holland, Northern and Southern Germany, Switzerland, Italy, Spain and Portugal, Russia, Denmark, Norway, and Sweden. Containing ... maps, etc.]	APPLETON, Daniel AND CO	lsidyv3cbe7355	New York; Longmans & Co	000100280	ark:/81055/vdc_00000005D9DE	1879	http://www.flickr.com/photos/britishlibrary/11273329055	1	000634	11273329055	http://farm4.staticflickr.com/3807/11273329055_551291eb3f_m.jpg	184	240	http://farm4.staticflickr.com/3807/11273329055_551291eb3f.jpg	383	500	http://farm4.staticflickr.com/3807/11273329055_551291eb3f_b.jpg	785	1024	http://farm4.staticflickr.com/3807/11273329055_0a2847e836_o.jpg	1001	1305
0		A Visit to the Court of Morocco ... With illustrations	LEARED, Arthur.	lsidyv3c4f9b99	London	002101542	ark:/81055/vdc_000000059A0C	1879	http://www.flickr.com/photos/britishlibrary/11273394184	1	000093	11273394184	http://farm3.staticflickr.com/2849/11273394184_63854919b9_m.jpg	209	240	http://farm3.staticflickr.com/2849/11273394184_63854919b9.jpg	435	500	http://farm3.staticflickr.com/2849/11273394184_63854919b9_b.jpg	891	1024	http://farm3.staticflickr.com/2849/11273394184_99d52e48e8_o.jpg	1223	1406
0		The Black Forest, its people and legends. [With maps and illustrations.]	SÉGUIN, afterwards STRAHAN, Lisbeth Gooch.	lsidyv3bbdd558	London, Edinburgh	003328570	ark:/81055/vdc_000000053B26	1879	http://www.flickr.com/photos/britishlibrary/11273436103	1	000410	11273436103	http://farm3.staticflickr.com/2848/11273436103_cec02d2e10_m.jpg	232	240	http://farm3.staticflickr.com/2848/11273436103_cec02d2e10.jpg	484	500	http://farm3.staticflickr.com/2848/11273436103_cec02d2e10_b.jpg	991	1024	http://farm3.staticflickr.com/2848/11273436103_bcd8707d3c_o.jpg	1152	1190
0		The Great Eastern Railway Company's Tourist-Guide to the Continent. ... With illustrations ... and a map	LINDLEY, Percy.	lsidyv3cad916f	London	002174468	ark:/81055/vdc_00000005CE44	1879	http://www.flickr.com/photos/britishlibrary/11273327445	1	000149	11273327445	http://farm6.staticflickr.com/5487/11273327445_a8fa318b04_m.jpg	206	240	http://farm6.staticflickr.com/5487/11273327445_a8fa318b04.jpg	430	500	http://farm6.staticflickr.com/5487/11273327445_a8fa318b04_b.jpg	881	1024	http://farm6.staticflickr.com/5487/11273327445_c492e1f7ab_o.jpg	1036	1204
01	William Mackenzie	The National Burns. Edited by Rev. George Gilfillan, including the airs of all the songs, and an original life of Burns by the editor. [With plates, including portraits.]	Burns, Robert		Glasgow	000543200		1879	http://www.flickr.com/photos/britishlibrary/11273327015	1	000400	11273327015	http://farm4.staticflickr.com/3711/11273327015_21448935e1_m.jpg	236	240	http://farm4.staticflickr.com/3711/11273327015_21448935e1.jpg	492	500	http://farm4.staticflickr.com/3711/11273327015_21448935e1_b.jpg	1007	1024	http://farm4.staticflickr.com/3711/11273327015_c746b911df_o.jpg	1452	1477
0		Les Vieilles Villes de Suisse. Notes et souvenirs. Ouvrage illustré de 105 dessins à la plume par A. Robida reproduits en fac-simile	ROBIDA, Albert.		Paris	003121715		1879	http://www.flickr.com/photos/britishlibrary/11273390494	1	000029	11273390494	http://farm8.staticflickr.com/7439/11273390494_c8e919a12a_m.jpg	175	240	http://farm8.staticflickr.com/7439/11273390494_c8e919a12a.jpg	365	500	http://farm8.staticflickr.com/7439/11273390494_c8e919a12a_b.jpg	748	1024	http://farm8.staticflickr.com/7439/11273390494_4a9fb04628_o.jpg	1171	1603
0	Cassell, Petter, Galpin & Co.	Morocco: its people and places ... Translated by C. Rollin-Tilton. With ... illustrations	AMICIS, Edmondo de.	lsidyv3c6b00d2	London	000070870	ark:/81055/vdc_00000005AC0C	1879	http://www.flickr.com/photos/britishlibrary/11273391214	1	000112	11273391214	http://farm8.staticflickr.com/7412/11273391214_c011779900_m.jpg	240	192	http://farm8.staticflickr.com/7412/11273391214_c011779900.jpg	500	399	http://farm8.staticflickr.com/7412/11273391214_c011779900_b.jpg	1024	818	http://farm8.staticflickr.com/7412/11273391214_c503a0d1ea_o.jpg	1567	1251
0	Lewis, Peck & Co.	History of Steuben County, New York, with illustrations and biographical sketches of some of its prominent men and pioneers	CLAYTON, W. Woodford.		Philadelphia	000719876		1879	http://www.flickr.com/photos/britishlibrary/11273433663	2	000520	11273433663	http://farm4.staticflickr.com/3717/11273433663_58a25d4b0c_m.jpg	230	240	http://farm4.staticflickr.com/3717/11273433663_58a25d4b0c.jpg	479	500	http://farm4.staticflickr.com/3717/11273433663_58a25d4b0c_b.jpg	980	1024	http://farm4.staticflickr.com/3717/11273433663_78beb614a2_o.jpg	1373	1435
01	William Mackenzie	The National Burns. Edited by Rev. George Gilfillan, including the airs of all the songs, and an original life of Burns by the editor. [With plates, including portraits.]	Burns, Robert		Glasgow	000543200		1879	http://www.flickr.com/photos/britishlibrary/11273322875	1	000276	11273322875	http://farm3.staticflickr.com/2837/11273322875_519eb8155a_m.jpg	240	191	http://farm3.staticflickr.com/2837/11273322875_519eb8155a.jpg	500	397	http://farm3.staticflickr.com/2837/11273322875_519eb8155a_b.jpg	1024	814	http://farm3.staticflickr.com/2837/11273322875_3cdd4f6615_o.jpg	1640	1303
01	Tinsley Brothers	Berlin under the New Empire, its institutions, inhabitants, industry ... With ... engravings, etc	VIZETELLY, Henry.		London	003807524		1879	http://www.flickr.com/photos/britishlibrary/11273323365	1	000108	11273323365	http://farm4.staticflickr.com/3728/11273323365_e2976ca96a_m.jpg	240	189	http://farm4.staticflickr.com/3728/11273323365_e2976ca96a.jpg	500	393	http://farm4.staticflickr.com/3728/11273323365_e2976ca96a_b.jpg	1024	805	http://farm4.staticflickr.com/3728/11273323365_270cc32eed_o.jpg	1291	1015
0		The History of France, from the earliest times to the outbreak of the Revolution. Abridged from ... R. Black's translation of ... Guizot's larger history. With chronological index, ... tables, portraits ... By G. Masson, etc	GUIZOT, François Pierre Guillaume.		London	001541681		1879	http://www.flickr.com/photos/britishlibrary/11273389164	1	000326	11273389164	http://farm6.staticflickr.com/5494/11273389164_81bfeb72d8_m.jpg	234	240	http://farm6.staticflickr.com/5494/11273389164_81bfeb72d8.jpg	487	500	http://farm6.staticflickr.com/5494/11273389164_81bfeb72d8_b.jpg	998	1024	http://farm6.staticflickr.com/5494/11273389164_22dcd1619f_o.jpg	1329	1364
0	C. R. Barns	Switzler's Illustrated History of Missouri, from 1541 to 1877, etc. [Edited by C. R. Barns. From the larger work edited by him, entitled: “The Commonwealth of Missouri.”]	BARNS, Chancy R.		Saint Louis	000206134		1879	http://www.flickr.com/photos/britishlibrary/11273363166	1	000625	11273363166	http://farm4.staticflickr.com/3672/11273363166_7a75e4e394_m.jpg	240	219	http://farm4.staticflickr.com/3672/11273363166_7a75e4e394.jpg	500	456	http://farm4.staticflickr.com/3672/11273363166_7a75e4e394_b.jpg	1024	933	http://farm4.staticflickr.com/3672/11273363166_ffb05c71f5_o.jpg	1430	1303
03		Old and New London, etc	Thornbury, Walter	lsidyv3c47ab1a	London	003628788	ark:/81055/vdc_000000059328	1879	http://www.flickr.com/photos/britishlibrary/11273385384	2	000356	11273385384	http://farm3.staticflickr.com/2857/11273385384_f7ffc0bf1b_m.jpg	123	240	http://farm3.staticflickr.com/2857/11273385384_f7ffc0bf1b.jpg	257	500	http://farm3.staticflickr.com/2857/11273385384_f7ffc0bf1b_b.jpg	526	1024	http://farm3.staticflickr.com/2857/11273385384_10f390edfd_o.jpg	850	1656
02	John Wiley & Sons	The Middle Kingdom; a survey of the geography, government, education, social life, arts, religion, &c. of the Chinese Empire and its inhabitants. With a new map of the Empire	WILLIAMS, Samuel Wells.		New York	003936389		1879	http://www.flickr.com/photos/britishlibrary/11273321465	1	000410	11273321465	http://farm8.staticflickr.com/7373/11273321465_75b5a7b873_m.jpg	179	240	http://farm8.staticflickr.com/7373/11273321465_75b5a7b873.jpg	373	500	http://farm8.staticflickr.com/7373/11273321465_75b5a7b873_b.jpg	764	1024	http://farm8.staticflickr.com/7373/11273321465_cc1b202d28_o.jpg	973	1304
0		The History of France, from the earliest times to the outbreak of the Revolution. Abridged from ... R. Black's translation of ... Guizot's larger history. With chronological index, ... tables, portraits ... By G. Masson, etc	GUIZOT, François Pierre Guillaume.		London	001541681		1879	http://www.flickr.com/photos/britishlibrary/11273361246	1	000542	11273361246	http://farm8.staticflickr.com/7343/11273361246_b966cd7217_m.jpg	240	233	http://farm8.staticflickr.com/7343/11273361246_b966cd7217.jpg	500	485	http://farm8.staticflickr.com/7343/11273361246_b966cd7217_b.jpg	1024	994	http://farm8.staticflickr.com/7343/11273361246_674de64e20_o.jpg	1393	1352
02	Tinsley Brothers	Berlin under the New Empire, its institutions, inhabitants, industry ... With ... engravings, etc	VIZETELLY, Henry.		London	003807524		1879	http://www.flickr.com/photos/britishlibrary/11273320215	1	000481	11273320215	http://farm6.staticflickr.com/5546/11273320215_2f225b9e0e_m.jpg	240	178	http://farm6.staticflickr.com/5546/11273320215_2f225b9e0e.jpg	500	371	http://farm6.staticflickr.com/5546/11273320215_2f225b9e0e_b.jpg	1024	760	http://farm6.staticflickr.com/5546/11273320215_e54fdc397d_o.jpg	1406	1043
02		Memorials of the Civil War between King Charles I. and the Parliament of England as it affected Herefordshire and the adjacent counties ... Edited and completed by ... T. W. Webb ... with an appendix of documents. [With illustrations.]	WEBB, John Rector of Tretyre, Herefordshire		London	003870802		1879	http://www.flickr.com/photos/britishlibrary/11273427373	1	000034	11273427373	http://farm6.staticflickr.com/5522/11273427373_18db92ffcc_m.jpg	202	240	http://farm6.staticflickr.com/5522/11273427373_18db92ffcc.jpg	421	500	http://farm6.staticflickr.com/5522/11273427373_18db92ffcc_b.jpg	863	1024	http://farm6.staticflickr.com/5522/11273427373_0cfc415430_o.jpg	1117	1325
0	Wesleyan Conference Office	Rambles in Bible Lands	NEWTON, Richard D.D., Rector of St. Paul's Church, Philadelphia	lsidyv3ca35e3a	London	002646495	ark:/81055/vdc_00000005C826	1879	http://www.flickr.com/photos/britishlibrary/11273427563	1	000283	11273427563	http://farm4.staticflickr.com/3670/11273427563_54674d741f_m.jpg	240	214	http://farm4.staticflickr.com/3670/11273427563_54674d741f.jpg	500	446	http://farm4.staticflickr.com/3670/11273427563_54674d741f_b.jpg	1024	913	http://farm4.staticflickr.com/3670/11273427563_a2dd49cbd5_o.jpg	1425	1270
0	Lewis, Peck & Co.	History of Steuben County, New York, with illustrations and biographical sketches of some of its prominent men and pioneers	CLAYTON, W. Woodford.		Philadelphia	000719876		1879	http://www.flickr.com/photos/britishlibrary/11273383804	1	000727	11273383804	http://farm6.staticflickr.com/5488/11273383804_ffe26853ed_m.jpg	240	160	http://farm6.staticflickr.com/5488/11273383804_ffe26853ed.jpg	500	333	http://farm6.staticflickr.com/5488/11273383804_ffe26853ed_b.jpg	1024	681	http://farm6.staticflickr.com/5488/11273383804_544d916643_o.jpg	1446	962
03		Paris à travers les siècles. Histoire nationale de Paris et des Parisiens depuis la fondation de Lutèce jusqu'à nos jours, etc	GOURDON DE GENOUILLAC, Nicolas Jules Henri.		Paris	001476975		1879	http://www.flickr.com/photos/britishlibrary/11273316905	1	000126	11273316905	http://farm8.staticflickr.com/7343/11273316905_318202ed05_m.jpg	240	149	http://farm8.staticflickr.com/7343/11273316905_318202ed05.jpg	500	311	http://farm8.staticflickr.com/7343/11273316905_318202ed05_b.jpg	1024	637	http://farm8.staticflickr.com/7343/11273316905_bcdf2e09f8_o.jpg	1740	1082
01		Sahărâ und Sûdân. Ergebnisse sechsjähriger Reisen in Afrika. (Thl. 3 herausgegeben von E. Groddeck.)	NACHTIGAL, Gustav.		Berlin	002599811		1879	http://www.flickr.com/photos/britishlibrary/11273317175	1	000157	11273317175	http://farm6.staticflickr.com/5471/11273317175_850a06d24e_m.jpg	240	212	http://farm6.staticflickr.com/5471/11273317175_850a06d24e.jpg	500	441	http://farm6.staticflickr.com/5471/11273317175_850a06d24e_b.jpg	1024	904	http://farm6.staticflickr.com/5471/11273317175_53ddce9e27_o.jpg	1312	1158
02	L. H. Everts	History of the Connecticut Valley in Massachusetts (by N. B. Sylvester), with illustrations and biographical sketches of some of its prominent men and pioneers [by other authors]	SYLVESTER, Nathaniel Bartlett.		Philadelphia	003562080		1879	http://www.flickr.com/photos/britishlibrary/11273381424	1	000542	11273381424	http://farm6.staticflickr.com/5536/11273381424_7aeba736ac_m.jpg	240	170	http://farm6.staticflickr.com/5536/11273381424_7aeba736ac.jpg	500	354	http://farm6.staticflickr.com/5536/11273381424_7aeba736ac_b.jpg	1024	724	http://farm6.staticflickr.com/5536/11273381424_1830531743_o.jpg	1692	1197
01	American News Company	Round the world with General Grant. A narrative of the visit of General U. S. Grant ... to various countries ... in 1877, 1878, 1879. To which are added certain conversations with General Grant on questions connected with American politics and history ... With ... illustrations	YOUNG, John Russell.		New York	004002305		1879	http://www.flickr.com/photos/britishlibrary/11273381194	1	000153	11273381194	http://farm3.staticflickr.com/2838/11273381194_f17bbd9447_m.jpg	153	240	http://farm3.staticflickr.com/2838/11273381194_f17bbd9447.jpg	318	500	http://farm3.staticflickr.com/2838/11273381194_f17bbd9447_b.jpg	651	1024	http://farm3.staticflickr.com/2838/11273381194_657da58fb1_o.jpg	1082	1702
02	Tinsley Brothers	Berlin under the New Empire, its institutions, inhabitants, industry ... With ... engravings, etc	VIZETELLY, Henry.		London	003807524		1879	http://www.flickr.com/photos/britishlibrary/11273315645	1	000476	11273315645	http://farm4.staticflickr.com/3814/11273315645_b6e5e9ab22_m.jpg	240	190	http://farm4.staticflickr.com/3814/11273315645_b6e5e9ab22.jpg	500	396	http://farm4.staticflickr.com/3814/11273315645_b6e5e9ab22_b.jpg	1024	811	http://farm4.staticflickr.com/3814/11273315645_5c09c224db_o.jpg	1172	928
04		Old and New London, etc	Thornbury, Walter	lsidyv3c47ab1a	London	003628788	ark:/81055/vdc_000000059328	1879	http://www.flickr.com/photos/britishlibrary/11273314185	1	000398	11273314185	http://farm3.staticflickr.com/2868/11273314185_172baf6920_m.jpg	240	147	http://farm3.staticflickr.com/2868/11273314185_172baf6920.jpg	500	307	http://farm3.staticflickr.com/2868/11273314185_172baf6920_b.jpg	1024	628	http://farm3.staticflickr.com/2868/11273314185_451bd1ef23_o.jpg	1488	912
0	F. W. Bird	History of the Town of Douglas, Massachusetts, from the earliest period to the close of 1878	EMERSON, William Andrew.		Boston [Mass.]	001065911		1879	http://www.flickr.com/photos/britishlibrary/11273314065	1	000293	11273314065	http://farm3.staticflickr.com/2823/11273314065_c070380361_m.jpg	202	240	http://farm3.staticflickr.com/2823/11273314065_c070380361.jpg	421	500	http://farm3.staticflickr.com/2823/11273314065_c070380361_b.jpg	862	1024	http://farm3.staticflickr.com/2823/11273314065_1233ce3c86_o.jpg	1226	1456
0	Religious Tract Society	English Pictures drawn with pen and pencil	MANNING, Samuel LL.D. and GREEN (Samuel Gosnell)	lsidyv3c492c1d	London	002369135	ark:/81055/vdc_000000059460	1879	http://www.flickr.com/photos/britishlibrary/11273379594	1	000144	11273379594	http://farm4.staticflickr.com/3674/11273379594_f45d60a5c9_m.jpg	219	240	http://farm4.staticflickr.com/3674/11273379594_f45d60a5c9.jpg	457	500	http://farm4.staticflickr.com/3674/11273379594_f45d60a5c9_b.jpg	936	1024	http://farm4.staticflickr.com/3674/11273379594_3e6271854c_o.jpg	1005	1100
01		The Australian abroad. Branches from the Main Routes round the World. [Reprinted from the Melbourne “Argus.” With illustrations.] 2 series	HINGSTON, James.	lsidyv3cbf9abe	London	001689101	ark:/81055/vdc_00000005DA7A	1879	http://www.flickr.com/photos/britishlibrary/11273312895	1	000204	11273312895	http://farm8.staticflickr.com/7385/11273312895_5960c7d372_m.jpg	158	240	http://farm8.staticflickr.com/7385/11273312895_5960c7d372.jpg	329	500	http://farm8.staticflickr.com/7385/11273312895_5960c7d372_b.jpg	673	1024	http://farm8.staticflickr.com/7385/11273312895_b7a7b95583_o.jpg	920	1400
01	American News Company	Round the world with General Grant. A narrative of the visit of General U. S. Grant ... to various countries ... in 1877, 1878, 1879. To which are added certain conversations with General Grant on questions connected with American politics and history ... With ... illustrations	YOUNG, John Russell.		New York	004002305		1879	http://www.flickr.com/photos/britishlibrary/11273353526	1	000324	11273353526	http://farm8.staticflickr.com/7434/11273353526_af5d707ef9_m.jpg	183	240	http://farm8.staticflickr.com/7434/11273353526_af5d707ef9.jpg	382	500	http://farm8.staticflickr.com/7434/11273353526_af5d707ef9_b.jpg	782	1024	http://farm8.staticflickr.com/7434/11273353526_cf8731e0b2_o.jpg	1136	1487
0	The Mission Press	The manners and customs of the Chinese of the Straits Settlements	VAUGHAN, Jonas Daniel.	lsidyv3c6920e3	Singapore	003763775	ark:/81055/vdc_00000005AABC	1879	http://www.flickr.com/photos/britishlibrary/11273420623	2	000099	11273420623	http://farm8.staticflickr.com/7328/11273420623_cb9028ae48_m.jpg	180	240	http://farm8.staticflickr.com/7328/11273420623_cb9028ae48.jpg	376	500	http://farm8.staticflickr.com/7328/11273420623_cb9028ae48_b.jpg	770	1024	http://farm8.staticflickr.com/7328/11273420623_2be39467e0_o.jpg	1095	1456
0	Everts & Ensign	History of Toga, Chemung, Tompkins, and Schuyler Counties, New York. With illustrations and biographical sketches of some of its prominent men and pioneers	PEIRCE, Henry B. and HURD (Duane Hamilton)		Philadelphia	002810116		1879	http://www.flickr.com/photos/britishlibrary/11273351776	2	000917	11273351776	http://farm6.staticflickr.com/5529/11273351776_76ec6010e6_m.jpg	240	165	http://farm6.staticflickr.com/5529/11273351776_76ec6010e6.jpg	500	344	http://farm6.staticflickr.com/5529/11273351776_76ec6010e6_b.jpg	1024	705	http://farm6.staticflickr.com/5529/11273351776_0e625b33a0_o.jpg	1455	1002
0	Western Historical Company	The history of Jefferson County ... Illustrated			Chicago	001859185		1879	http://www.flickr.com/photos/britishlibrary/11273351026	1	000059	11273351026	http://farm8.staticflickr.com/7338/11273351026_40d48d24a5_m.jpg	172	240	http://farm8.staticflickr.com/7338/11273351026_40d48d24a5.jpg	358	500	http://farm8.staticflickr.com/7338/11273351026_40d48d24a5_b.jpg	733	1024	http://farm8.staticflickr.com/7338/11273351026_92e4212084_o.jpg	1146	1602
01	Tinsley Brothers	Berlin under the New Empire, its institutions, inhabitants, industry ... With ... engravings, etc	VIZETELLY, Henry.		London	003807524		1879	http://www.flickr.com/photos/britishlibrary/11273375834	1	000344	11273375834	http://farm6.staticflickr.com/5513/11273375834_27eec4a6dc_m.jpg	167	240	http://farm6.staticflickr.com/5513/11273375834_27eec4a6dc.jpg	349	500	http://farm6.staticflickr.com/5513/11273375834_27eec4a6dc_b.jpg	714	1024	http://farm6.staticflickr.com/5513/11273375834_6d971ba3d0_o.jpg	991	1421
01	Tinsley Brothers	Berlin under the New Empire, its institutions, inhabitants, industry ... With ... engravings, etc	VIZETELLY, Henry.		London	003807524		1879	http://www.flickr.com/photos/britishlibrary/11273309895	1	000163	11273309895	http://farm3.staticflickr.com/2877/11273309895_e19fcd2305_m.jpg	157	240	http://farm3.staticflickr.com/2877/11273309895_e19fcd2305.jpg	326	500	http://farm3.staticflickr.com/2877/11273309895_e19fcd2305_b.jpg	668	1024	http://farm3.staticflickr.com/2877/11273309895_c24473fda4_o.jpg	866	1328
0		Очерки Русской Исторіи въ памятникахъ быта. pt. 1, 2	POLEVOI, Petr Nikolaevich.		С.-Петербургъ	002948284		1879	http://www.flickr.com/photos/britishlibrary/11273417893	1	000108	11273417893	http://farm4.staticflickr.com/3797/11273417893_ea88be372a_m.jpg	117	240	http://farm4.staticflickr.com/3797/11273417893_ea88be372a.jpg	244	500	http://farm4.staticflickr.com/3797/11273417893_ea88be372a_b.jpg	500	1024	http://farm4.staticflickr.com/3797/11273417893_10c43b789a_o.jpg	916	1876
0		Saint-Pierre de Rome. Ouvrage illustré, etc	LORBAC, Charles de.		Rome	002259706		1879	http://www.flickr.com/photos/britishlibrary/11273373084	1	000113	11273373084	http://farm6.staticflickr.com/5505/11273373084_543762cf1a_m.jpg	157	240	http://farm6.staticflickr.com/5505/11273373084_543762cf1a.jpg	328	500	http://farm6.staticflickr.com/5505/11273373084_543762cf1a_b.jpg	671	1024	http://farm6.staticflickr.com/5505/11273373084_3e3fda14c1_o.jpg	928	1417
01	Tinsley Brothers	Berlin under the New Empire, its institutions, inhabitants, industry ... With ... engravings, etc	VIZETELLY, Henry.		London	003807524		1879	http://www.flickr.com/photos/britishlibrary/11273416923	2	000452	11273416923	http://farm8.staticflickr.com/7425/11273416923_1e2ab373e8_m.jpg	240	206	http://farm8.staticflickr.com/7425/11273416923_1e2ab373e8.jpg	500	429	http://farm8.staticflickr.com/7425/11273416923_1e2ab373e8_b.jpg	1024	879	http://farm8.staticflickr.com/7425/11273416923_bd7e26c3c4_o.jpg	1136	975
01	L. H. Everts	History of the Connecticut Valley in Massachusetts (by N. B. Sylvester), with illustrations and biographical sketches of some of its prominent men and pioneers [by other authors]	SYLVESTER, Nathaniel Bartlett.		Philadelphia	003562080		1879	http://www.flickr.com/photos/britishlibrary/11273416273	1	000294	11273416273	http://farm4.staticflickr.com/3708/11273416273_223ec8f357_m.jpg	240	212	http://farm4.staticflickr.com/3708/11273416273_223ec8f357.jpg	500	442	http://farm4.staticflickr.com/3708/11273416273_223ec8f357_b.jpg	1024	905	http://farm4.staticflickr.com/3708/11273416273_6ceda5886e_o.jpg	1466	1296
0	John Murray	[The Student's Manual of Modern Geography. Mathematical, physical, and descriptive.]	BEVAN, William Latham.	lsidyv3ca2f2a9	London	000307737	ark:/81055/vdc_00000005C7F6	1879	http://www.flickr.com/photos/britishlibrary/11273415663	1	000524	11273415663	http://farm4.staticflickr.com/3703/11273415663_b88b4e2d1a_m.jpg	194	240	http://farm4.staticflickr.com/3703/11273415663_b88b4e2d1a.jpg	404	500	http://farm4.staticflickr.com/3703/11273415663_b88b4e2d1a_b.jpg	828	1024	http://farm4.staticflickr.com/3703/11273415663_f953ea436d_o.jpg	990	1225
0	Waterlow & Sons	Up the River from Westminster to Windsor and Oxford; a descriptive panorama of Thames Scenery			London	003606029		1879	http://www.flickr.com/photos/britishlibrary/11273371754	1	000041	11273371754	http://farm6.staticflickr.com/5524/11273371754_a974d75a99_m.jpg	105	240	http://farm6.staticflickr.com/5524/11273371754_a974d75a99.jpg	219	500	http://farm6.staticflickr.com/5524/11273371754_a974d75a99_b.jpg	448	1024	http://farm6.staticflickr.com/5524/11273371754_65db8a23c5_o.jpg	678	1548
0	Jarrold & Sons	John Snow's Wife; and other temperance stories. By the Rev. C. Courtenay ... and other writers	COURTENAY, Charles.		London	000801566		1879	http://www.flickr.com/photos/britishlibrary/11273369734	1	000154	11273369734	http://farm4.staticflickr.com/3738/11273369734_8a985d7d31_m.jpg	240	165	http://farm4.staticflickr.com/3738/11273369734_8a985d7d31.jpg	500	343	http://farm4.staticflickr.com/3738/11273369734_8a985d7d31_b.jpg	1024	703	http://farm4.staticflickr.com/3738/11273369734_1dbc8c9a36_o.jpg	1757	1207
02		A magyar nemzet története. I. kötet írta Bodon J. és Dr. Szalay J. (II.-IV.) kötet, írta Dr. Szalay J.) [With portraits.]	BODON, József and SZALAY (József)		Budapest	000389221		1879	http://www.flickr.com/photos/britishlibrary/11273305835	1	000427	11273305835	http://farm8.staticflickr.com/7361/11273305835_1383290358_m.jpg	240	191	http://farm8.staticflickr.com/7361/11273305835_1383290358.jpg	500	399	http://farm8.staticflickr.com/7361/11273305835_1383290358_b.jpg	1024	817	http://farm8.staticflickr.com/7361/11273305835_220a906d27_o.jpg	1500	1197
0	Everts & Abbott	History of Hillsdale County, Michigan, with illustrations and biographical sketches of some of its prominent men, etc	Johnson, Crisfield.		Philadelphia	001884500		1879	http://www.flickr.com/photos/britishlibrary/11273414373	2	000138	11273414373	http://farm6.staticflickr.com/5538/11273414373_0f0174811e_m.jpg	240	192	http://farm6.staticflickr.com/5538/11273414373_0f0174811e.jpg	500	399	http://farm6.staticflickr.com/5538/11273414373_0f0174811e_b.jpg	1024	818	http://farm6.staticflickr.com/5538/11273414373_fd70ef8b84_o.jpg	1190	951
0	Moses King	King's Handbook of Boston. Profusely illustrated. [With a map.]	KING, Moses.		Cambridge, Mass	001968594		1879	http://www.flickr.com/photos/britishlibrary/11273304565	1	000261	11273304565	http://farm4.staticflickr.com/3740/11273304565_388229d7bd_m.jpg	240	202	http://farm4.staticflickr.com/3740/11273304565_388229d7bd.jpg	500	421	http://farm4.staticflickr.com/3740/11273304565_388229d7bd_b.jpg	1024	862	http://farm4.staticflickr.com/3740/11273304565_7e8bf97615_o.jpg	1215	1023
0	W. Mullan & Son	A E I. Arabia, Egypt, India. A narrative of travel. With fifteen illustrations and two maps	Burton, Isabel Lady	lsidyv3c6913ea	London	000546853	ark:/81055/vdc_00000005AAB6	1879	http://www.flickr.com/photos/britishlibrary/11273412593	1	000300	11273412593	http://farm6.staticflickr.com/5478/11273412593_1b16fe231f_m.jpg	240	116	http://farm6.staticflickr.com/5478/11273412593_1b16fe231f.jpg	500	241	http://farm6.staticflickr.com/5478/11273412593_1b16fe231f_b.jpg	1024	494	http://farm6.staticflickr.com/5478/11273412593_ce5c815492_o.jpg	2070	998
0		The Wild Man at Home: or, pictures of life in savage lands ... With woodcuts ... and coloured illustrations	GREENWOOD, James Novelist	lsidyv2af6fa2f	London, Edinburgh	001503444	ark:/81055/vdc_0000000519A2	1879	http://www.flickr.com/photos/britishlibrary/11273303105	1	000109	11273303105	http://farm3.staticflickr.com/2868/11273303105_412973a91a_m.jpg	131	240	http://farm3.staticflickr.com/2868/11273303105_412973a91a.jpg	272	500	http://farm3.staticflickr.com/2868/11273303105_412973a91a_b.jpg	557	1024	http://farm3.staticflickr.com/2868/11273303105_f4289cbff5_o.jpg	752	1383
02	Tinsley Brothers	Berlin under the New Empire, its institutions, inhabitants, industry ... With ... engravings, etc	VIZETELLY, Henry.		London	003807524		1879	http://www.flickr.com/photos/britishlibrary/11273411303	2	000065	11273411303	http://farm3.staticflickr.com/2857/11273411303_5a2d5bc87d_m.jpg	240	180	http://farm3.staticflickr.com/2857/11273411303_5a2d5bc87d.jpg	500	375	http://farm3.staticflickr.com/2857/11273411303_5a2d5bc87d_b.jpg	1024	768	http://farm3.staticflickr.com/2857/11273411303_3906ac6568_o.jpg	1253	940
01	William Mackenzie	The National Burns. Edited by Rev. George Gilfillan, including the airs of all the songs, and an original life of Burns by the editor. [With plates, including portraits.]	Burns, Robert		Glasgow	000543200		1879	http://www.flickr.com/photos/britishlibrary/11273366894	1	000319	11273366894	http://farm3.staticflickr.com/2854/11273366894_0f01753993_m.jpg	204	240	http://farm3.staticflickr.com/2854/11273366894_0f01753993.jpg	424	500	http://farm3.staticflickr.com/2854/11273366894_0f01753993_b.jpg	869	1024	http://farm3.staticflickr.com/2854/11273366894_a2b4927ffd_o.jpg	1173	1382
0	Simpkin, Marshall & Co.	[Canterbury in the Olden Time, from the municipal archives and other sources. [With illustrations and plans.]]	BRENT, John F.S.A	lsidyv3c4b2696	London	000465042	ark:/81055/vdc_000000059610	1879	http://www.flickr.com/photos/britishlibrary/11273301905	1	000366	11273301905	http://farm3.staticflickr.com/2867/11273301905_c8b30225b0_m.jpg	240	193	http://farm3.staticflickr.com/2867/11273301905_c8b30225b0.jpg	500	403	http://farm3.staticflickr.com/2867/11273301905_c8b30225b0_b.jpg	1024	825	http://farm3.staticflickr.com/2867/11273301905_479f5544aa_o.jpg	1181	951
0		[Brazil and the Brazilians ... in historical and descriptive sketches ... Engravings.]	KIDDER, Daniel Parish and FLETCHER (James C.)		London	001961854		1879	http://www.flickr.com/photos/britishlibrary/11273341856	1	000388	11273341856	http://farm4.staticflickr.com/3833/11273341856_ff60d7faa3_m.jpg	138	240	http://farm4.staticflickr.com/3833/11273341856_ff60d7faa3.jpg	287	500	http://farm4.staticflickr.com/3833/11273341856_ff60d7faa3_b.jpg	587	1024	http://farm4.staticflickr.com/3833/11273341856_68fa6ced28_o.jpg	805	1404
0	Religious Tract Society	The Lands of Scripture: comprising “Those Holy Fields”; “The Land of the Pharaohs” [both by S. M.]; “Pictures from Bible Lands” (edited by S. G. Green. The illustrations by E. Whymper, etc.)	MANNING, Samuel LL.D		London	002369128		1879	http://www.flickr.com/photos/britishlibrary/11273301375	1	000384	11273301375	http://farm4.staticflickr.com/3728/11273301375_410e5b4e24_m.jpg	218	240	http://farm4.staticflickr.com/3728/11273301375_410e5b4e24.jpg	454	500	http://farm4.staticflickr.com/3728/11273301375_410e5b4e24_b.jpg	930	1024	http://farm4.staticflickr.com/3728/11273301375_19e88ffcd3_o.jpg	996	1097
01	American News Company	Round the world with General Grant. A narrative of the visit of General U. S. Grant ... to various countries ... in 1877, 1878, 1879. To which are added certain conversations with General Grant on questions connected with American politics and history ... With ... illustrations	YOUNG, John Russell.		New York	004002305		1879	http://www.flickr.com/photos/britishlibrary/11273363974	1	000601	11273363974	http://farm4.staticflickr.com/3773/11273363974_6df9375165_m.jpg	240	177	http://farm4.staticflickr.com/3773/11273363974_6df9375165.jpg	500	368	http://farm4.staticflickr.com/3773/11273363974_6df9375165_b.jpg	1024	754	http://farm4.staticflickr.com/3773/11273363974_42141e330b_o.jpg	1693	1246
0	John Murray	[The Student's Manual of Modern Geography. Mathematical, physical, and descriptive.]	BEVAN, William Latham.	lsidyv3ca2f2a9	London	000307737	ark:/81055/vdc_00000005C7F6	1879	http://www.flickr.com/photos/britishlibrary/11273407583	1	000226	11273407583	http://farm3.staticflickr.com/2833/11273407583_bab74a39b3_m.jpg	221	240	http://farm3.staticflickr.com/2833/11273407583_bab74a39b3.jpg	460	500	http://farm3.staticflickr.com/2833/11273407583_bab74a39b3_b.jpg	942	1024	http://farm3.staticflickr.com/2833/11273407583_9802906d9c_o.jpg	1127	1225
0		Songs and Lyrics for Little Lips. Set to music by W. H. Cummings and others. Illustrated, etc			London, [1879.]	003440815		1879	http://www.flickr.com/photos/britishlibrary/11273407883	1	000018	11273407883	http://farm8.staticflickr.com/7328/11273407883_1dd16f2335_m.jpg	112	240	http://farm8.staticflickr.com/7328/11273407883_1dd16f2335.jpg	233	500	http://farm8.staticflickr.com/7328/11273407883_1dd16f2335_b.jpg	477	1024	http://farm8.staticflickr.com/7328/11273407883_d52e6c4489_o.jpg	760	1630
0	Waterlow & Sons	Up the River from Westminster to Windsor and Oxford; a descriptive panorama of Thames Scenery			London	003606029		1879	http://www.flickr.com/photos/britishlibrary/11273298215	2	000095	11273298215	http://farm4.staticflickr.com/3780/11273298215_bc371eee90_m.jpg	152	240	http://farm4.staticflickr.com/3780/11273298215_bc371eee90.jpg	317	500	http://farm4.staticflickr.com/3780/11273298215_bc371eee90_b.jpg	650	1024	http://farm4.staticflickr.com/3780/11273298215_8bb6f76f11_o.jpg	916	1442
02	L. H. Everts	History of the Connecticut Valley in Massachusetts (by N. B. Sylvester), with illustrations and biographical sketches of some of its prominent men and pioneers [by other authors]	SYLVESTER, Nathaniel Bartlett.		Philadelphia	003562080		1879	http://www.flickr.com/photos/britishlibrary/11273362024	1	000596	11273362024	http://farm4.staticflickr.com/3730/11273362024_fc148044dc_m.jpg	240	215	http://farm4.staticflickr.com/3730/11273362024_fc148044dc.jpg	500	448	http://farm4.staticflickr.com/3730/11273362024_fc148044dc_b.jpg	1024	918	http://farm4.staticflickr.com/3730/11273362024_f97c664753_o.jpg	1406	1260
0		The Life of Charles Dickens ... With forty illustrations	FORSTER, John Barrister-at-Law, of the Inner Temple		Chapman & Hall, London	001272474		1879	http://www.flickr.com/photos/britishlibrary/11273405953	2	000344	11273405953	http://farm8.staticflickr.com/7429/11273405953_1a5beffac8_m.jpg	209	240	http://farm8.staticflickr.com/7429/11273405953_1a5beffac8.jpg	436	500	http://farm8.staticflickr.com/7429/11273405953_1a5beffac8_b.jpg	893	1024	http://farm8.staticflickr.com/7429/11273405953_4a41469710_o.jpg	1117	1281
02	American News Company	Round the world with General Grant. A narrative of the visit of General U. S. Grant ... to various countries ... in 1877, 1878, 1879. To which are added certain conversations with General Grant on questions connected with American politics and history ... With ... illustrations	YOUNG, John Russell.		New York	004002305		1879	http://www.flickr.com/photos/britishlibrary/11273296205	1	000083	11273296205	http://farm4.staticflickr.com/3721/11273296205_e745c63d1f_m.jpg	169	240	http://farm4.staticflickr.com/3721/11273296205_e745c63d1f.jpg	352	500	http://farm4.staticflickr.com/3721/11273296205_e745c63d1f_b.jpg	720	1024	http://farm4.staticflickr.com/3721/11273296205_3622bc68ab_o.jpg	1183	1682
0	[Ward, Lock & Co.	[Charles O'Malley, the Irish Dragoon. Edited by Harry Lorrequer. [By C. J. L.]]	LEVER, Charles James.		London,] Perth [printed	002150760		1879	http://www.flickr.com/photos/britishlibrary/11273360764	1	000181	11273360764	http://farm8.staticflickr.com/7417/11273360764_fd573f4008_m.jpg	159	240	http://farm8.staticflickr.com/7417/11273360764_fd573f4008.jpg	331	500	http://farm8.staticflickr.com/7417/11273360764_fd573f4008_b.jpg	678	1024	http://farm8.staticflickr.com/7417/11273360764_d9c26f530e_o.jpg	977	1476
0	Waterlow & Sons	Up the River from Westminster to Windsor and Oxford; a descriptive panorama of Thames Scenery			London	003606029		1879	http://www.flickr.com/photos/britishlibrary/11273404243	1	000063	11273404243	http://farm4.staticflickr.com/3733/11273404243_f79b046461_m.jpg	135	240	http://farm4.staticflickr.com/3733/11273404243_f79b046461.jpg	282	500	http://farm4.staticflickr.com/3733/11273404243_f79b046461_b.jpg	577	1024	http://farm4.staticflickr.com/3733/11273404243_875dd4f501_o.jpg	866	1538
0		A Yachtsman's Holidays; or, cruising in the West Highlands. By the “Governor.” [With illustrations.]			London	001477898		1879	http://www.flickr.com/photos/britishlibrary/11273335266	1	000038	11273335266	http://farm8.staticflickr.com/7425/11273335266_e5f07021ca_m.jpg	240	162	http://farm8.staticflickr.com/7425/11273335266_e5f07021ca.jpg	500	337	http://farm8.staticflickr.com/7425/11273335266_e5f07021ca_b.jpg	1024	691	http://farm8.staticflickr.com/7425/11273335266_ecf0089cd1_o.jpg	1413	953
01	American News Company	Round the world with General Grant. A narrative of the visit of General U. S. Grant ... to various countries ... in 1877, 1878, 1879. To which are added certain conversations with General Grant on questions connected with American politics and history ... With ... illustrations	YOUNG, John Russell.		New York	004002305		1879	http://www.flickr.com/photos/britishlibrary/11273357934	1	000441	11273357934	http://farm8.staticflickr.com/7444/11273357934_123cc1e860_m.jpg	167	240	http://farm8.staticflickr.com/7444/11273357934_123cc1e860.jpg	349	500	http://farm8.staticflickr.com/7444/11273357934_123cc1e860_b.jpg	714	1024	http://farm8.staticflickr.com/7444/11273357934_24a9f99508_o.jpg	1183	1697
01	Tinsley Brothers	Berlin under the New Empire, its institutions, inhabitants, industry ... With ... engravings, etc	VIZETELLY, Henry.		London	003807524		1879	http://www.flickr.com/photos/britishlibrary/11273402293	1	000450	11273402293	http://farm6.staticflickr.com/5538/11273402293_7818e6c254_m.jpg	240	194	http://farm6.staticflickr.com/5538/11273402293_7818e6c254.jpg	500	404	http://farm6.staticflickr.com/5538/11273402293_7818e6c254_b.jpg	1024	828	http://farm6.staticflickr.com/5538/11273402293_e5cba204d3_o.jpg	1306	1056
0	Everts & Abbott	History of Hillsdale County, Michigan, with illustrations and biographical sketches of some of its prominent men, etc	Johnson, Crisfield.		Philadelphia	001884500		1879	http://www.flickr.com/photos/britishlibrary/11273333926	1	000218	11273333926	http://farm3.staticflickr.com/2885/11273333926_05981094af_m.jpg	240	194	http://farm3.staticflickr.com/2885/11273333926_05981094af.jpg	500	404	http://farm3.staticflickr.com/2885/11273333926_05981094af_b.jpg	1024	827	http://farm3.staticflickr.com/2885/11273333926_0a3f4a9548_o.jpg	1258	1016
0	Harper & Bros.	From Egypt to Palestine through Sinai, the Wilderness and the South Country. Observations of a journey made with special reference to the history of the Israelites ... With maps and illustrations	BARTLETT, Samuel Colcord.	lsidyv3c53baba	New York	000216339	ark:/81055/vdc_000000059CA0	1879	http://www.flickr.com/photos/britishlibrary/11273400363	1	000462	11273400363	http://farm3.staticflickr.com/2867/11273400363_d0db3e0f00_m.jpg	240	102	http://farm3.staticflickr.com/2867/11273400363_d0db3e0f00.jpg	500	212	http://farm3.staticflickr.com/2867/11273400363_d0db3e0f00_b.jpg	1024	434	http://farm3.staticflickr.com/2867/11273400363_6c4c7de732_o.jpg	2072	878
01	William Mackenzie	The National Burns. Edited by Rev. George Gilfillan, including the airs of all the songs, and an original life of Burns by the editor. [With plates, including portraits.]	Burns, Robert		Glasgow	000543200		1879	http://www.flickr.com/photos/britishlibrary/11273292625	1	000354	11273292625	http://farm8.staticflickr.com/7291/11273292625_a763969025_m.jpg	240	153	http://farm8.staticflickr.com/7291/11273292625_a763969025.jpg	500	318	http://farm8.staticflickr.com/7291/11273292625_a763969025_b.jpg	1024	652	http://farm8.staticflickr.com/7291/11273292625_9057d7bede_o.jpg	1746	1112
0	Mark and Bailey	Northampton past and present, a Handy Guide Book to the town and neighbourhood			Northampton	002673317		1879	http://www.flickr.com/photos/britishlibrary/11273399543	1	000073	11273399543	http://farm4.staticflickr.com/3702/11273399543_bf4b7ae878_m.jpg	240	209	http://farm4.staticflickr.com/3702/11273399543_bf4b7ae878.jpg	500	435	http://farm4.staticflickr.com/3702/11273399543_bf4b7ae878_b.jpg	1024	891	http://farm4.staticflickr.com/3702/11273399543_d51e76e854_o.jpg	1107	963
0		Mœurs et caractères des peuples, Asie-Amérique-Océanie. Morceaux extraits de divers auteurs. [With illustrations.]	CORTAMBERT, Richard.		Paris	000791358		1879	http://www.flickr.com/photos/britishlibrary/11273355224	2	000116	11273355224	http://farm4.staticflickr.com/3786/11273355224_39b80b3709_m.jpg	126	240	http://farm4.staticflickr.com/3786/11273355224_39b80b3709.jpg	263	500	http://farm4.staticflickr.com/3786/11273355224_39b80b3709_b.jpg	539	1024	http://farm4.staticflickr.com/3786/11273355224_d6f4006891_o.jpg	767	1456
0	Cassell, Petter, Galpin & Co.	Morocco: its people and places ... Translated by C. Rollin-Tilton. With ... illustrations	AMICIS, Edmondo de.	lsidyv3c6b00d2	London	000070870	ark:/81055/vdc_00000005AC0C	1879	http://www.flickr.com/photos/britishlibrary/11273354914	1	000025	11273354914	http://farm4.staticflickr.com/3674/11273354914_c525e0612d_m.jpg	240	233	http://farm4.staticflickr.com/3674/11273354914_c525e0612d.jpg	500	486	http://farm4.staticflickr.com/3674/11273354914_c525e0612d_b.jpg	1024	996	http://farm4.staticflickr.com/3674/11273354914_be7ac9919f_o.jpg	1375	1338
02		A magyar nemzet története. I. kötet írta Bodon J. és Dr. Szalay J. (II.-IV.) kötet, írta Dr. Szalay J.) [With portraits.]	BODON, József and SZALAY (József)		Budapest	000389221		1879	http://www.flickr.com/photos/britishlibrary/11273330126	3	000045	11273330126	http://farm8.staticflickr.com/7436/11273330126_f423558798_m.jpg	88	240	http://farm8.staticflickr.com/7436/11273330126_f423558798.jpg	183	500	http://farm8.staticflickr.com/7436/11273330126_f423558798_b.jpg	375	1024	http://farm8.staticflickr.com/7436/11273330126_d56fe94a8e_o.jpg	701	1913
02	Tinsley Brothers	Berlin under the New Empire, its institutions, inhabitants, industry ... With ... engravings, etc	VIZETELLY, Henry.		London	003807524		1879	http://www.flickr.com/photos/britishlibrary/11273353544	1	000360	11273353544	http://farm4.staticflickr.com/3812/11273353544_5c06d83d94_m.jpg	237	240	http://farm4.staticflickr.com/3812/11273353544_5c06d83d94.jpg	495	500	http://farm4.staticflickr.com/3812/11273353544_5c06d83d94_b.jpg	1013	1024	http://farm4.staticflickr.com/3812/11273353544_307e317b4a_o.jpg	1041	1052
0	Waterlow & Sons	Up the River from Westminster to Windsor and Oxford; a descriptive panorama of Thames Scenery			London	003606029		1879	http://www.flickr.com/photos/britishlibrary/11273397063	1	000113	11273397063	http://farm8.staticflickr.com/7393/11273397063_e93a464ce6_m.jpg	181	240	http://farm8.staticflickr.com/7393/11273397063_e93a464ce6.jpg	377	500	http://farm8.staticflickr.com/7393/11273397063_e93a464ce6_b.jpg	773	1024	http://farm8.staticflickr.com/7393/11273397063_3fdede3fea_o.jpg	1168	1548
01	William Mackenzie	The National Burns. Edited by Rev. George Gilfillan, including the airs of all the songs, and an original life of Burns by the editor. [With plates, including portraits.]	Burns, Robert		Glasgow	000543200		1879	http://www.flickr.com/photos/britishlibrary/11273288535	1	000202	11273288535	http://farm6.staticflickr.com/5545/11273288535_2f2ac4f074_m.jpg	172	240	http://farm6.staticflickr.com/5545/11273288535_2f2ac4f074.jpg	358	500	http://farm6.staticflickr.com/5545/11273288535_2f2ac4f074_b.jpg	733	1024	http://farm6.staticflickr.com/5545/11273288535_78091fe81e_o.jpg	1131	1581
02	Tinsley Brothers	Berlin under the New Empire, its institutions, inhabitants, industry ... With ... engravings, etc	VIZETELLY, Henry.		London	003807524		1879	http://www.flickr.com/photos/britishlibrary/11273328606	1	000379	11273328606	http://farm3.staticflickr.com/2889/11273328606_45a22423fb_m.jpg	188	240	http://farm3.staticflickr.com/2889/11273328606_45a22423fb.jpg	391	500	http://farm3.staticflickr.com/2889/11273328606_45a22423fb_b.jpg	800	1024	http://farm3.staticflickr.com/2889/11273328606_c58973daf8_o.jpg	908	1162
02	American News Company	Round the world with General Grant. A narrative of the visit of General U. S. Grant ... to various countries ... in 1877, 1878, 1879. To which are added certain conversations with General Grant on questions connected with American politics and history ... With ... illustrations	YOUNG, John Russell.		New York	004002305		1879	http://www.flickr.com/photos/britishlibrary/11273395203	1	000282	11273395203	http://farm3.staticflickr.com/2816/11273395203_47de7a5944_m.jpg	240	169	http://farm3.staticflickr.com/2816/11273395203_47de7a5944.jpg	500	351	http://farm3.staticflickr.com/2816/11273395203_47de7a5944_b.jpg	1024	719	http://farm3.staticflickr.com/2816/11273395203_35a222e11f_o.jpg	1378	968
01		[Traditions of Lancashire ... Illustrated ... Fourth edition.]	ROBY, John.		London and Edinburgh	003126958		1879	http://www.flickr.com/photos/britishlibrary/11273326956	1	000495	11273326956	http://farm8.staticflickr.com/7290/11273326956_7c5f28e24e_m.jpg	202	240	http://farm8.staticflickr.com/7290/11273326956_7c5f28e24e.jpg	421	500	http://farm8.staticflickr.com/7290/11273326956_7c5f28e24e_b.jpg	863	1024	http://farm8.staticflickr.com/7290/11273326956_3ae4fa209e_o.jpg	988	1172
0		A Brief Description of the Hamlet of Heigham, Norwich ... Compiled ... by E. Delves. [With plates.]	DELVES, Edward.		Norwich	000903610		1879	http://www.flickr.com/photos/britishlibrary/11273351374	1	000007	11273351374	http://farm4.staticflickr.com/3698/11273351374_ca65fa1803_m.jpg	240	171	http://farm4.staticflickr.com/3698/11273351374_ca65fa1803.jpg	500	356	http://farm4.staticflickr.com/3698/11273351374_ca65fa1803_b.jpg	1024	730	http://farm4.staticflickr.com/3698/11273351374_98c3d08bce_o.jpg	1327	946
0	W. Le Baron, Jr., & Co.	The history of Edgar County, Illinois, containing a history of the County [by W. H. Perrin, H. H. Hill and A. A. Graham], Directory ... Illustrated	PERRIN, William Henry.		Chicago	001034891		1879	http://www.flickr.com/photos/britishlibrary/11273285185	1	000015	11273285185	http://farm8.staticflickr.com/7446/11273285185_dbd1da8449_m.jpg	239	240	http://farm8.staticflickr.com/7446/11273285185_dbd1da8449.jpg	497	500	http://farm8.staticflickr.com/7446/11273285185_dbd1da8449_b.jpg	1018	1024	http://farm8.staticflickr.com/7446/11273285185_7d2d234ac5_o.jpg	1195	1202
0		Les Rues du vieux Paris. Galerie populaire et pittoresque ... Ouvrage illustré de 165 gravures sur bois	FOURNEL, Victor.		Paris	001279089		1879	http://www.flickr.com/photos/britishlibrary/11273285585	1	000169	11273285585	http://farm4.staticflickr.com/3793/11273285585_09d541d09d_m.jpg	198	240	http://farm4.staticflickr.com/3793/11273285585_09d541d09d.jpg	413	500	http://farm4.staticflickr.com/3793/11273285585_09d541d09d_b.jpg	845	1024	http://farm4.staticflickr.com/3793/11273285585_7dca8ba3c2_o.jpg	1198	1452
0		Imperial India. An Artist's journals. Illustrated, etc	Prinsep, Val C. (Val Cameron)	lsidyv3c8b5c91	London	002992309	ark:/81055/vdc_00000005B95C	1879	http://www.flickr.com/photos/britishlibrary/11273324796	1	000127	11273324796	http://farm6.staticflickr.com/5549/11273324796_e9d7d29e40_m.jpg	240	220	http://farm6.staticflickr.com/5549/11273324796_e9d7d29e40.jpg	500	458	http://farm6.staticflickr.com/5549/11273324796_e9d7d29e40_b.jpg	1024	938	http://farm6.staticflickr.com/5549/11273324796_803cd008d2_o.jpg	1357	1243
0	Everts & Ensign	History of Toga, Chemung, Tompkins, and Schuyler Counties, New York. With illustrations and biographical sketches of some of its prominent men and pioneers	PEIRCE, Henry B. and HURD (Duane Hamilton)		Philadelphia	002810116		1879	http://www.flickr.com/photos/britishlibrary/11273324466	1	000175	11273324466	http://farm4.staticflickr.com/3812/11273324466_dcb1481f49_m.jpg	240	159	http://farm4.staticflickr.com/3812/11273324466_dcb1481f49.jpg	500	332	http://farm4.staticflickr.com/3812/11273324466_dcb1481f49_b.jpg	1024	680	http://farm4.staticflickr.com/3812/11273324466_8c5a78f719_o.jpg	1502	998
0		La Saint-Barthélemy et la critique moderne. [With plates.]	BORDIER, Henri Léonard.		Genève	000415740		1879	http://www.flickr.com/photos/britishlibrary/11273323816	3	000049	11273323816	http://farm6.staticflickr.com/5532/11273323816_1c15fc2d99_m.jpg	240	152	http://farm6.staticflickr.com/5532/11273323816_1c15fc2d99.jpg	500	317	http://farm6.staticflickr.com/5532/11273323816_1c15fc2d99_b.jpg	1024	650	http://farm6.staticflickr.com/5532/11273323816_4565b85906_o.jpg	1493	947
01		A magyar nemzet története. I. kötet írta Bodon J. és Dr. Szalay J. (II.-IV.) kötet, írta Dr. Szalay J.) [With portraits.]	BODON, József and SZALAY (József)		Budapest	000389221		1879	http://www.flickr.com/photos/britishlibrary/11273323396	1	000059	11273323396	http://farm3.staticflickr.com/2882/11273323396_3338d54a0c_m.jpg	240	221	http://farm3.staticflickr.com/2882/11273323396_3338d54a0c.jpg	500	459	http://farm3.staticflickr.com/2882/11273323396_3338d54a0c_b.jpg	1024	941	http://farm3.staticflickr.com/2882/11273323396_caa7cc4e15_o.jpg	1301	1196
0	Everts & Ensign	History of Toga, Chemung, Tompkins, and Schuyler Counties, New York. With illustrations and biographical sketches of some of its prominent men and pioneers	PEIRCE, Henry B. and HURD (Duane Hamilton)		Philadelphia	002810116		1879	http://www.flickr.com/photos/britishlibrary/11273391493	1	000579	11273391493	http://farm4.staticflickr.com/3701/11273391493_d3ba496674_m.jpg	240	157	http://farm4.staticflickr.com/3701/11273391493_d3ba496674.jpg	500	327	http://farm4.staticflickr.com/3701/11273391493_d3ba496674_b.jpg	1024	670	http://farm4.staticflickr.com/3701/11273391493_431d4c230a_o.jpg	1530	1001
0	John Murray	[The Student's Manual of Modern Geography. Mathematical, physical, and descriptive.]	BEVAN, William Latham.	lsidyv3ca2f2a9	London	000307737	ark:/81055/vdc_00000005C7F6	1879	http://www.flickr.com/photos/britishlibrary/11273281805	1	000587	11273281805	http://farm3.staticflickr.com/2827/11273281805_ac028349cd_m.jpg	197	240	http://farm3.staticflickr.com/2827/11273281805_ac028349cd.jpg	411	500	http://farm3.staticflickr.com/2827/11273281805_ac028349cd_b.jpg	841	1024	http://farm3.staticflickr.com/2827/11273281805_f8d8cca2e8_o.jpg	1006	1225
0		A Dreamer's sketch-book ... [In verse.] With illustrations	WALTERS, Sophia Lydia.		London, Edinburgh [printed]	003845078		1879	http://www.flickr.com/photos/britishlibrary/11273390453	1	000051	11273390453	http://farm3.staticflickr.com/2862/11273390453_e4fc119948_m.jpg	147	240	http://farm3.staticflickr.com/2862/11273390453_e4fc119948.jpg	307	500	http://farm3.staticflickr.com/2862/11273390453_e4fc119948_b.jpg	629	1024	http://farm3.staticflickr.com/2862/11273390453_10e60f7d08_o.jpg	833	1357
0	Moses King	King's Handbook of Boston. Profusely illustrated. [With a map.]	KING, Moses.		Cambridge, Mass	001968594		1879	http://www.flickr.com/photos/britishlibrary/11273321256	1	000320	11273321256	http://farm8.staticflickr.com/7414/11273321256_2e57a542b3_m.jpg	155	240	http://farm8.staticflickr.com/7414/11273321256_2e57a542b3.jpg	322	500	http://farm8.staticflickr.com/7414/11273321256_2e57a542b3_b.jpg	660	1024	http://farm8.staticflickr.com/7414/11273321256_39eb4cc22d_o.jpg	908	1408
0	Religious Tract Society	The Lands of Scripture: comprising “Those Holy Fields”; “The Land of the Pharaohs” [both by S. M.]; “Pictures from Bible Lands” (edited by S. G. Green. The illustrations by E. Whymper, etc.)	MANNING, Samuel LL.D		London	002369128		1879	http://www.flickr.com/photos/britishlibrary/11273320906	1	000220	11273320906	http://farm4.staticflickr.com/3806/11273320906_1422e7e6a2_m.jpg	158	240	http://farm4.staticflickr.com/3806/11273320906_1422e7e6a2.jpg	329	500	http://farm4.staticflickr.com/3806/11273320906_1422e7e6a2_b.jpg	674	1024	http://farm4.staticflickr.com/3806/11273320906_10a2fd8451_o.jpg	972	1476
01	D. Appleton & Co.	[Appleton's European Guide Book illustrated. Including England, Scotland, and Ireland, France, Belgium, Holland, Northern and Southern Germany, Switzerland, Italy, Spain and Portugal, Russia, Denmark, Norway, and Sweden. Containing ... maps, etc.]	APPLETON, Daniel AND CO	lsidyv3cbe7355	New York; Longmans & Co	000100280	ark:/81055/vdc_00000005D9DE	1879	http://www.flickr.com/photos/britishlibrary/11273320696	1	000497	11273320696	http://farm6.staticflickr.com/5518/11273320696_64df27c52e_m.jpg	240	131	http://farm6.staticflickr.com/5518/11273320696_64df27c52e.jpg	500	273	http://farm6.staticflickr.com/5518/11273320696_64df27c52e_b.jpg	1024	560	http://farm6.staticflickr.com/5518/11273320696_21cbff47e2_o.jpg	1448	792
01	L. H. Everts	History of the Connecticut Valley in Massachusetts (by N. B. Sylvester), with illustrations and biographical sketches of some of its prominent men and pioneers [by other authors]	SYLVESTER, Nathaniel Bartlett.		Philadelphia	003562080		1879	http://www.flickr.com/photos/britishlibrary/11273319836	1	000493	11273319836	http://farm6.staticflickr.com/5502/11273319836_0df253e6ff_m.jpg	240	203	http://farm6.staticflickr.com/5502/11273319836_0df253e6ff.jpg	500	424	http://farm6.staticflickr.com/5502/11273319836_0df253e6ff_b.jpg	1024	868	http://farm6.staticflickr.com/5502/11273319836_51e6ef6853_o.jpg	1210	1026
0	Jarrold & Sons	John Snow's Wife; and other temperance stories. By the Rev. C. Courtenay ... and other writers	COURTENAY, Charles.		London	000801566		1879	http://www.flickr.com/photos/britishlibrary/11273318466	1	000186	11273318466	http://farm6.staticflickr.com/5533/11273318466_d91ed486bc_m.jpg	240	162	http://farm6.staticflickr.com/5533/11273318466_d91ed486bc.jpg	500	338	http://farm6.staticflickr.com/5533/11273318466_d91ed486bc_b.jpg	1024	692	http://farm6.staticflickr.com/5533/11273318466_76f754d86a_o.jpg	1777	1201
0	Western Historical Co.	The History of Clinton County, Iowa ... Illustrated			Chicago	000726414		1879	http://www.flickr.com/photos/britishlibrary/11273344314	1	000077	11273344314	http://farm3.staticflickr.com/2874/11273344314_928b2511af_m.jpg	201	240	http://farm3.staticflickr.com/2874/11273344314_928b2511af.jpg	419	500	http://farm3.staticflickr.com/2874/11273344314_928b2511af_b.jpg	858	1024	http://farm3.staticflickr.com/2874/11273344314_66b6e4cfc1_o.jpg	1293	1544
0		Saint-Pierre de Rome. Ouvrage illustré, etc	LORBAC, Charles de.		Rome	002259706		1879	http://www.flickr.com/photos/britishlibrary/11273317836	1	000025	11273317836	http://farm8.staticflickr.com/7447/11273317836_4da1898a2e_m.jpg	240	209	http://farm8.staticflickr.com/7447/11273317836_4da1898a2e.jpg	500	436	http://farm8.staticflickr.com/7447/11273317836_4da1898a2e_b.jpg	1024	893	http://farm8.staticflickr.com/7447/11273317836_16c23c86a8_o.jpg	1185	1033
0	Religious Tract Society	The Lands of Scripture: comprising “Those Holy Fields”; “The Land of the Pharaohs” [both by S. M.]; “Pictures from Bible Lands” (edited by S. G. Green. The illustrations by E. Whymper, etc.)	MANNING, Samuel LL.D		London	002369128		1879	http://www.flickr.com/photos/britishlibrary/11273385873	1	000325	11273385873	http://farm6.staticflickr.com/5502/11273385873_1a0d1a6748_m.jpg	203	240	http://farm6.staticflickr.com/5502/11273385873_1a0d1a6748.jpg	422	500	http://farm6.staticflickr.com/5502/11273385873_1a0d1a6748_b.jpg	865	1024	http://farm6.staticflickr.com/5502/11273385873_c4132e1040_o.jpg	1090	1291
0	Moses King	King's Handbook of Boston. Profusely illustrated. [With a map.]	KING, Moses.		Cambridge, Mass	001968594		1879	http://www.flickr.com/photos/britishlibrary/11273316816	1	000213	11273316816	http://farm8.staticflickr.com/7366/11273316816_591f28c0d7_m.jpg	240	180	http://farm8.staticflickr.com/7366/11273316816_591f28c0d7.jpg	500	374	http://farm8.staticflickr.com/7366/11273316816_591f28c0d7_b.jpg	1024	766	http://farm8.staticflickr.com/7366/11273316816_896e1dd6d9_o.jpg	1391	1040
0		La Grecia moderna. Ricordi ... Con 31 incisioni	PENNAZZI, Luigi Count		Milano	002815965		1879	http://www.flickr.com/photos/britishlibrary/11273385543	1	000130	11273385543	http://farm6.staticflickr.com/5480/11273385543_7a74fe1058_m.jpg	240	122	http://farm6.staticflickr.com/5480/11273385543_7a74fe1058.jpg	500	255	http://farm6.staticflickr.com/5480/11273385543_7a74fe1058_b.jpg	1024	522	http://farm6.staticflickr.com/5480/11273385543_3c7542d4c2_o.jpg	1766	900
01	American News Company	Round the world with General Grant. A narrative of the visit of General U. S. Grant ... to various countries ... in 1877, 1878, 1879. To which are added certain conversations with General Grant on questions connected with American politics and history ... With ... illustrations	YOUNG, John Russell.		New York	004002305		1879	http://www.flickr.com/photos/britishlibrary/11273314386	1	000530	11273314386	http://farm3.staticflickr.com/2834/11273314386_21400b68aa_m.jpg	240	190	http://farm3.staticflickr.com/2834/11273314386_21400b68aa.jpg	500	396	http://farm3.staticflickr.com/2834/11273314386_21400b68aa_b.jpg	1024	810	http://farm3.staticflickr.com/2834/11273314386_e6543c6a50_o.jpg	1337	1058
0	John Murray	[The Student's Manual of Modern Geography. Mathematical, physical, and descriptive.]	BEVAN, William Latham.	lsidyv3ca2f2a9	London	000307737	ark:/81055/vdc_00000005C7F6	1879	http://www.flickr.com/photos/britishlibrary/11273315116	1	000204	11273315116	http://farm8.staticflickr.com/7332/11273315116_4405a2a6f1_m.jpg	175	240	http://farm8.staticflickr.com/7332/11273315116_4405a2a6f1.jpg	364	500	http://farm8.staticflickr.com/7332/11273315116_4405a2a6f1_b.jpg	745	1024	http://farm8.staticflickr.com/7332/11273315116_478608281f_o.jpg	891	1225
01	William Mackenzie	The National Burns. Edited by Rev. George Gilfillan, including the airs of all the songs, and an original life of Burns by the editor. [With plates, including portraits.]	Burns, Robert		Glasgow	000543200		1879	http://www.flickr.com/photos/britishlibrary/11273314796	1	000357	11273314796	http://farm6.staticflickr.com/5516/11273314796_8919a61319_m.jpg	215	240	http://farm6.staticflickr.com/5516/11273314796_8919a61319.jpg	448	500	http://farm6.staticflickr.com/5516/11273314796_8919a61319_b.jpg	917	1024	http://farm6.staticflickr.com/5516/11273314796_5548eabaf8_o.jpg	1161	1296
0	Blackie & Son	A Thousand Miles' Cruise in the Silver Cloud: from Dundee to France and back in a small boat ... Second edition	FORWELL, William.	lsidyv3c9cb959	Glasgow	001274687	ark:/81055/vdc_00000005C4CC	1879	http://www.flickr.com/photos/britishlibrary/11273274005	1	000199	11273274005	http://farm8.staticflickr.com/7387/11273274005_3d078b5d2c_m.jpg	194	240	http://farm8.staticflickr.com/7387/11273274005_3d078b5d2c.jpg	405	500	http://farm8.staticflickr.com/7387/11273274005_3d078b5d2c_b.jpg	829	1024	http://farm8.staticflickr.com/7387/11273274005_af17b0f28e_o.jpg	951	1174
0	Western Historical Company	The history of Henry County, Iowa. ... Illustrated			Chicago	001653329		1879	http://www.flickr.com/photos/britishlibrary/11273313006	2	000092	11273313006	http://farm4.staticflickr.com/3810/11273313006_0c9995aca3_m.jpg	157	240	http://farm4.staticflickr.com/3810/11273313006_0c9995aca3.jpg	326	500	http://farm4.staticflickr.com/3810/11273313006_0c9995aca3_b.jpg	668	1024	http://farm4.staticflickr.com/3810/11273313006_ee568bed47_o.jpg	1025	1572
0		My desire, etc. [A novel.]	WARNER, Susan Bogert.		enk	003854100		1879	http://www.flickr.com/photos/britishlibrary/11273312436	1	000137	11273312436	http://farm8.staticflickr.com/7322/11273312436_5ae1e7fdea_m.jpg	240	152	http://farm8.staticflickr.com/7322/11273312436_5ae1e7fdea.jpg	500	316	http://farm8.staticflickr.com/7322/11273312436_5ae1e7fdea_b.jpg	1024	648	http://farm8.staticflickr.com/7322/11273312436_e71146b6f5_o.jpg	1821	1153
0		Saint-Pierre de Rome. Ouvrage illustré, etc	LORBAC, Charles de.		Rome	002259706		1879	http://www.flickr.com/photos/britishlibrary/11273381713	1	000121	11273381713	http://farm3.staticflickr.com/2834/11273381713_2a52a1628e_m.jpg	151	240	http://farm3.staticflickr.com/2834/11273381713_2a52a1628e.jpg	314	500	http://farm3.staticflickr.com/2834/11273381713_2a52a1628e_b.jpg	644	1024	http://farm3.staticflickr.com/2834/11273381713_a7826f0537_o.jpg	923	1467
01	American News Company	Round the world with General Grant. A narrative of the visit of General U. S. Grant ... to various countries ... in 1877, 1878, 1879. To which are added certain conversations with General Grant on questions connected with American politics and history ... With ... illustrations	YOUNG, John Russell.		New York	004002305		1879	http://www.flickr.com/photos/britishlibrary/11273272205	1	000366	11273272205	http://farm4.staticflickr.com/3804/11273272205_8d3eafdee7_m.jpg	144	240	http://farm4.staticflickr.com/3804/11273272205_8d3eafdee7.jpg	300	500	http://farm4.staticflickr.com/3804/11273272205_8d3eafdee7_b.jpg	614	1024	http://farm4.staticflickr.com/3804/11273272205_0af1ab9905_o.jpg	932	1555
0	Waterlow & Sons	Up the River from Westminster to Windsor and Oxford; a descriptive panorama of Thames Scenery			London	003606029		1879	http://www.flickr.com/photos/britishlibrary/11273380303	1	000131	11273380303	http://farm8.staticflickr.com/7419/11273380303_6e8a27dd5d_m.jpg	159	240	http://farm8.staticflickr.com/7419/11273380303_6e8a27dd5d.jpg	332	500	http://farm8.staticflickr.com/7419/11273380303_6e8a27dd5d_b.jpg	680	1024	http://farm8.staticflickr.com/7419/11273380303_fb9cf1cdda_o.jpg	857	1291
05		Old and New London, etc	Thornbury, Walter	lsidyv3c47ab1a	London	003628788	ark:/81055/vdc_000000059328	1879	http://www.flickr.com/photos/britishlibrary/11273379633	1	000160	11273379633	http://farm4.staticflickr.com/3747/11273379633_7a734d3f0f_m.jpg	240	229	http://farm4.staticflickr.com/3747/11273379633_7a734d3f0f.jpg	500	478	http://farm4.staticflickr.com/3747/11273379633_7a734d3f0f_b.jpg	1024	978	http://farm4.staticflickr.com/3747/11273379633_0779f9dac7_o.jpg	1048	1001
0	O. L. Baskin Co.	The history of Menard and Mason Counties, Illinois, containing a history of the counties [by R. D. Miller and J. M. Ruggles], ... statistics, &c. Illustrated			Chicago	002456488		1879	http://www.flickr.com/photos/britishlibrary/11273310206	1	000054	11273310206	http://farm3.staticflickr.com/2833/11273310206_973409890d_m.jpg	173	240	http://farm3.staticflickr.com/2833/11273310206_973409890d.jpg	360	500	http://farm3.staticflickr.com/2833/11273310206_973409890d_b.jpg	737	1024	http://farm3.staticflickr.com/2833/11273310206_9ece2ae697_o.jpg	1136	1579
0		The Wild Man at Home: or, pictures of life in savage lands ... With woodcuts ... and coloured illustrations	GREENWOOD, James Novelist	lsidyv2af6fa2f	London, Edinburgh	001503444	ark:/81055/vdc_0000000519A2	1879	http://www.flickr.com/photos/britishlibrary/11273309526	1	000059	11273309526	http://farm8.staticflickr.com/7306/11273309526_b30627314f_m.jpg	208	240	http://farm8.staticflickr.com/7306/11273309526_b30627314f.jpg	433	500	http://farm8.staticflickr.com/7306/11273309526_b30627314f_b.jpg	887	1024	http://farm8.staticflickr.com/7306/11273309526_6bffbf879b_o.jpg	1135	1311
0	Wesleyan Conference Office	Rambles in Bible Lands	NEWTON, Richard D.D., Rector of St. Paul's Church, Philadelphia	lsidyv3ca35e3a	London	002646495	ark:/81055/vdc_00000005C826	1879	http://www.flickr.com/photos/britishlibrary/11273270085	1	000260	11273270085	http://farm4.staticflickr.com/3810/11273270085_ac7eb5c64e_m.jpg	240	201	http://farm4.staticflickr.com/3810/11273270085_ac7eb5c64e.jpg	500	418	http://farm4.staticflickr.com/3810/11273270085_ac7eb5c64e_b.jpg	1024	857	http://farm4.staticflickr.com/3810/11273270085_d6558e98da_o.jpg	1526	1277
0		The Black Forest, its people and legends. [With maps and illustrations.]	SÉGUIN, afterwards STRAHAN, Lisbeth Gooch.	lsidyv3bbdd558	London, Edinburgh	003328570	ark:/81055/vdc_000000053B26	1879	http://www.flickr.com/photos/britishlibrary/11273333914	1	000131	11273333914	http://farm8.staticflickr.com/7388/11273333914_fee45e4318_m.jpg	240	207	http://farm8.staticflickr.com/7388/11273333914_fee45e4318.jpg	500	431	http://farm8.staticflickr.com/7388/11273333914_fee45e4318_b.jpg	1024	883	http://farm8.staticflickr.com/7388/11273333914_e09eb93b89_o.jpg	1457	1257
0	Lewis, Peck & Co.	History of Steuben County, New York, with illustrations and biographical sketches of some of its prominent men and pioneers	CLAYTON, W. Woodford.		Philadelphia	000719876		1879	http://www.flickr.com/photos/britishlibrary/11273308046	1	000535	11273308046	http://farm4.staticflickr.com/3744/11273308046_83bf1850c8_m.jpg	240	180	http://farm4.staticflickr.com/3744/11273308046_83bf1850c8.jpg	500	375	http://farm4.staticflickr.com/3744/11273308046_83bf1850c8_b.jpg	1024	767	http://farm4.staticflickr.com/3744/11273308046_98ae9179ba_o.jpg	1632	1223
0		Les États-Unis d'Amérique. Impressions de Voyage, abrégées [from “White Conquest”] par H. Vattemare. [With illustrations.]	DIXON, William Hepworth F.S.A		Paris	000953753		1879	http://www.flickr.com/photos/britishlibrary/11273307806	1	000185	11273307806	http://farm6.staticflickr.com/5479/11273307806_309ce6b0f1_m.jpg	240	164	http://farm6.staticflickr.com/5479/11273307806_309ce6b0f1.jpg	500	341	http://farm6.staticflickr.com/5479/11273307806_309ce6b0f1_b.jpg	1024	698	http://farm6.staticflickr.com/5479/11273307806_0bbaa8450c_o.jpg	1750	1193
0	Religious Tract Society	English Pictures drawn with pen and pencil	MANNING, Samuel LL.D. and GREEN (Samuel Gosnell)	lsidyv3c492c1d	London	002369135	ark:/81055/vdc_000000059460	1879	http://www.flickr.com/photos/britishlibrary/11273375303	1	000021	11273375303	http://farm4.staticflickr.com/3796/11273375303_a10b1d7549_m.jpg	240	149	http://farm4.staticflickr.com/3796/11273375303_a10b1d7549.jpg	500	311	http://farm4.staticflickr.com/3796/11273375303_a10b1d7549_b.jpg	1024	636	http://farm4.staticflickr.com/3796/11273375303_4e9ffc8b60_o.jpg	1760	1093
02	American News Company	Round the world with General Grant. A narrative of the visit of General U. S. Grant ... to various countries ... in 1877, 1878, 1879. To which are added certain conversations with General Grant on questions connected with American politics and history ... With ... illustrations	YOUNG, John Russell.		New York	004002305		1879	http://www.flickr.com/photos/britishlibrary/11273332464	1	000298	11273332464	http://farm3.staticflickr.com/2866/11273332464_3f8168dbfd_m.jpg	170	240	http://farm3.staticflickr.com/2866/11273332464_3f8168dbfd.jpg	354	500	http://farm3.staticflickr.com/2866/11273332464_3f8168dbfd_b.jpg	725	1024	http://farm3.staticflickr.com/2866/11273332464_4870841b1d_o.jpg	911	1286
0		Les Vieilles Villes de Suisse. Notes et souvenirs. Ouvrage illustré de 105 dessins à la plume par A. Robida reproduits en fac-simile	ROBIDA, Albert.		Paris	003121715		1879	http://www.flickr.com/photos/britishlibrary/11273267135	1	000249	11273267135	http://farm4.staticflickr.com/3706/11273267135_fbe217051d_m.jpg	150	240	http://farm4.staticflickr.com/3706/11273267135_fbe217051d.jpg	313	500	http://farm4.staticflickr.com/3706/11273267135_fbe217051d_b.jpg	642	1024	http://farm4.staticflickr.com/3706/11273267135_8336f59661_o.jpg	1012	1615
0	Moses King	King's Handbook of Boston. Profusely illustrated. [With a map.]	KING, Moses.		Cambridge, Mass	001968594		1879	http://www.flickr.com/photos/britishlibrary/11273330834	1	000236	11273330834	http://farm4.staticflickr.com/3749/11273330834_70851fc7cd_m.jpg	148	240	http://farm4.staticflickr.com/3749/11273330834_70851fc7cd.jpg	308	500	http://farm4.staticflickr.com/3749/11273330834_70851fc7cd_b.jpg	631	1024	http://farm4.staticflickr.com/3749/11273330834_846494bcc9_o.jpg	867	1408
0	Wesleyan Conference Office	Rambles in Bible Lands	NEWTON, Richard D.D., Rector of St. Paul's Church, Philadelphia	lsidyv3ca35e3a	London	002646495	ark:/81055/vdc_00000005C826	1879	http://www.flickr.com/photos/britishlibrary/11273265545	1	000250	11273265545	http://farm4.staticflickr.com/3708/11273265545_e0d6e3589a_m.jpg	177	240	http://farm4.staticflickr.com/3708/11273265545_e0d6e3589a.jpg	369	500	http://farm4.staticflickr.com/3708/11273265545_e0d6e3589a_b.jpg	756	1024	http://farm4.staticflickr.com/3708/11273265545_e627991526_o.jpg	1015	1375
0	N. D. Thompson & Co.	A Pictorial History of Texas, from the earliest visits of European adventurers to A.D. 1879 ... Third edition, ... revised	THRALL, Homer S.		St. Louis, Mo	003632148		1879	http://www.flickr.com/photos/britishlibrary/11273330414	1	000711	11273330414	http://farm8.staticflickr.com/7429/11273330414_1b6ed0139f_m.jpg	240	224	http://farm8.staticflickr.com/7429/11273330414_1b6ed0139f.jpg	500	466	http://farm8.staticflickr.com/7429/11273330414_1b6ed0139f_b.jpg	1024	954	http://farm8.staticflickr.com/7429/11273330414_01d2bf220d_o.jpg	1270	1183
02	American News Company	Round the world with General Grant. A narrative of the visit of General U. S. Grant ... to various countries ... in 1877, 1878, 1879. To which are added certain conversations with General Grant on questions connected with American politics and history ... With ... illustrations	YOUNG, John Russell.		New York	004002305		1879	http://www.flickr.com/photos/britishlibrary/11273264005	1	000631	11273264005	http://farm3.staticflickr.com/2825/11273264005_0f286ac730_m.jpg	240	180	http://farm3.staticflickr.com/2825/11273264005_0f286ac730.jpg	500	374	http://farm3.staticflickr.com/2825/11273264005_0f286ac730_b.jpg	1024	766	http://farm3.staticflickr.com/2825/11273264005_e9e66c1eb3_o.jpg	1578	1180
0	Religious Tract Society	English Pictures drawn with pen and pencil	MANNING, Samuel LL.D. and GREEN (Samuel Gosnell)	lsidyv3c492c1d	London	002369135	ark:/81055/vdc_000000059460	1879	http://www.flickr.com/photos/britishlibrary/11273262585	1	000201	11273262585	http://farm6.staticflickr.com/5494/11273262585_11295687e2_m.jpg	240	192	http://farm6.staticflickr.com/5494/11273262585_11295687e2.jpg	500	400	http://farm6.staticflickr.com/5494/11273262585_11295687e2_b.jpg	1024	820	http://farm6.staticflickr.com/5494/11273262585_c3e2cd9608_o.jpg	1642	1315
0	E. Marlborough & Co.	Popular Guide up the Thames, to Kew, Richmond, Twickenham and Hampton Court			London	003605985		1879	http://www.flickr.com/photos/britishlibrary/11273302896	1	000020	11273302896	http://farm4.staticflickr.com/3812/11273302896_205692185a_m.jpg	197	240	http://farm4.staticflickr.com/3812/11273302896_205692185a.jpg	411	500	http://farm4.staticflickr.com/3812/11273302896_205692185a_b.jpg	841	1024	http://farm4.staticflickr.com/3812/11273302896_d88d691a16_o.jpg	1068	1300
02	Tinsley Brothers	Berlin under the New Empire, its institutions, inhabitants, industry ... With ... engravings, etc	VIZETELLY, Henry.		London	003807524		1879	http://www.flickr.com/photos/britishlibrary/11273326324	1	000036	11273326324	http://farm3.staticflickr.com/2818/11273326324_4ce238f3b2_m.jpg	158	240	http://farm3.staticflickr.com/2818/11273326324_4ce238f3b2.jpg	329	500	http://farm3.staticflickr.com/2818/11273326324_4ce238f3b2_b.jpg	673	1024	http://farm3.staticflickr.com/2818/11273326324_5f38a215d4_o.jpg	955	1452
01	Griffith & Farran	[Memorable Battles in English History, where fought, why fought, and their results. With the military lives of the commanders, etc.]	Adams, W. H. Davenport (William Henry Davenport)		London	000017042		1879	http://www.flickr.com/photos/britishlibrary/11273262195	1	000044	11273262195	http://farm6.staticflickr.com/5507/11273262195_2286e858db_m.jpg	240	183	http://farm6.staticflickr.com/5507/11273262195_2286e858db.jpg	500	382	http://farm6.staticflickr.com/5507/11273262195_2286e858db_b.jpg	1024	782	http://farm6.staticflickr.com/5507/11273262195_5845733b93_o.jpg	1611	1230
01	American News Company	Round the world with General Grant. A narrative of the visit of General U. S. Grant ... to various countries ... in 1877, 1878, 1879. To which are added certain conversations with General Grant on questions connected with American politics and history ... With ... illustrations	YOUNG, John Russell.		New York	004002305		1879	http://www.flickr.com/photos/britishlibrary/11273300396	1	000527	11273300396	http://farm4.staticflickr.com/3727/11273300396_a45c18bdf3_m.jpg	160	240	http://farm4.staticflickr.com/3727/11273300396_a45c18bdf3.jpg	333	500	http://farm4.staticflickr.com/3727/11273300396_a45c18bdf3_b.jpg	681	1024	http://farm4.staticflickr.com/3727/11273300396_58591ff75b_o.jpg	1131	1701
01	Tinsley Brothers	Berlin under the New Empire, its institutions, inhabitants, industry ... With ... engravings, etc	VIZETELLY, Henry.		London	003807524		1879	http://www.flickr.com/photos/britishlibrary/11273368553	2	000227	11273368553	http://farm3.staticflickr.com/2864/11273368553_26fbd68c86_m.jpg	240	175	http://farm3.staticflickr.com/2864/11273368553_26fbd68c86.jpg	500	364	http://farm3.staticflickr.com/2864/11273368553_26fbd68c86_b.jpg	1024	746	http://farm3.staticflickr.com/2864/11273368553_572f6e2bfe_o.jpg	1414	1030
0	Cassell, Petter, Galpin & Co.	Morocco: its people and places ... Translated by C. Rollin-Tilton. With ... illustrations	AMICIS, Edmondo de.	lsidyv3c6b00d2	London	000070870	ark:/81055/vdc_00000005AC0C	1879	http://www.flickr.com/photos/britishlibrary/11273325104	1	000152	11273325104	http://farm6.staticflickr.com/5529/11273325104_b4c7dfa24b_m.jpg	127	240	http://farm6.staticflickr.com/5529/11273325104_b4c7dfa24b.jpg	265	500	http://farm6.staticflickr.com/5529/11273325104_b4c7dfa24b_b.jpg	543	1024	http://farm6.staticflickr.com/5529/11273325104_4a3de39244_o.jpg	926	1745
0	Simpkin, Marshall & Co.	[Canterbury in the Olden Time, from the municipal archives and other sources. [With illustrations and plans.]]	BRENT, John F.S.A	lsidyv3c4b2696	London	000465042	ark:/81055/vdc_000000059610	1879	http://www.flickr.com/photos/britishlibrary/11273367483	1	000308	11273367483	http://farm3.staticflickr.com/2877/11273367483_72e2f70cc8_m.jpg	165	240	http://farm3.staticflickr.com/2877/11273367483_72e2f70cc8.jpg	344	500	http://farm3.staticflickr.com/2877/11273367483_72e2f70cc8_b.jpg	705	1024	http://farm3.staticflickr.com/2877/11273367483_88a424c469_o.jpg	882	1281
01	Tinsley Brothers	Berlin under the New Empire, its institutions, inhabitants, industry ... With ... engravings, etc	VIZETELLY, Henry.		London	003807524		1879	http://www.flickr.com/photos/britishlibrary/11273298506	1	000323	11273298506	http://farm4.staticflickr.com/3679/11273298506_4e5fce1c21_m.jpg	168	240	http://farm4.staticflickr.com/3679/11273298506_4e5fce1c21.jpg	350	500	http://farm4.staticflickr.com/3679/11273298506_4e5fce1c21_b.jpg	717	1024	http://farm4.staticflickr.com/3679/11273298506_cee659a4f0_o.jpg	972	1388
02	American News Company	Round the world with General Grant. A narrative of the visit of General U. S. Grant ... to various countries ... in 1877, 1878, 1879. To which are added certain conversations with General Grant on questions connected with American politics and history ... With ... illustrations	YOUNG, John Russell.		New York	004002305		1879	http://www.flickr.com/photos/britishlibrary/11273258145	1	000540	11273258145	http://farm6.staticflickr.com/5479/11273258145_9bcb34916a_m.jpg	240	141	http://farm6.staticflickr.com/5479/11273258145_9bcb34916a.jpg	500	294	http://farm6.staticflickr.com/5479/11273258145_9bcb34916a_b.jpg	1024	603	http://farm6.staticflickr.com/5479/11273258145_61e8a145ee_o.jpg	1511	890
0	Lewis, Peck & Co.	History of Steuben County, New York, with illustrations and biographical sketches of some of its prominent men and pioneers	CLAYTON, W. Woodford.		Philadelphia	000719876		1879	http://www.flickr.com/photos/britishlibrary/11273322164	1	000602	11273322164	http://farm8.staticflickr.com/7356/11273322164_dd66b36458_m.jpg	240	196	http://farm8.staticflickr.com/7356/11273322164_dd66b36458.jpg	500	409	http://farm8.staticflickr.com/7356/11273322164_dd66b36458_b.jpg	1024	838	http://farm8.staticflickr.com/7356/11273322164_54aa203e7d_o.jpg	1543	1263
02	John Wiley & Sons	The Middle Kingdom; a survey of the geography, government, education, social life, arts, religion, &c. of the Chinese Empire and its inhabitants. With a new map of the Empire	WILLIAMS, Samuel Wells.		New York	003936389		1879	http://www.flickr.com/photos/britishlibrary/11273322324	1	000291	11273322324	http://farm8.staticflickr.com/7344/11273322324_7e0709f347_m.jpg	240	232	http://farm8.staticflickr.com/7344/11273322324_7e0709f347.jpg	500	483	http://farm8.staticflickr.com/7344/11273322324_7e0709f347_b.jpg	1024	989	http://farm8.staticflickr.com/7344/11273322324_48eba1e6fd_o.jpg	1308	1263
0		[Brazil and the Brazilians ... in historical and descriptive sketches ... Engravings.]	KIDDER, Daniel Parish and FLETCHER (James C.)		London	001961854		1879	http://www.flickr.com/photos/britishlibrary/11273255635	1	000594	11273255635	http://farm3.staticflickr.com/2863/11273255635_c12e52d557_m.jpg	240	83	http://farm3.staticflickr.com/2863/11273255635_c12e52d557.jpg	500	173	http://farm3.staticflickr.com/2863/11273255635_c12e52d557_b.jpg	1024	354	http://farm3.staticflickr.com/2863/11273255635_64bb8a02f7_o.jpg	2348	811
0		Saint-Pierre de Rome. Ouvrage illustré, etc	LORBAC, Charles de.		Rome	002259706		1879	http://www.flickr.com/photos/britishlibrary/11273364443	1	000020	11273364443	http://farm8.staticflickr.com/7427/11273364443_562995929d_m.jpg	240	204	http://farm8.staticflickr.com/7427/11273364443_562995929d.jpg	500	425	http://farm8.staticflickr.com/7427/11273364443_562995929d_b.jpg	1024	871	http://farm8.staticflickr.com/7427/11273364443_21cc171c4e_o.jpg	1241	1055
0	Religious Tract Society	English Pictures drawn with pen and pencil	MANNING, Samuel LL.D. and GREEN (Samuel Gosnell)	lsidyv3c492c1d	London	002369135	ark:/81055/vdc_000000059460	1879	http://www.flickr.com/photos/britishlibrary/11273364503	1	000034	11273364503	http://farm8.staticflickr.com/7450/11273364503_ae47641cef_m.jpg	175	240	http://farm8.staticflickr.com/7450/11273364503_ae47641cef.jpg	364	500	http://farm8.staticflickr.com/7450/11273364503_ae47641cef_b.jpg	746	1024	http://farm8.staticflickr.com/7450/11273364503_971b88c44e_o.jpg	988	1356
0		The Illustrated Guide to Sheffield and the surrounding district, etc	TAYLOR, John of Sheffield		Sheffield	003589731		1879	http://www.flickr.com/photos/britishlibrary/11273293446	1	000103	11273293446	http://farm4.staticflickr.com/3803/11273293446_e7d3a64167_m.jpg	190	240	http://farm4.staticflickr.com/3803/11273293446_e7d3a64167.jpg	396	500	http://farm4.staticflickr.com/3803/11273293446_e7d3a64167_b.jpg	811	1024	http://farm4.staticflickr.com/3803/11273293446_0bd449828a_o.jpg	1120	1415
0		Les Vieilles Villes de Suisse. Notes et souvenirs. Ouvrage illustré de 105 dessins à la plume par A. Robida reproduits en fac-simile	ROBIDA, Albert.		Paris	003121715		1879	http://www.flickr.com/photos/britishlibrary/11273293436	1	000063	11273293436	http://farm8.staticflickr.com/7419/11273293436_5fc6e30bfc_m.jpg	240	234	http://farm8.staticflickr.com/7419/11273293436_5fc6e30bfc.jpg	500	488	http://farm8.staticflickr.com/7419/11273293436_5fc6e30bfc_b.jpg	1024	1000	http://farm8.staticflickr.com/7419/11273293436_88e5078604_o.jpg	1480	1446
02	L. H. Everts	History of the Connecticut Valley in Massachusetts (by N. B. Sylvester), with illustrations and biographical sketches of some of its prominent men and pioneers [by other authors]	SYLVESTER, Nathaniel Bartlett.		Philadelphia	003562080		1879	http://www.flickr.com/photos/britishlibrary/11273362233	1	000043	11273362233	http://farm8.staticflickr.com/7357/11273362233_bed454dea9_m.jpg	240	195	http://farm8.staticflickr.com/7357/11273362233_bed454dea9.jpg	500	407	http://farm8.staticflickr.com/7357/11273362233_bed454dea9_b.jpg	1024	834	http://farm8.staticflickr.com/7357/11273362233_ae75f49093_o.jpg	1217	991
0	Murray Williamson & Phelps	The History of Adams County, Illinois ... Illustrated			Chicago	000014468		1879	http://www.flickr.com/photos/britishlibrary/11273317344	2	000121	11273317344	http://farm3.staticflickr.com/2810/11273317344_03b4398409_m.jpg	186	240	http://farm3.staticflickr.com/2810/11273317344_03b4398409.jpg	387	500	http://farm3.staticflickr.com/2810/11273317344_03b4398409_b.jpg	793	1024	http://farm3.staticflickr.com/2810/11273317344_cf94f9dc2b_o.jpg	1211	1563
0		Saint-Pierre de Rome. Ouvrage illustré, etc	LORBAC, Charles de.		Rome	002259706		1879	http://www.flickr.com/photos/britishlibrary/11273292196	1	000062	11273292196	http://farm8.staticflickr.com/7460/11273292196_979f16d149_m.jpg	156	240	http://farm8.staticflickr.com/7460/11273292196_979f16d149.jpg	325	500	http://farm8.staticflickr.com/7460/11273292196_979f16d149_b.jpg	665	1024	http://farm8.staticflickr.com/7460/11273292196_85a9a3ddd2_o.jpg	1046	1611
01	Tinsley Brothers	Berlin under the New Empire, its institutions, inhabitants, industry ... With ... engravings, etc	VIZETELLY, Henry.		London	003807524		1879	http://www.flickr.com/photos/britishlibrary/11273316854	2	000094	11273316854	http://farm4.staticflickr.com/3713/11273316854_3daec4c1f0_m.jpg	141	240	http://farm4.staticflickr.com/3713/11273316854_3daec4c1f0.jpg	293	500	http://farm4.staticflickr.com/3713/11273316854_3daec4c1f0_b.jpg	600	1024	http://farm4.staticflickr.com/3713/11273316854_8f11b34497_o.jpg	832	1421
03	London Printing & Publishing Co.	[History of the Russian Empire from its foundation by Ruric the Pirate to the accession of the Emperor Alexander II ... With ... engravings.]	TYRRELL, Henry Teacher of Elocution		London	003699637		1879	http://www.flickr.com/photos/britishlibrary/11273291066	1	000338	11273291066	http://farm6.staticflickr.com/5538/11273291066_705e434369_m.jpg	208	240	http://farm6.staticflickr.com/5538/11273291066_705e434369.jpg	433	500	http://farm6.staticflickr.com/5538/11273291066_705e434369_b.jpg	886	1024	http://farm6.staticflickr.com/5538/11273291066_cd07f824d9_o.jpg	1097	1268
0	W. J. Parrett	Sittingbourne and the names of lands and houses in or near it; their origin and history	ROBERTSON, William Archibald Scott.		Sittingbourne	003121261		1879	http://www.flickr.com/photos/britishlibrary/11273359363	1	000038	11273359363	http://farm8.staticflickr.com/7339/11273359363_7d47529237_m.jpg	240	155	http://farm8.staticflickr.com/7339/11273359363_7d47529237.jpg	500	323	http://farm8.staticflickr.com/7339/11273359363_7d47529237_b.jpg	1024	662	http://farm8.staticflickr.com/7339/11273359363_439d6f3beb_o.jpg	1648	1065
0	Lee & Shepard	A summer jaunt through the old world: a record of an excursion made to and through Europe by the Tourgée educational party of 1878	HOLDEN, Luther L.	lsidyv3c9a5a21	Boston [Mass.]	001711043	ark:/81055/vdc_00000005C31C	1879	http://www.flickr.com/photos/britishlibrary/11273250565	1	000175	11273250565	http://farm4.staticflickr.com/3760/11273250565_7c7fc468cd_m.jpg	240	169	http://farm4.staticflickr.com/3760/11273250565_7c7fc468cd.jpg	500	353	http://farm4.staticflickr.com/3760/11273250565_7c7fc468cd_b.jpg	1024	723	http://farm4.staticflickr.com/3760/11273250565_31379791da_o.jpg	1458	1030
0	John Murray	[The Student's Manual of Modern Geography. Mathematical, physical, and descriptive.]	BEVAN, William Latham.	lsidyv3ca2f2a9	London	000307737	ark:/81055/vdc_00000005C7F6	1879	http://www.flickr.com/photos/britishlibrary/11273289366	1	000126	11273289366	http://farm3.staticflickr.com/2842/11273289366_192342a967_m.jpg	167	240	http://farm3.staticflickr.com/2842/11273289366_192342a967.jpg	348	500	http://farm3.staticflickr.com/2842/11273289366_192342a967_b.jpg	713	1024	http://farm3.staticflickr.com/2842/11273289366_6f781c3bf0_o.jpg	853	1225
0	John Murray	[The Student's Manual of Modern Geography. Mathematical, physical, and descriptive.]	BEVAN, William Latham.	lsidyv3ca2f2a9	London	000307737	ark:/81055/vdc_00000005C7F6	1879	http://www.flickr.com/photos/britishlibrary/11273248855	1	000244	11273248855	http://farm3.staticflickr.com/2844/11273248855_b1a7989773_m.jpg	216	240	http://farm3.staticflickr.com/2844/11273248855_b1a7989773.jpg	450	500	http://farm3.staticflickr.com/2844/11273248855_b1a7989773_b.jpg	921	1024	http://farm3.staticflickr.com/2844/11273248855_cce86330da_o.jpg	1102	1225
0		The Illustrated Guide to Sheffield and the surrounding district, etc	TAYLOR, John of Sheffield		Sheffield	003589731		1879	http://www.flickr.com/photos/britishlibrary/11273357683	1	000340	11273357683	http://farm6.staticflickr.com/5486/11273357683_c5ce8dfffe_m.jpg	179	240	http://farm6.staticflickr.com/5486/11273357683_c5ce8dfffe.jpg	373	500	http://farm6.staticflickr.com/5486/11273357683_c5ce8dfffe_b.jpg	764	1024	http://farm6.staticflickr.com/5486/11273357683_7b90a0a4bf_o.jpg	1056	1415
0	Cassell, Petter, Galpin & Co.	Morocco: its people and places ... Translated by C. Rollin-Tilton. With ... illustrations	AMICIS, Edmondo de.	lsidyv3c6b00d2	London	000070870	ark:/81055/vdc_00000005AC0C	1879	http://www.flickr.com/photos/britishlibrary/11273313264	2	000153	11273313264	http://farm3.staticflickr.com/2816/11273313264_4c64d31e18_m.jpg	240	155	http://farm3.staticflickr.com/2816/11273313264_4c64d31e18.jpg	500	323	http://farm3.staticflickr.com/2816/11273313264_4c64d31e18_b.jpg	1024	662	http://farm3.staticflickr.com/2816/11273313264_91acbab4de_o.jpg	1346	870
0	J. Tweed	The Annals of Dumfermline and vicinity ... 1069-1878. Interspersed with ... notes, ... and ... engravings	HENDERSON, Ebenezer LL.D., F.R.A.S		Glasgow	001648659		1879	http://www.flickr.com/photos/britishlibrary/11273247045	1	000028	11273247045	http://farm3.staticflickr.com/2875/11273247045_197744e7a3_m.jpg	140	240	http://farm3.staticflickr.com/2875/11273247045_197744e7a3.jpg	292	500	http://farm3.staticflickr.com/2875/11273247045_197744e7a3_b.jpg	597	1024	http://farm3.staticflickr.com/2875/11273247045_b9997ab6b3_o.jpg	901	1545
02	John Wiley & Sons	The Middle Kingdom; a survey of the geography, government, education, social life, arts, religion, &c. of the Chinese Empire and its inhabitants. With a new map of the Empire	WILLIAMS, Samuel Wells.		New York	003936389		1879	http://www.flickr.com/photos/britishlibrary/11273286196	1	000150	11273286196	http://farm6.staticflickr.com/5522/11273286196_ea0304e1da_m.jpg	240	203	http://farm6.staticflickr.com/5522/11273286196_ea0304e1da.jpg	500	424	http://farm6.staticflickr.com/5522/11273286196_ea0304e1da_b.jpg	1024	868	http://farm6.staticflickr.com/5522/11273286196_b7bc7445a3_o.jpg	1538	1304
0		A History of the Town of Franklin, Mass.; from its settlement to the completion of its first century, 2d March, 1878; with genealogical notices of its earliest families, sketches of its professional men, and a report of the centennial celebration. By Mortimer Blake	BLAKE, Mortimer.		Franklin	001311432		1879	http://www.flickr.com/photos/britishlibrary/11273355833	1	000122	11273355833	http://farm6.staticflickr.com/5546/11273355833_5b32e3f800_m.jpg	236	240	http://farm6.staticflickr.com/5546/11273355833_5b32e3f800.jpg	491	500	http://farm6.staticflickr.com/5546/11273355833_5b32e3f800_b.jpg	1005	1024	http://farm6.staticflickr.com/5546/11273355833_e47aa27aa6_o.jpg	1287	1311
0	D. W. Ensign & Co.	History of Columbiana County, Ohio, with illustrations and biographical sketches of its prominent men and pioneers	MACK, Horace.		Philadelphia	002319445		1879	http://www.flickr.com/photos/britishlibrary/11273245855	1	000375	11273245855	http://farm6.staticflickr.com/5476/11273245855_5fbc8fe890_m.jpg	240	194	http://farm6.staticflickr.com/5476/11273245855_5fbc8fe890.jpg	500	404	http://farm6.staticflickr.com/5476/11273245855_5fbc8fe890_b.jpg	1024	828	http://farm6.staticflickr.com/5476/11273245855_cfe25732a3_o.jpg	1283	1037
0	Published by the Author	History of Grafton, Worcester County, Massachusetts ... Including the genealogies of seventy-nine of the older families	PEIRCE, Frederick Clifton.		Worcester [Mass.]	002810106		1879	http://www.flickr.com/photos/britishlibrary/11273310364	1	000056	11273310364	http://farm3.staticflickr.com/2840/11273310364_63612e7da0_m.jpg	240	185	http://farm3.staticflickr.com/2840/11273310364_63612e7da0.jpg	500	385	http://farm3.staticflickr.com/2840/11273310364_63612e7da0_b.jpg	1024	789	http://farm3.staticflickr.com/2840/11273310364_5d538db695_o.jpg	1227	945
01	D. Appleton & Co.	[Appleton's European Guide Book illustrated. Including England, Scotland, and Ireland, France, Belgium, Holland, Northern and Southern Germany, Switzerland, Italy, Spain and Portugal, Russia, Denmark, Norway, and Sweden. Containing ... maps, etc.]	APPLETON, Daniel AND CO	lsidyv3cbe7355	New York; Longmans & Co	000100280	ark:/81055/vdc_00000005D9DE	1879	http://www.flickr.com/photos/britishlibrary/11273284016	1	000216	11273284016	http://farm3.staticflickr.com/2858/11273284016_0dc17a8277_m.jpg	197	240	http://farm3.staticflickr.com/2858/11273284016_0dc17a8277.jpg	411	500	http://farm3.staticflickr.com/2858/11273284016_0dc17a8277_b.jpg	841	1024	http://farm3.staticflickr.com/2858/11273284016_00e878bb71_o.jpg	1013	1233
01	Tinsley Brothers	Berlin under the New Empire, its institutions, inhabitants, industry ... With ... engravings, etc	VIZETELLY, Henry.		London	003807524		1879	http://www.flickr.com/photos/britishlibrary/11273283036	2	000084	11273283036	http://farm3.staticflickr.com/2825/11273283036_cbb23ea439_m.jpg	152	240	http://farm3.staticflickr.com/2825/11273283036_cbb23ea439.jpg	317	500	http://farm3.staticflickr.com/2825/11273283036_cbb23ea439_b.jpg	649	1024	http://farm3.staticflickr.com/2825/11273283036_d4254c6f7e_o.jpg	900	1421
0		[Viaje á la Patagonia austral emprendido bajo los auspicios del Gobierno Nacional 1876-1877. tom. 1.]	MORENO, Francisco Josué Pascasio.		Buenos Aires	002546655		1879	http://www.flickr.com/photos/britishlibrary/11273352183	1	000474	11273352183	http://farm8.staticflickr.com/7410/11273352183_949e9862ce_m.jpg	147	240	http://farm8.staticflickr.com/7410/11273352183_949e9862ce.jpg	306	500	http://farm8.staticflickr.com/7410/11273352183_949e9862ce_b.jpg	626	1024	http://farm8.staticflickr.com/7410/11273352183_5831c71e2b_o.jpg	951	1556
0		Очерки Русской Исторіи въ памятникахъ быта. pt. 1, 2	POLEVOI, Petr Nikolaevich.		С.-Петербургъ	002948284		1879	http://www.flickr.com/photos/britishlibrary/11273243615	1	000384	11273243615	http://farm4.staticflickr.com/3765/11273243615_7d32809694_m.jpg	240	136	http://farm4.staticflickr.com/3765/11273243615_7d32809694.jpg	500	284	http://farm4.staticflickr.com/3765/11273243615_7d32809694_b.jpg	1024	581	http://farm4.staticflickr.com/3765/11273243615_c964580c8a_o.jpg	1517	860
01		Paris à travers les siècles. Histoire nationale de Paris et des Parisiens depuis la fondation de Lutèce jusqu'à nos jours, etc	GOURDON DE GENOUILLAC, Nicolas Jules Henri.		Paris	001476975		1879	http://www.flickr.com/photos/britishlibrary/11273242785	1	000412	11273242785	http://farm4.staticflickr.com/3733/11273242785_ebc21d9c71_m.jpg	223	240	http://farm4.staticflickr.com/3733/11273242785_ebc21d9c71.jpg	465	500	http://farm4.staticflickr.com/3733/11273242785_ebc21d9c71_b.jpg	953	1024	http://farm4.staticflickr.com/3733/11273242785_44471de910_o.jpg	1115	1198
0		The Illustrated Guide to Sheffield and the surrounding district, etc	TAYLOR, John of Sheffield		Sheffield	003589731		1879	http://www.flickr.com/photos/britishlibrary/11273306974	1	000485	11273306974	http://farm6.staticflickr.com/5520/11273306974_9b5995b2d6_m.jpg	163	240	http://farm6.staticflickr.com/5520/11273306974_9b5995b2d6.jpg	340	500	http://farm6.staticflickr.com/5520/11273306974_9b5995b2d6_b.jpg	696	1024	http://farm6.staticflickr.com/5520/11273306974_b8c2395df8_o.jpg	1027	1511
0		The Life of Charles Dickens ... With forty illustrations	FORSTER, John Barrister-at-Law, of the Inner Temple		Chapman & Hall, London	001272474		1879	http://www.flickr.com/photos/britishlibrary/11273350343	1	000344	11273350343	http://farm8.staticflickr.com/7399/11273350343_818a67a5fb_m.jpg	210	240	http://farm8.staticflickr.com/7399/11273350343_818a67a5fb.jpg	437	500	http://farm8.staticflickr.com/7399/11273350343_818a67a5fb_b.jpg	895	1024	http://farm8.staticflickr.com/7399/11273350343_825d4322ac_o.jpg	1120	1281
02	American News Company	Round the world with General Grant. A narrative of the visit of General U. S. Grant ... to various countries ... in 1877, 1878, 1879. To which are added certain conversations with General Grant on questions connected with American politics and history ... With ... illustrations	YOUNG, John Russell.		New York	004002305		1879	http://www.flickr.com/photos/britishlibrary/11273240705	1	000190	11273240705	http://farm6.staticflickr.com/5501/11273240705_832b7b7ca7_m.jpg	176	240	http://farm6.staticflickr.com/5501/11273240705_832b7b7ca7.jpg	366	500	http://farm6.staticflickr.com/5501/11273240705_832b7b7ca7_b.jpg	750	1024	http://farm6.staticflickr.com/5501/11273240705_cf5368d499_o.jpg	1237	1688
0	Macmillan and Co.	The Arctic Voyages of A. E. Nordenskiöld. 1858-1879. With illustrations and maps	LESLIE, Alexander of Aberdeen		London	002142895		1879	http://www.flickr.com/photos/britishlibrary/11273305534	1	000224	11273305534	http://farm8.staticflickr.com/7422/11273305534_63d6a077d6_m.jpg	181	240	http://farm8.staticflickr.com/7422/11273305534_63d6a077d6.jpg	376	500	http://farm8.staticflickr.com/7422/11273305534_63d6a077d6_b.jpg	771	1024	http://farm8.staticflickr.com/7422/11273305534_7fd96fd9b7_o.jpg	1092	1451
0	Edward Stanford	Life in Asiatic Turkey. A journal of travel in Cilicia-Pedias and Trachœa-Isauria, and parts of Lycaonia and Cappadocia ... Map and illustrations, from original drawings by the author and Mr. Ancketill	DAVIS, Edwin John M.A		London	000878911		1879	http://www.flickr.com/photos/britishlibrary/11273240405	1	000055	11273240405	http://farm4.staticflickr.com/3686/11273240405_d997dc2f4f_m.jpg	183	240	http://farm4.staticflickr.com/3686/11273240405_d997dc2f4f.jpg	382	500	http://farm4.staticflickr.com/3686/11273240405_d997dc2f4f_b.jpg	782	1024	http://farm4.staticflickr.com/3686/11273240405_fbf777bc1c_o.jpg	955	1250
0	Harper & Bros.	What Mr. Darwin saw in his Voyage round The World in the Ship “Beagle.” [Compiled and adapted from “Journal of Researches into the Geology and Natural History of the Various Countries visited by H.M.S. Beagle, etc.”]	Darwin, Charles	lsidyv3c8ea4b0	New York	000868098	ark:/81055/vdc_00000005BB84	1879	http://www.flickr.com/photos/britishlibrary/11273303594	1	000111	11273303594	http://farm4.staticflickr.com/3680/11273303594_53abb0b751_m.jpg	240	238	http://farm4.staticflickr.com/3680/11273303594_53abb0b751.jpg	500	497	http://farm4.staticflickr.com/3680/11273303594_53abb0b751_b.jpg	1024	1017	http://farm4.staticflickr.com/3680/11273303594_5b6ea02778_o.jpg	1312	1303
0		The Wild Man at Home: or, pictures of life in savage lands ... With woodcuts ... and coloured illustrations	GREENWOOD, James Novelist	lsidyv2af6fa2f	London, Edinburgh	001503444	ark:/81055/vdc_0000000519A2	1879	http://www.flickr.com/photos/britishlibrary/11273347323	1	000317	11273347323	http://farm8.staticflickr.com/7451/11273347323_3ddb7a37ce_m.jpg	240	139	http://farm8.staticflickr.com/7451/11273347323_3ddb7a37ce.jpg	500	290	http://farm8.staticflickr.com/7451/11273347323_3ddb7a37ce_b.jpg	1024	593	http://farm8.staticflickr.com/7451/11273347323_52f3841c5a_o.jpg	1601	927
01	D. Appleton & Co.	[Appleton's European Guide Book illustrated. Including England, Scotland, and Ireland, France, Belgium, Holland, Northern and Southern Germany, Switzerland, Italy, Spain and Portugal, Russia, Denmark, Norway, and Sweden. Containing ... maps, etc.]	APPLETON, Daniel AND CO	lsidyv3cbe7355	New York; Longmans & Co	000100280	ark:/81055/vdc_00000005D9DE	1879	http://www.flickr.com/photos/britishlibrary/11273303304	1	000701	11273303304	http://farm8.staticflickr.com/7425/11273303304_a20c398e4f_m.jpg	136	240	http://farm8.staticflickr.com/7425/11273303304_a20c398e4f.jpg	284	500	http://farm8.staticflickr.com/7425/11273303304_a20c398e4f_b.jpg	582	1024	http://farm8.staticflickr.com/7425/11273303304_832b6b2c3f_o.jpg	796	1400
05		[Histoire de la Révolution Française.]	Michelet, Jules		Paris	002483188		1879	http://www.flickr.com/photos/britishlibrary/11273237675	1	000002	11273237675	http://farm8.staticflickr.com/7375/11273237675_a6ecd64e4a_m.jpg	240	165	http://farm8.staticflickr.com/7375/11273237675_a6ecd64e4a.jpg	500	344	http://farm8.staticflickr.com/7375/11273237675_a6ecd64e4a_b.jpg	1024	704	http://farm8.staticflickr.com/7375/11273237675_2e6c8460dc_o.jpg	1283	882
0	Everts & Ensign	History of Toga, Chemung, Tompkins, and Schuyler Counties, New York. With illustrations and biographical sketches of some of its prominent men and pioneers	PEIRCE, Henry B. and HURD (Duane Hamilton)		Philadelphia	002810116		1879	http://www.flickr.com/photos/britishlibrary/11273345493	3	000579	11273345493	http://farm8.staticflickr.com/7377/11273345493_3b503eae05_m.jpg	240	173	http://farm8.staticflickr.com/7377/11273345493_3b503eae05.jpg	500	361	http://farm8.staticflickr.com/7377/11273345493_3b503eae05_b.jpg	1024	740	http://farm8.staticflickr.com/7377/11273345493_91240f83c8_o.jpg	1535	1110
0	Waterlow & Sons	Up the River from Westminster to Windsor and Oxford; a descriptive panorama of Thames Scenery			London	003606029		1879	http://www.flickr.com/photos/britishlibrary/11273345853	2	000055	11273345853	http://farm4.staticflickr.com/3726/11273345853_2f5cd25304_m.jpg	158	240	http://farm4.staticflickr.com/3726/11273345853_2f5cd25304.jpg	328	500	http://farm4.staticflickr.com/3726/11273345853_2f5cd25304_b.jpg	672	1024	http://farm4.staticflickr.com/3726/11273345853_04ddf41701_o.jpg	960	1462
0		Saint-Pierre de Rome. Ouvrage illustré, etc	LORBAC, Charles de.		Rome	002259706		1879	http://www.flickr.com/photos/britishlibrary/11273274926	1	000272	11273274926	http://farm8.staticflickr.com/7389/11273274926_801e54bdb1_m.jpg	240	192	http://farm8.staticflickr.com/7389/11273274926_801e54bdb1.jpg	500	400	http://farm8.staticflickr.com/7389/11273274926_801e54bdb1_b.jpg	1024	819	http://farm8.staticflickr.com/7389/11273274926_89a9979b20_o.jpg	1477	1182
01	Tinsley Brothers	Berlin under the New Empire, its institutions, inhabitants, industry ... With ... engravings, etc	VIZETELLY, Henry.		London	003807524		1879	http://www.flickr.com/photos/britishlibrary/11273235645	1	000449	11273235645	http://farm6.staticflickr.com/5519/11273235645_9377b88b58_m.jpg	240	204	http://farm6.staticflickr.com/5519/11273235645_9377b88b58.jpg	500	424	http://farm6.staticflickr.com/5519/11273235645_9377b88b58_b.jpg	1024	869	http://farm6.staticflickr.com/5519/11273235645_68656956b4_o.jpg	1268	1076
0	Everts & Abbott	History of Hillsdale County, Michigan, with illustrations and biographical sketches of some of its prominent men, etc	Johnson, Crisfield.		Philadelphia	001884500		1879	http://www.flickr.com/photos/britishlibrary/11273273706	1	000118	11273273706	http://farm4.staticflickr.com/3795/11273273706_69bb2431e6_m.jpg	240	205	http://farm4.staticflickr.com/3795/11273273706_69bb2431e6.jpg	500	428	http://farm4.staticflickr.com/3795/11273273706_69bb2431e6_b.jpg	1024	876	http://farm4.staticflickr.com/3795/11273273706_82b91981bf_o.jpg	1426	1220
0		Die amerikanische Nordpol-Expedition ... Mit zahlreichen Illustrationen in Holzschnitt, etc	BESSELS, Emil.		Leipzig	000303634		1879	http://www.flickr.com/photos/britishlibrary/11273273236	1	000327	11273273236	http://farm8.staticflickr.com/7376/11273273236_29bba2a51e_m.jpg	119	240	http://farm8.staticflickr.com/7376/11273273236_29bba2a51e.jpg	249	500	http://farm8.staticflickr.com/7376/11273273236_29bba2a51e_b.jpg	509	1024	http://farm8.staticflickr.com/7376/11273273236_cfe92e1d7b_o.jpg	788	1584
0		The Life of Charles Dickens ... With forty illustrations	FORSTER, John Barrister-at-Law, of the Inner Temple		Chapman & Hall, London	001272474		1879	http://www.flickr.com/photos/britishlibrary/11273298954	1	000357	11273298954	http://farm4.staticflickr.com/3813/11273298954_2f897e1c56_m.jpg	240	152	http://farm4.staticflickr.com/3813/11273298954_2f897e1c56.jpg	500	316	http://farm4.staticflickr.com/3813/11273298954_2f897e1c56_b.jpg	1024	647	http://farm4.staticflickr.com/3813/11273298954_54528e8167_o.jpg	1678	1061
0	Lewis, Peck & Co.	History of Steuben County, New York, with illustrations and biographical sketches of some of its prominent men and pioneers	CLAYTON, W. Woodford.		Philadelphia	000719876		1879	http://www.flickr.com/photos/britishlibrary/11273298094	2	000727	11273298094	http://farm4.staticflickr.com/3786/11273298094_911d27a886_m.jpg	240	140	http://farm4.staticflickr.com/3786/11273298094_911d27a886.jpg	500	292	http://farm4.staticflickr.com/3786/11273298094_911d27a886_b.jpg	1024	599	http://farm4.staticflickr.com/3786/11273298094_3489ba3ee0_o.jpg	1466	857
02	D. Appleton & Co.	[Appleton's European Guide Book illustrated. Including England, Scotland, and Ireland, France, Belgium, Holland, Northern and Southern Germany, Switzerland, Italy, Spain and Portugal, Russia, Denmark, Norway, and Sweden. Containing ... maps, etc.]	APPLETON, Daniel AND CO	lsidyv3cbe7355	New York; Longmans & Co	000100280	ark:/81055/vdc_00000005D9DE	1879	http://www.flickr.com/photos/britishlibrary/11273340903	2	000629	11273340903	http://farm3.staticflickr.com/2887/11273340903_12b971e956_m.jpg	180	240	http://farm3.staticflickr.com/2887/11273340903_12b971e956.jpg	375	500	http://farm3.staticflickr.com/2887/11273340903_12b971e956_b.jpg	767	1024	http://farm3.staticflickr.com/2887/11273340903_e04c76b058_o.jpg	983	1312
0	Western Historical Company	The History of Des Moines County, Iowa, containing a history of the county ... a biographical directory of citizens ... portraits of early settlers and prominent men ... history of Iowa, map of Des Moines County ... Illustrated			Chicago	000916004		1879	http://www.flickr.com/photos/britishlibrary/11273232705	1	000015	11273232705	http://farm8.staticflickr.com/7391/11273232705_b8bface88d_m.jpg	238	240	http://farm8.staticflickr.com/7391/11273232705_b8bface88d.jpg	497	500	http://farm8.staticflickr.com/7391/11273232705_b8bface88d_b.jpg	1017	1024	http://farm8.staticflickr.com/7391/11273232705_c6b7eb6d4c_o.jpg	1202	1210
02		Danmarks og Norges Historie i Slutningen af det 16de Aarhundrede	TROELS-LUND, Troels Frederik.		Kjøbenhavn	003677661		1879	http://www.flickr.com/photos/britishlibrary/11273340303	1	000396	11273340303	http://farm6.staticflickr.com/5526/11273340303_0bc1316900_m.jpg	240	149	http://farm6.staticflickr.com/5526/11273340303_0bc1316900.jpg	500	311	http://farm6.staticflickr.com/5526/11273340303_0bc1316900_b.jpg	1024	636	http://farm6.staticflickr.com/5526/11273340303_8a4c2a2a40_o.jpg	1502	933
02	Tinsley Brothers	Berlin under the New Empire, its institutions, inhabitants, industry ... With ... engravings, etc	VIZETELLY, Henry.		London	003807524		1879	http://www.flickr.com/photos/britishlibrary/11273339893	1	000077	11273339893	http://farm8.staticflickr.com/7443/11273339893_e42dacc73b_m.jpg	178	240	http://farm8.staticflickr.com/7443/11273339893_e42dacc73b.jpg	372	500	http://farm8.staticflickr.com/7443/11273339893_e42dacc73b_b.jpg	761	1024	http://farm8.staticflickr.com/7443/11273339893_eac99364ae_o.jpg	1005	1353
01	American News Company	Round the world with General Grant. A narrative of the visit of General U. S. Grant ... to various countries ... in 1877, 1878, 1879. To which are added certain conversations with General Grant on questions connected with American politics and history ... With ... illustrations	YOUNG, John Russell.		New York	004002305		1879	http://www.flickr.com/photos/britishlibrary/11273230225	1	000281	11273230225	http://farm3.staticflickr.com/2836/11273230225_239b8b1edb_m.jpg	240	167	http://farm3.staticflickr.com/2836/11273230225_239b8b1edb.jpg	500	348	http://farm3.staticflickr.com/2836/11273230225_239b8b1edb_b.jpg	1024	713	http://farm3.staticflickr.com/2836/11273230225_cc27ea63fd_o.jpg	1317	917
0	Religious Tract Society	English Pictures drawn with pen and pencil	MANNING, Samuel LL.D. and GREEN (Samuel Gosnell)	lsidyv3c492c1d	London	002369135	ark:/81055/vdc_000000059460	1879	http://www.flickr.com/photos/britishlibrary/11273229615	1	000088	11273229615	http://farm3.staticflickr.com/2817/11273229615_15f4f5e5b6_m.jpg	240	107	http://farm3.staticflickr.com/2817/11273229615_15f4f5e5b6.jpg	500	223	http://farm3.staticflickr.com/2817/11273229615_15f4f5e5b6_b.jpg	1024	456	http://farm3.staticflickr.com/2817/11273229615_2bc55aeae0_o.jpg	2200	980
0		Mœurs et caractères des peuples, Asie-Amérique-Océanie. Morceaux extraits de divers auteurs. [With illustrations.]	CORTAMBERT, Richard.		Paris	000791358		1879	http://www.flickr.com/photos/britishlibrary/11273230045	1	000181	11273230045	http://farm4.staticflickr.com/3702/11273230045_1035611b8e_m.jpg	210	240	http://farm4.staticflickr.com/3702/11273230045_1035611b8e.jpg	437	500	http://farm4.staticflickr.com/3702/11273230045_1035611b8e_b.jpg	894	1024	http://farm4.staticflickr.com/3702/11273230045_9d6e4ccf88_o.jpg	1281	1467
02	American News Company	Round the world with General Grant. A narrative of the visit of General U. S. Grant ... to various countries ... in 1877, 1878, 1879. To which are added certain conversations with General Grant on questions connected with American politics and history ... With ... illustrations	YOUNG, John Russell.		New York	004002305		1879	http://www.flickr.com/photos/britishlibrary/11273266536	1	000371	11273266536	http://farm3.staticflickr.com/2822/11273266536_57cd853091_m.jpg	169	240	http://farm3.staticflickr.com/2822/11273266536_57cd853091.jpg	352	500	http://farm3.staticflickr.com/2822/11273266536_57cd853091_b.jpg	720	1024	http://farm3.staticflickr.com/2822/11273266536_7c70b7eeac_o.jpg	1143	1626
0		A History of the Town of Franklin, Mass.; from its settlement to the completion of its first century, 2d March, 1878; with genealogical notices of its earliest families, sketches of its professional men, and a report of the centennial celebration. By Mortimer Blake	BLAKE, Mortimer.		Franklin	001311432		1879	http://www.flickr.com/photos/britishlibrary/11273265756	1	000399	11273265756	http://farm6.staticflickr.com/5481/11273265756_1b084148f6_m.jpg	240	212	http://farm6.staticflickr.com/5481/11273265756_1b084148f6.jpg	500	441	http://farm6.staticflickr.com/5481/11273265756_1b084148f6_b.jpg	1024	903	http://farm6.staticflickr.com/5481/11273265756_f9b29111f6_o.jpg	1527	1347
0	D. W. Ensign & Co.	History of Columbiana County, Ohio, with illustrations and biographical sketches of its prominent men and pioneers	MACK, Horace.		Philadelphia	002319445		1879	http://www.flickr.com/photos/britishlibrary/11273266496	1	000165	11273266496	http://farm4.staticflickr.com/3689/11273266496_4af35f46dc_m.jpg	240	185	http://farm4.staticflickr.com/3689/11273266496_4af35f46dc.jpg	500	385	http://farm4.staticflickr.com/3689/11273266496_4af35f46dc_b.jpg	1024	789	http://farm4.staticflickr.com/3689/11273266496_487c8d74fd_o.jpg	1220	940
0	Everts & Ensign	History of Toga, Chemung, Tompkins, and Schuyler Counties, New York. With illustrations and biographical sketches of some of its prominent men and pioneers	PEIRCE, Henry B. and HURD (Duane Hamilton)		Philadelphia	002810116		1879	http://www.flickr.com/photos/britishlibrary/11273226865	1	001021	11273226865	http://farm4.staticflickr.com/3683/11273226865_451331fc07_m.jpg	240	185	http://farm4.staticflickr.com/3683/11273226865_451331fc07.jpg	500	385	http://farm4.staticflickr.com/3683/11273226865_451331fc07_b.jpg	1024	788	http://farm4.staticflickr.com/3683/11273226865_7d90ee39a3_o.jpg	1620	1246
0		[Brazil and the Brazilians ... in historical and descriptive sketches ... Engravings.]	KIDDER, Daniel Parish and FLETCHER (James C.)		London	001961854		1879	http://www.flickr.com/photos/britishlibrary/11273291514	1	000492	11273291514	http://farm4.staticflickr.com/3756/11273291514_b4d3eb3907_m.jpg	168	240	http://farm4.staticflickr.com/3756/11273291514_b4d3eb3907.jpg	350	500	http://farm4.staticflickr.com/3756/11273291514_b4d3eb3907_b.jpg	717	1024	http://farm4.staticflickr.com/3756/11273291514_2eca627d0b_o.jpg	881	1258
0		The Children's fairy geography, or a merry trip round Europe	WINSLOW, Forbes Edward.	lsidyv3c92d153	London	003952456	ark:/81055/vdc_00000005BE18	1879	http://www.flickr.com/photos/britishlibrary/11273225895	1	000040	11273225895	http://farm8.staticflickr.com/7406/11273225895_a57b9e1d64_m.jpg	162	240	http://farm8.staticflickr.com/7406/11273225895_a57b9e1d64.jpg	338	500	http://farm8.staticflickr.com/7406/11273225895_a57b9e1d64_b.jpg	692	1024	http://farm8.staticflickr.com/7406/11273225895_da1c4c63fd_o.jpg	940	1390
0	Moses King	King's Handbook of Boston. Profusely illustrated. [With a map.]	KING, Moses.		Cambridge, Mass	001968594		1879	http://www.flickr.com/photos/britishlibrary/11273334073	1	000092	11273334073	http://farm4.staticflickr.com/3716/11273334073_a55dfdb291_m.jpg	240	236	http://farm4.staticflickr.com/3716/11273334073_a55dfdb291.jpg	500	491	http://farm4.staticflickr.com/3716/11273334073_a55dfdb291_b.jpg	1024	1006	http://farm4.staticflickr.com/3716/11273334073_492992938f_o.jpg	1141	1121
0	Everts & Abbott	History of Hillsdale County, Michigan, with illustrations and biographical sketches of some of its prominent men, etc	Johnson, Crisfield.		Philadelphia	001884500		1879	http://www.flickr.com/photos/britishlibrary/11273289894	2	000237	11273289894	http://farm8.staticflickr.com/7316/11273289894_3987ba5845_m.jpg	199	240	http://farm8.staticflickr.com/7316/11273289894_3987ba5845.jpg	415	500	http://farm8.staticflickr.com/7316/11273289894_3987ba5845_b.jpg	849	1024	http://farm8.staticflickr.com/7316/11273289894_140482deef_o.jpg	1180	1424
0	M'Caw, Stevenson & Orr	The Murmur of the Shells	COWAN, Samuel Kennedy.		Belfast	000804442		1879	http://www.flickr.com/photos/britishlibrary/11273262326	1	000006	11273262326	http://farm8.staticflickr.com/7325/11273262326_38fa61cfb2_m.jpg	240	166	http://farm8.staticflickr.com/7325/11273262326_38fa61cfb2.jpg	500	346	http://farm8.staticflickr.com/7325/11273262326_38fa61cfb2_b.jpg	1024	708	http://farm8.staticflickr.com/7325/11273262326_ea553c9a3c_o.jpg	1506	1041
02		A magyar nemzet története. I. kötet írta Bodon J. és Dr. Szalay J. (II.-IV.) kötet, írta Dr. Szalay J.) [With portraits.]	BODON, József and SZALAY (József)		Budapest	000389221		1879	http://www.flickr.com/photos/britishlibrary/11273261856	1	000143	11273261856	http://farm8.staticflickr.com/7412/11273261856_b5af6a65fa_m.jpg	240	200	http://farm8.staticflickr.com/7412/11273261856_b5af6a65fa.jpg	500	417	http://farm8.staticflickr.com/7412/11273261856_b5af6a65fa_b.jpg	1024	854	http://farm8.staticflickr.com/7412/11273261856_fa75b5d132_o.jpg	1380	1151
03		Paris à travers les siècles. Histoire nationale de Paris et des Parisiens depuis la fondation de Lutèce jusqu'à nos jours, etc	GOURDON DE GENOUILLAC, Nicolas Jules Henri.		Paris	001476975		1879	http://www.flickr.com/photos/britishlibrary/11273288244	1	000211	11273288244	http://farm4.staticflickr.com/3826/11273288244_3ec2cc5785_m.jpg	240	194	http://farm4.staticflickr.com/3826/11273288244_3ec2cc5785.jpg	500	405	http://farm4.staticflickr.com/3826/11273288244_3ec2cc5785_b.jpg	1024	829	http://farm4.staticflickr.com/3826/11273288244_03bc9f2144_o.jpg	1377	1115
0	F. W. Bird	History of the Town of Douglas, Massachusetts, from the earliest period to the close of 1878	EMERSON, William Andrew.		Boston [Mass.]	001065911		1879	http://www.flickr.com/photos/britishlibrary/11273221605	1	000265	11273221605	http://farm4.staticflickr.com/3677/11273221605_fd1a75a542_m.jpg	203	240	http://farm4.staticflickr.com/3677/11273221605_fd1a75a542.jpg	422	500	http://farm4.staticflickr.com/3677/11273221605_fd1a75a542_b.jpg	865	1024	http://farm4.staticflickr.com/3677/11273221605_7a1e524b67_o.jpg	1216	1440
0	J. A. & R. A. Reid	The Past and the Present. Narragansett sea and shore. An illustrated guide to Providence, Newport, Narragansett Pier, Block Island, Watch Hill, Rocky Point, Silver Spring, and all the famous sea-side resorts of Rhode Island, with a map of Narragansett Bay	DENISON, Frederic.		Providence	000908069		1879	http://www.flickr.com/photos/britishlibrary/11273259566	1	000043	11273259566	http://farm8.staticflickr.com/7442/11273259566_50c2f591ec_m.jpg	240	196	http://farm8.staticflickr.com/7442/11273259566_50c2f591ec.jpg	500	408	http://farm8.staticflickr.com/7442/11273259566_50c2f591ec_b.jpg	1024	835	http://farm8.staticflickr.com/7442/11273259566_b580736b22_o.jpg	1503	1225
0		Les Rues du vieux Paris. Galerie populaire et pittoresque ... Ouvrage illustré de 165 gravures sur bois	FOURNEL, Victor.		Paris	001279089		1879	http://www.flickr.com/photos/britishlibrary/11273330473	1	000571	11273330473	http://farm8.staticflickr.com/7365/11273330473_26cda36ea6_m.jpg	180	240	http://farm8.staticflickr.com/7365/11273330473_26cda36ea6.jpg	375	500	http://farm8.staticflickr.com/7365/11273330473_26cda36ea6_b.jpg	767	1024	http://farm8.staticflickr.com/7365/11273330473_897bdd14fd_o.jpg	1112	1485
0	E. Marlborough & Co.	Popular Guide up the Thames, to Kew, Richmond, Twickenham and Hampton Court			London	003605985		1879	http://www.flickr.com/photos/britishlibrary/11273328973	1	000032	11273328973	http://farm4.staticflickr.com/3756/11273328973_77864a3435_m.jpg	186	240	http://farm4.staticflickr.com/3756/11273328973_77864a3435.jpg	388	500	http://farm4.staticflickr.com/3756/11273328973_77864a3435_b.jpg	795	1024	http://farm4.staticflickr.com/3756/11273328973_c2782ba9c5_o.jpg	960	1237
02	American News Company	Round the world with General Grant. A narrative of the visit of General U. S. Grant ... to various countries ... in 1877, 1878, 1879. To which are added certain conversations with General Grant on questions connected with American politics and history ... With ... illustrations	YOUNG, John Russell.		New York	004002305		1879	http://www.flickr.com/photos/britishlibrary/11273219095	1	000504	11273219095	http://farm8.staticflickr.com/7423/11273219095_51cf783112_m.jpg	180	240	http://farm8.staticflickr.com/7423/11273219095_51cf783112.jpg	375	500	http://farm8.staticflickr.com/7423/11273219095_51cf783112_b.jpg	768	1024	http://farm8.staticflickr.com/7423/11273219095_37b966bfd2_o.jpg	1263	1683
02	American News Company	Round the world with General Grant. A narrative of the visit of General U. S. Grant ... to various countries ... in 1877, 1878, 1879. To which are added certain conversations with General Grant on questions connected with American politics and history ... With ... illustrations	YOUNG, John Russell.		New York	004002305		1879	http://www.flickr.com/photos/britishlibrary/11273328533	1	000548	11273328533	http://farm4.staticflickr.com/3675/11273328533_7dcfec9299_m.jpg	240	180	http://farm4.staticflickr.com/3675/11273328533_7dcfec9299.jpg	500	375	http://farm4.staticflickr.com/3675/11273328533_7dcfec9299_b.jpg	1024	768	http://farm4.staticflickr.com/3675/11273328533_ae09f6077f_o.jpg	1607	1205
02	L. H. Everts	History of the Connecticut Valley in Massachusetts (by N. B. Sylvester), with illustrations and biographical sketches of some of its prominent men and pioneers [by other authors]	SYLVESTER, Nathaniel Bartlett.		Philadelphia	003562080		1879	http://www.flickr.com/photos/britishlibrary/11273327513	1	000209	11273327513	http://farm8.staticflickr.com/7302/11273327513_fae4ae23ef_m.jpg	240	190	http://farm8.staticflickr.com/7302/11273327513_fae4ae23ef.jpg	500	396	http://farm8.staticflickr.com/7302/11273327513_fae4ae23ef_b.jpg	1024	811	http://farm8.staticflickr.com/7302/11273327513_cf695534cf_o.jpg	1631	1292
0		The Children's fairy geography, or a merry trip round Europe	WINSLOW, Forbes Edward.	lsidyv3c92d153	London	003952456	ark:/81055/vdc_00000005BE18	1879	http://www.flickr.com/photos/britishlibrary/11273281384	1	000176	11273281384	http://farm3.staticflickr.com/2848/11273281384_06a3ba37f2_m.jpg	240	153	http://farm3.staticflickr.com/2848/11273281384_06a3ba37f2.jpg	500	319	http://farm3.staticflickr.com/2848/11273281384_06a3ba37f2_b.jpg	1024	654	http://farm3.staticflickr.com/2848/11273281384_ebb6061d11_o.jpg	1720	1098
01		Old and New London, etc	Thornbury, Walter	lsidyv3c47ab1a	London	003628788	ark:/81055/vdc_000000059328	1879	http://www.flickr.com/photos/britishlibrary/11273326953	1	000246	11273326953	http://farm4.staticflickr.com/3683/11273326953_079aab4046_m.jpg	240	188	http://farm4.staticflickr.com/3683/11273326953_079aab4046.jpg	500	391	http://farm4.staticflickr.com/3683/11273326953_079aab4046_b.jpg	1024	800	http://farm4.staticflickr.com/3683/11273326953_cbd5cee5f1_o.jpg	1425	1113
0		Les Rues du vieux Paris. Galerie populaire et pittoresque ... Ouvrage illustré de 165 gravures sur bois	FOURNEL, Victor.		Paris	001279089		1879	http://www.flickr.com/photos/britishlibrary/11273325733	1	000457	11273325733	http://farm3.staticflickr.com/2868/11273325733_3b046fd0c5_m.jpg	162	240	http://farm3.staticflickr.com/2868/11273325733_3b046fd0c5.jpg	338	500	http://farm3.staticflickr.com/2868/11273325733_3b046fd0c5_b.jpg	693	1024	http://farm3.staticflickr.com/2868/11273325733_f6f7576303_o.jpg	843	1245
02		The Borders of the Tamar and the Tavy; their natural history, etc. A new edition	STOTHARD, afterwards BRAY, Anna Eliza.	lsidyv3c4640f3	London	003517963	ark:/81055/vdc_0000000591E4	1879	http://www.flickr.com/photos/britishlibrary/11273255236	1	000151	11273255236	http://farm8.staticflickr.com/7386/11273255236_c4e64d624f_m.jpg	162	240	http://farm8.staticflickr.com/7386/11273255236_c4e64d624f.jpg	338	500	http://farm8.staticflickr.com/7386/11273255236_c4e64d624f_b.jpg	692	1024	http://farm8.staticflickr.com/7386/11273255236_a24877359d_o.jpg	832	1232
01	American News Company	Round the world with General Grant. A narrative of the visit of General U. S. Grant ... to various countries ... in 1877, 1878, 1879. To which are added certain conversations with General Grant on questions connected with American politics and history ... With ... illustrations	YOUNG, John Russell.		New York	004002305		1879	http://www.flickr.com/photos/britishlibrary/11273280214	1	000074	11273280214	http://farm3.staticflickr.com/2838/11273280214_3d9b8cb0a3_m.jpg	240	165	http://farm3.staticflickr.com/2838/11273280214_3d9b8cb0a3.jpg	500	343	http://farm3.staticflickr.com/2838/11273280214_3d9b8cb0a3_b.jpg	1024	702	http://farm3.staticflickr.com/2838/11273280214_5860d34a16_o.jpg	1372	940
02	American News Company	Round the world with General Grant. A narrative of the visit of General U. S. Grant ... to various countries ... in 1877, 1878, 1879. To which are added certain conversations with General Grant on questions connected with American politics and history ... With ... illustrations	YOUNG, John Russell.		New York	004002305		1879	http://www.flickr.com/photos/britishlibrary/11273279364	1	000262	11273279364	http://farm3.staticflickr.com/2833/11273279364_72a43b8815_m.jpg	115	240	http://farm3.staticflickr.com/2833/11273279364_72a43b8815.jpg	239	500	http://farm3.staticflickr.com/2833/11273279364_72a43b8815_b.jpg	490	1024	http://farm3.staticflickr.com/2833/11273279364_849dceed62_o.jpg	792	1656
0		Mœurs et caractères des peuples, Asie-Amérique-Océanie. Morceaux extraits de divers auteurs. [With illustrations.]	CORTAMBERT, Richard.		Paris	000791358		1879	http://www.flickr.com/photos/britishlibrary/11273279644	1	000118	11273279644	http://farm8.staticflickr.com/7310/11273279644_3dbf740902_m.jpg	123	240	http://farm8.staticflickr.com/7310/11273279644_3dbf740902.jpg	256	500	http://farm8.staticflickr.com/7310/11273279644_3dbf740902_b.jpg	525	1024	http://farm8.staticflickr.com/7310/11273279644_8db793e597_o.jpg	746	1456
0	Thacker, Spink & Co.	[Lays of Ind ... Third edition.]	CHEEM, Aliph pseud. [i.e. Walter Yeldham.]		Calcutta; [London printed]	000675133		1879	http://www.flickr.com/photos/britishlibrary/11273277854	1	000104	11273277854	http://farm8.staticflickr.com/7299/11273277854_4e8c4af138_m.jpg	240	204	http://farm8.staticflickr.com/7299/11273277854_4e8c4af138.jpg	500	424	http://farm8.staticflickr.com/7299/11273277854_4e8c4af138_b.jpg	1024	869	http://farm8.staticflickr.com/7299/11273277854_3a7f8f237c_o.jpg	1168	991
0	Western Historical Company	The History of Des Moines County, Iowa, containing a history of the county ... a biographical directory of citizens ... portraits of early settlers and prominent men ... history of Iowa, map of Des Moines County ... Illustrated			Chicago	000916004		1879	http://www.flickr.com/photos/britishlibrary/11273252136	1	000343	11273252136	http://farm4.staticflickr.com/3744/11273252136_cf80fb3bf9_m.jpg	240	225	http://farm4.staticflickr.com/3744/11273252136_cf80fb3bf9.jpg	500	469	http://farm4.staticflickr.com/3744/11273252136_cf80fb3bf9_b.jpg	1024	960	http://farm4.staticflickr.com/3744/11273252136_7d0b585473_o.jpg	1421	1332
0	A. Williams & Co.	History of the town of Hollis, New Hampshire, from its first settlement to ... 1879. ... Illustrated, etc	WORCESTER, Samuel T.		Boston [Mass.]	003975907		1879	http://www.flickr.com/photos/britishlibrary/11273277574	1	000345	11273277574	http://farm3.staticflickr.com/2885/11273277574_d3a3fc2607_m.jpg	240	186	http://farm3.staticflickr.com/2885/11273277574_d3a3fc2607.jpg	500	388	http://farm3.staticflickr.com/2885/11273277574_d3a3fc2607_b.jpg	1024	795	http://farm3.staticflickr.com/2885/11273277574_e9a6f380a9_o.jpg	1283	996
0		A Dreamer's sketch-book ... [In verse.] With illustrations	WALTERS, Sophia Lydia.		London, Edinburgh [printed]	003845078		1879	http://www.flickr.com/photos/britishlibrary/11273250066	1	000070	11273250066	http://farm6.staticflickr.com/5508/11273250066_750c5487ca_m.jpg	240	178	http://farm6.staticflickr.com/5508/11273250066_750c5487ca.jpg	500	371	http://farm6.staticflickr.com/5508/11273250066_750c5487ca_b.jpg	1024	759	http://farm6.staticflickr.com/5508/11273250066_2c0e3063f0_o.jpg	1458	1081
02	J. B. Lippincott & Co.	History of Princeton and its institutions. ... Illustrated with ... engravings Second edition	HAGEMAN, John Frelinghuysen.		Philadelphia	001560548		1879	http://www.flickr.com/photos/britishlibrary/11273276444	1	000113	11273276444	http://farm3.staticflickr.com/2859/11273276444_feca6ee414_m.jpg	240	204	http://farm3.staticflickr.com/2859/11273276444_feca6ee414.jpg	500	426	http://farm3.staticflickr.com/2859/11273276444_feca6ee414_b.jpg	1024	872	http://farm3.staticflickr.com/2859/11273276444_4298b8cd08_o.jpg	1533	1306
02	American News Company	Round the world with General Grant. A narrative of the visit of General U. S. Grant ... to various countries ... in 1877, 1878, 1879. To which are added certain conversations with General Grant on questions connected with American politics and history ... With ... illustrations	YOUNG, John Russell.		New York	004002305		1879	http://www.flickr.com/photos/britishlibrary/11273250476	1	000357	11273250476	http://farm3.staticflickr.com/2894/11273250476_86f03fd5dc_m.jpg	240	162	http://farm3.staticflickr.com/2894/11273250476_86f03fd5dc.jpg	500	338	http://farm3.staticflickr.com/2894/11273250476_86f03fd5dc_b.jpg	1024	693	http://farm3.staticflickr.com/2894/11273250476_ac08e8fc06_o.jpg	1622	1097
0		The Illustrated Guide to Sheffield and the surrounding district, etc	TAYLOR, John of Sheffield		Sheffield	003589731		1879	http://www.flickr.com/photos/britishlibrary/11273274114	1	000129	11273274114	http://farm6.staticflickr.com/5550/11273274114_6a0f65f818_m.jpg	191	240	http://farm6.staticflickr.com/5550/11273274114_6a0f65f818.jpg	398	500	http://farm6.staticflickr.com/5550/11273274114_6a0f65f818_b.jpg	816	1024	http://farm6.staticflickr.com/5550/11273274114_6df9eac76a_o.jpg	1128	1415
0	Religious Tract Society	English Pictures drawn with pen and pencil	MANNING, Samuel LL.D. and GREEN (Samuel Gosnell)	lsidyv3c492c1d	London	002369135	ark:/81055/vdc_000000059460	1879	http://www.flickr.com/photos/britishlibrary/11273319293	1	000177	11273319293	http://farm8.staticflickr.com/7376/11273319293_e951451246_m.jpg	113	240	http://farm8.staticflickr.com/7376/11273319293_e951451246.jpg	236	500	http://farm8.staticflickr.com/7376/11273319293_e951451246_b.jpg	484	1024	http://farm8.staticflickr.com/7376/11273319293_49e4c45621_o.jpg	958	2026
0	Everts & Ensign	History of Toga, Chemung, Tompkins, and Schuyler Counties, New York. With illustrations and biographical sketches of some of its prominent men and pioneers	PEIRCE, Henry B. and HURD (Duane Hamilton)		Philadelphia	002810116		1879	http://www.flickr.com/photos/britishlibrary/11273318983	1	000676	11273318983	http://farm4.staticflickr.com/3745/11273318983_4552bff668_m.jpg	240	161	http://farm4.staticflickr.com/3745/11273318983_4552bff668.jpg	500	336	http://farm4.staticflickr.com/3745/11273318983_4552bff668_b.jpg	1024	689	http://farm4.staticflickr.com/3745/11273318983_01e1335113_o.jpg	1490	1002
0	D. W. Ensign & Co.	History of Columbiana County, Ohio, with illustrations and biographical sketches of its prominent men and pioneers	MACK, Horace.		Philadelphia	002319445		1879	http://www.flickr.com/photos/britishlibrary/11273317403	2	000375	11273317403	http://farm3.staticflickr.com/2881/11273317403_fe27f8be9d_m.jpg	240	195	http://farm3.staticflickr.com/2881/11273317403_fe27f8be9d.jpg	500	406	http://farm3.staticflickr.com/2881/11273317403_fe27f8be9d_b.jpg	1024	832	http://farm3.staticflickr.com/2881/11273317403_2623906b15_o.jpg	1256	1020
0		Monuments religieux, civils et militaires du Gatinais, ... depuis le XIe jusqu'au XVIIe siècle. ... Ouvrage accompagné de planches, etc	MICHEL, Edmond.		Lyon	002482448		1879	http://www.flickr.com/photos/britishlibrary/11273272654	1	000561	11273272654	http://farm3.staticflickr.com/2860/11273272654_d5a8d3d860_m.jpg	240	150	http://farm3.staticflickr.com/2860/11273272654_d5a8d3d860.jpg	500	312	http://farm3.staticflickr.com/2860/11273272654_d5a8d3d860_b.jpg	1024	639	http://farm3.staticflickr.com/2860/11273272654_329bf8749b_o.jpg	1845	1151
0	Mission Press	Jottings made during a Tour amongst the Land Dyaks of Upper Sarawak, Borneo, during the year, 1874	DENISON, Noel.		Singapore	000908288		1879	http://www.flickr.com/photos/britishlibrary/11273207495	2	000042	11273207495	http://farm8.staticflickr.com/7355/11273207495_b48866f638_m.jpg	240	190	http://farm8.staticflickr.com/7355/11273207495_b48866f638.jpg	500	395	http://farm8.staticflickr.com/7355/11273207495_b48866f638_b.jpg	1024	809	http://farm8.staticflickr.com/7355/11273207495_ab9ccdba94_o.jpg	1450	1145
0	Lewis, Peck & Co.	History of Steuben County, New York, with illustrations and biographical sketches of some of its prominent men and pioneers	CLAYTON, W. Woodford.		Philadelphia	000719876		1879	http://www.flickr.com/photos/britishlibrary/11273206725	1	000329	11273206725	http://farm6.staticflickr.com/5523/11273206725_a6eb06b5ae_m.jpg	240	199	http://farm6.staticflickr.com/5523/11273206725_a6eb06b5ae.jpg	500	415	http://farm6.staticflickr.com/5523/11273206725_a6eb06b5ae_b.jpg	1024	850	http://farm6.staticflickr.com/5523/11273206725_50f644b31a_o.jpg	1188	986
02	D. Appleton & Co.	[Appleton's European Guide Book illustrated. Including England, Scotland, and Ireland, France, Belgium, Holland, Northern and Southern Germany, Switzerland, Italy, Spain and Portugal, Russia, Denmark, Norway, and Sweden. Containing ... maps, etc.]	APPLETON, Daniel AND CO	lsidyv3cbe7355	New York; Longmans & Co	000100280	ark:/81055/vdc_00000005D9DE	1879	http://www.flickr.com/photos/britishlibrary/11273245786	1	000109	11273245786	http://farm3.staticflickr.com/2845/11273245786_4f22675a67_m.jpg	175	240	http://farm3.staticflickr.com/2845/11273245786_4f22675a67.jpg	365	500	http://farm3.staticflickr.com/2845/11273245786_4f22675a67_b.jpg	748	1024	http://farm3.staticflickr.com/2845/11273245786_7562feaa1a_o.jpg	938	1284
0	W. Mullan & Son	Winifred Martin. A story of English family life ... With illustrations, etc	BROOK, afterwards ROSS, Ellen.		London & Belfast	000486054		1879	http://www.flickr.com/photos/britishlibrary/11273206305	1	000504	11273206305	http://farm8.staticflickr.com/7460/11273206305_235476233c_m.jpg	222	240	http://farm8.staticflickr.com/7460/11273206305_235476233c.jpg	462	500	http://farm8.staticflickr.com/7460/11273206305_235476233c_b.jpg	947	1024	http://farm8.staticflickr.com/7460/11273206305_cd57580082_o.jpg	1127	1219
0		[Brazil and the Brazilians ... in historical and descriptive sketches ... Engravings.]	KIDDER, Daniel Parish and FLETCHER (James C.)		London	001961854		1879	http://www.flickr.com/photos/britishlibrary/11273244676	1	000140	11273244676	http://farm4.staticflickr.com/3791/11273244676_b486d9fa79_m.jpg	204	240	http://farm4.staticflickr.com/3791/11273244676_b486d9fa79.jpg	425	500	http://farm4.staticflickr.com/3791/11273244676_b486d9fa79_b.jpg	870	1024	http://farm4.staticflickr.com/3791/11273244676_2bb6780036_o.jpg	1162	1368
02	L. H. Everts	History of the Connecticut Valley in Massachusetts (by N. B. Sylvester), with illustrations and biographical sketches of some of its prominent men and pioneers [by other authors]	SYLVESTER, Nathaniel Bartlett.		Philadelphia	003562080		1879	http://www.flickr.com/photos/britishlibrary/11273269164	1	000065	11273269164	http://farm4.staticflickr.com/3681/11273269164_1fca4af477_m.jpg	240	183	http://farm4.staticflickr.com/3681/11273269164_1fca4af477.jpg	500	381	http://farm4.staticflickr.com/3681/11273269164_1fca4af477_b.jpg	1024	780	http://farm4.staticflickr.com/3681/11273269164_2c420a099c_o.jpg	1636	1246
0	Religious Tract Society	The Lands of Scripture: comprising “Those Holy Fields”; “The Land of the Pharaohs” [both by S. M.]; “Pictures from Bible Lands” (edited by S. G. Green. The illustrations by E. Whymper, etc.)	MANNING, Samuel LL.D		London	002369128		1879	http://www.flickr.com/photos/britishlibrary/11273313573	1	000155	11273313573	http://farm3.staticflickr.com/2869/11273313573_20ed478ffe_m.jpg	71	240	http://farm3.staticflickr.com/2869/11273313573_20ed478ffe.jpg	147	500	http://farm3.staticflickr.com/2869/11273313573_20ed478ffe_b.jpg	302	1024	http://farm3.staticflickr.com/2869/11273313573_0de6cedde2_o.jpg	592	2008
0		Materialien für den Unterricht in der Geographie nach der constructiven Methode	WENZ, Gustav Geographer		München	003889554		1879	http://www.flickr.com/photos/britishlibrary/11273204035	1	000106	11273204035	http://farm4.staticflickr.com/3829/11273204035_c7a68e1e25_m.jpg	186	240	http://farm4.staticflickr.com/3829/11273204035_c7a68e1e25.jpg	388	500	http://farm4.staticflickr.com/3829/11273204035_c7a68e1e25_b.jpg	795	1024	http://farm4.staticflickr.com/3829/11273204035_21950fb47d_o.jpg	1158	1491
01		Knaresborough Castle Yard. (The Microcosm: and, Malcolm, a holiday-walk. A few occasional pieces.) [In verse.]			London, Bristol [printed]	001987484		1879	http://www.flickr.com/photos/britishlibrary/11273267954	1	000093	11273267954	http://farm6.staticflickr.com/5548/11273267954_4d226db529_m.jpg	240	149	http://farm6.staticflickr.com/5548/11273267954_4d226db529.jpg	500	311	http://farm6.staticflickr.com/5548/11273267954_4d226db529_b.jpg	1024	637	http://farm6.staticflickr.com/5548/11273267954_bf4964384a_o.jpg	1507	937
0	E. Marlborough & Co.	Popular Guide up the Thames, to Kew, Richmond, Twickenham and Hampton Court			London	003605985		1879	http://www.flickr.com/photos/britishlibrary/11273312383	1	000021	11273312383	http://farm8.staticflickr.com/7346/11273312383_1d4f50dfed_m.jpg	217	240	http://farm8.staticflickr.com/7346/11273312383_1d4f50dfed.jpg	451	500	http://farm8.staticflickr.com/7346/11273312383_1d4f50dfed_b.jpg	924	1024	http://farm8.staticflickr.com/7346/11273312383_1f9b8684eb_o.jpg	1088	1206
01		The Australian abroad. Branches from the Main Routes round the World. [Reprinted from the Melbourne “Argus.” With illustrations.] 2 series	HINGSTON, James.	lsidyv3cbf9abe	London	001689101	ark:/81055/vdc_00000005DA7A	1879	http://www.flickr.com/photos/britishlibrary/11273202775	1	000063	11273202775	http://farm6.staticflickr.com/5548/11273202775_affe435ddc_m.jpg	156	240	http://farm6.staticflickr.com/5548/11273202775_affe435ddc.jpg	324	500	http://farm6.staticflickr.com/5548/11273202775_affe435ddc_b.jpg	664	1024	http://farm6.staticflickr.com/5548/11273202775_eabe55b11b_o.jpg	907	1399
02	American News Company	Round the world with General Grant. A narrative of the visit of General U. S. Grant ... to various countries ... in 1877, 1878, 1879. To which are added certain conversations with General Grant on questions connected with American politics and history ... With ... illustrations	YOUNG, John Russell.		New York	004002305		1879	http://www.flickr.com/photos/britishlibrary/11273311233	1	000355	11273311233	http://farm3.staticflickr.com/2859/11273311233_1c9c6d5ae6_m.jpg	121	240	http://farm3.staticflickr.com/2859/11273311233_1c9c6d5ae6.jpg	251	500	http://farm3.staticflickr.com/2859/11273311233_1c9c6d5ae6_b.jpg	515	1024	http://farm3.staticflickr.com/2859/11273311233_a020a2ddcf_o.jpg	837	1663
0	Macmillan and Co.	The Arctic Voyages of A. E. Nordenskiöld. 1858-1879. With illustrations and maps	LESLIE, Alexander of Aberdeen		London	002142895		1879	http://www.flickr.com/photos/britishlibrary/11273266654	1	000242	11273266654	http://farm4.staticflickr.com/3773/11273266654_83ef9ae59c_m.jpg	199	240	http://farm4.staticflickr.com/3773/11273266654_83ef9ae59c.jpg	416	500	http://farm4.staticflickr.com/3773/11273266654_83ef9ae59c_b.jpg	851	1024	http://farm4.staticflickr.com/3773/11273266654_307860d829_o.jpg	1260	1517
01	American News Company	Round the world with General Grant. A narrative of the visit of General U. S. Grant ... to various countries ... in 1877, 1878, 1879. To which are added certain conversations with General Grant on questions connected with American politics and history ... With ... illustrations	YOUNG, John Russell.		New York	004002305		1879	http://www.flickr.com/photos/britishlibrary/11273239446	1	000587	11273239446	http://farm4.staticflickr.com/3745/11273239446_8bb26b3a61_m.jpg	240	190	http://farm4.staticflickr.com/3745/11273239446_8bb26b3a61.jpg	500	396	http://farm4.staticflickr.com/3745/11273239446_8bb26b3a61_b.jpg	1024	812	http://farm4.staticflickr.com/3745/11273239446_0e83819f82_o.jpg	1338	1061
01	Tinsley Brothers	Berlin under the New Empire, its institutions, inhabitants, industry ... With ... engravings, etc	VIZETELLY, Henry.		London	003807524		1879	http://www.flickr.com/photos/britishlibrary/11273309383	2	000208	11273309383	http://farm3.staticflickr.com/2806/11273309383_437bd9b3b2_m.jpg	240	180	http://farm3.staticflickr.com/2806/11273309383_437bd9b3b2.jpg	500	376	http://farm3.staticflickr.com/2806/11273309383_437bd9b3b2_b.jpg	1024	770	http://farm3.staticflickr.com/2806/11273309383_3242565355_o.jpg	1356	1020
0	Harper & Bros.	What Mr. Darwin saw in his Voyage round The World in the Ship “Beagle.” [Compiled and adapted from “Journal of Researches into the Geology and Natural History of the Various Countries visited by H.M.S. Beagle, etc.”]	Darwin, Charles	lsidyv3c8ea4b0	New York	000868098	ark:/81055/vdc_00000005BB84	1879	http://www.flickr.com/photos/britishlibrary/11273309703	1	000050	11273309703	http://farm6.staticflickr.com/5514/11273309703_d50f76a39c_m.jpg	155	240	http://farm6.staticflickr.com/5514/11273309703_d50f76a39c.jpg	323	500	http://farm6.staticflickr.com/5514/11273309703_d50f76a39c_b.jpg	662	1024	http://farm6.staticflickr.com/5514/11273309703_8cb5eabcd8_o.jpg	850	1315
0	Wesleyan Conference Office	Rambles in Bible Lands	NEWTON, Richard D.D., Rector of St. Paul's Church, Philadelphia	lsidyv3ca35e3a	London	002646495	ark:/81055/vdc_00000005C826	1879	http://www.flickr.com/photos/britishlibrary/11273238346	1	000290	11273238346	http://farm4.staticflickr.com/3823/11273238346_7c09dce2aa_m.jpg	190	240	http://farm4.staticflickr.com/3823/11273238346_7c09dce2aa.jpg	395	500	http://farm4.staticflickr.com/3823/11273238346_7c09dce2aa_b.jpg	809	1024	http://farm4.staticflickr.com/3823/11273238346_737c4e65a2_o.jpg	980	1241
0	Lewis, Peck & Co.	History of Steuben County, New York, with illustrations and biographical sketches of some of its prominent men and pioneers	CLAYTON, W. Woodford.		Philadelphia	000719876		1879	http://www.flickr.com/photos/britishlibrary/11273198485	1	000655	11273198485	http://farm8.staticflickr.com/7407/11273198485_c654ccece2_m.jpg	240	167	http://farm8.staticflickr.com/7407/11273198485_c654ccece2.jpg	500	347	http://farm8.staticflickr.com/7407/11273198485_c654ccece2_b.jpg	1024	711	http://farm8.staticflickr.com/7407/11273198485_9ff8b87475_o.jpg	1477	1026
0		The Illustrated Guide to Sheffield and the surrounding district, etc	TAYLOR, John of Sheffield		Sheffield	003589731		1879	http://www.flickr.com/photos/britishlibrary/11273198645	1	000144	11273198645	http://farm3.staticflickr.com/2866/11273198645_8306ded953_m.jpg	240	183	http://farm3.staticflickr.com/2866/11273198645_8306ded953.jpg	500	381	http://farm3.staticflickr.com/2866/11273198645_8306ded953_b.jpg	1024	781	http://farm3.staticflickr.com/2866/11273198645_5c4a16ea22_o.jpg	1503	1146
0		The Black Forest, its people and legends. [With maps and illustrations.]	SÉGUIN, afterwards STRAHAN, Lisbeth Gooch.	lsidyv3bbdd558	London, Edinburgh	003328570	ark:/81055/vdc_000000053B26	1879	http://www.flickr.com/photos/britishlibrary/11273262174	1	000304	11273262174	http://farm8.staticflickr.com/7440/11273262174_6bfd12f83a_m.jpg	240	203	http://farm8.staticflickr.com/7440/11273262174_6bfd12f83a.jpg	500	423	http://farm8.staticflickr.com/7440/11273262174_6bfd12f83a_b.jpg	1024	867	http://farm8.staticflickr.com/7440/11273262174_e00e2ceb00_o.jpg	1411	1194
0	Mark and Bailey	Northampton past and present, a Handy Guide Book to the town and neighbourhood			Northampton	002673317		1879	http://www.flickr.com/photos/britishlibrary/11273197405	1	000120	11273197405	http://farm8.staticflickr.com/7448/11273197405_d46418f481_m.jpg	240	228	http://farm8.staticflickr.com/7448/11273197405_d46418f481.jpg	500	475	http://farm8.staticflickr.com/7448/11273197405_d46418f481_b.jpg	1024	972	http://farm8.staticflickr.com/7448/11273197405_3fb133875a_o.jpg	1332	1264
0	Everts & Abbott	History of Hillsdale County, Michigan, with illustrations and biographical sketches of some of its prominent men, etc	Johnson, Crisfield.		Philadelphia	001884500		1879	http://www.flickr.com/photos/britishlibrary/11273261104	1	000402	11273261104	http://farm4.staticflickr.com/3788/11273261104_c72f266a10_m.jpg	240	197	http://farm4.staticflickr.com/3788/11273261104_c72f266a10.jpg	500	410	http://farm4.staticflickr.com/3788/11273261104_c72f266a10_b.jpg	1024	840	http://farm4.staticflickr.com/3788/11273261104_e09d6d33f3_o.jpg	1183	970
0		The Illustrated Guide to Sheffield and the surrounding district, etc	TAYLOR, John of Sheffield		Sheffield	003589731		1879	http://www.flickr.com/photos/britishlibrary/11273260294	1	000356	11273260294	http://farm3.staticflickr.com/2859/11273260294_3d73a70ec1_m.jpg	193	240	http://farm3.staticflickr.com/2859/11273260294_3d73a70ec1.jpg	402	500	http://farm3.staticflickr.com/2859/11273260294_3d73a70ec1_b.jpg	823	1024	http://farm3.staticflickr.com/2859/11273260294_ddac747250_o.jpg	1137	1415
0	Everts & Abbott	History of Hillsdale County, Michigan, with illustrations and biographical sketches of some of its prominent men, etc	Johnson, Crisfield.		Philadelphia	001884500		1879	http://www.flickr.com/photos/britishlibrary/11273304583	1	000180	11273304583	http://farm4.staticflickr.com/3676/11273304583_35f3d2029c_m.jpg	240	189	http://farm4.staticflickr.com/3676/11273304583_35f3d2029c.jpg	500	395	http://farm4.staticflickr.com/3676/11273304583_35f3d2029c_b.jpg	1024	808	http://farm4.staticflickr.com/3676/11273304583_c56d4efb5c_o.jpg	1483	1170
0	Everts & Ensign	History of Toga, Chemung, Tompkins, and Schuyler Counties, New York. With illustrations and biographical sketches of some of its prominent men and pioneers	PEIRCE, Henry B. and HURD (Duane Hamilton)		Philadelphia	002810116		1879	http://www.flickr.com/photos/britishlibrary/11273304623	1	000808	11273304623	http://farm6.staticflickr.com/5540/11273304623_754e46f4fc_m.jpg	240	214	http://farm6.staticflickr.com/5540/11273304623_754e46f4fc.jpg	500	446	http://farm6.staticflickr.com/5540/11273304623_754e46f4fc_b.jpg	1024	914	http://farm6.staticflickr.com/5540/11273304623_1c30c46f12_o.jpg	1521	1358
01	American News Company	Round the world with General Grant. A narrative of the visit of General U. S. Grant ... to various countries ... in 1877, 1878, 1879. To which are added certain conversations with General Grant on questions connected with American politics and history ... With ... illustrations	YOUNG, John Russell.		New York	004002305		1879	http://www.flickr.com/photos/britishlibrary/11273233326	1	000062	11273233326	http://farm8.staticflickr.com/7322/11273233326_9656f96aca_m.jpg	240	165	http://farm8.staticflickr.com/7322/11273233326_9656f96aca.jpg	500	343	http://farm8.staticflickr.com/7322/11273233326_9656f96aca_b.jpg	1024	703	http://farm8.staticflickr.com/7322/11273233326_3fb72d43d4_o.jpg	1357	932
0		[Brazil and the Brazilians ... in historical and descriptive sketches ... Engravings.]	KIDDER, Daniel Parish and FLETCHER (James C.)		London	001961854		1879	http://www.flickr.com/photos/britishlibrary/11273257994	1	000625	11273257994	http://farm4.staticflickr.com/3729/11273257994_23b2478ecc_m.jpg	198	240	http://farm4.staticflickr.com/3729/11273257994_23b2478ecc.jpg	413	500	http://farm4.staticflickr.com/3729/11273257994_23b2478ecc_b.jpg	845	1024	http://farm4.staticflickr.com/3729/11273257994_18abd040f2_o.jpg	1183	1433
0	Cassell, Petter, Galpin & Co.	Morocco: its people and places ... Translated by C. Rollin-Tilton. With ... illustrations	AMICIS, Edmondo de.	lsidyv3c6b00d2	London	000070870	ark:/81055/vdc_00000005AC0C	1879	http://www.flickr.com/photos/britishlibrary/11273303153	1	000108	11273303153	http://farm8.staticflickr.com/7440/11273303153_321cd56254_m.jpg	116	240	http://farm8.staticflickr.com/7440/11273303153_321cd56254.jpg	242	500	http://farm8.staticflickr.com/7440/11273303153_321cd56254_b.jpg	496	1024	http://farm8.staticflickr.com/7440/11273303153_035ac122ec_o.jpg	916	1892
02	L. H. Everts	History of the Connecticut Valley in Massachusetts (by N. B. Sylvester), with illustrations and biographical sketches of some of its prominent men and pioneers [by other authors]	SYLVESTER, Nathaniel Bartlett.		Philadelphia	003562080		1879	http://www.flickr.com/photos/britishlibrary/11273231586	1	000156	11273231586	http://farm8.staticflickr.com/7416/11273231586_e6920ed6f1_m.jpg	240	163	http://farm8.staticflickr.com/7416/11273231586_e6920ed6f1.jpg	500	339	http://farm8.staticflickr.com/7416/11273231586_e6920ed6f1_b.jpg	1024	695	http://farm8.staticflickr.com/7416/11273231586_1e439bf318_o.jpg	1527	1036
01	American News Company	Round the world with General Grant. A narrative of the visit of General U. S. Grant ... to various countries ... in 1877, 1878, 1879. To which are added certain conversations with General Grant on questions connected with American politics and history ... With ... illustrations	YOUNG, John Russell.		New York	004002305		1879	http://www.flickr.com/photos/britishlibrary/11273255954	1	000507	11273255954	http://farm4.staticflickr.com/3754/11273255954_5d83529c6a_m.jpg	173	240	http://farm4.staticflickr.com/3754/11273255954_5d83529c6a.jpg	360	500	http://farm4.staticflickr.com/3754/11273255954_5d83529c6a_b.jpg	737	1024	http://farm4.staticflickr.com/3754/11273255954_de2369e0ca_o.jpg	1228	1707
02	American News Company	Round the world with General Grant. A narrative of the visit of General U. S. Grant ... to various countries ... in 1877, 1878, 1879. To which are added certain conversations with General Grant on questions connected with American politics and history ... With ... illustrations	YOUNG, John Russell.		New York	004002305		1879	http://www.flickr.com/photos/britishlibrary/11273256074	1	000103	11273256074	http://farm4.staticflickr.com/3792/11273256074_fe4fdff3d8_m.jpg	240	195	http://farm4.staticflickr.com/3792/11273256074_fe4fdff3d8.jpg	500	406	http://farm4.staticflickr.com/3792/11273256074_fe4fdff3d8_b.jpg	1024	831	http://farm4.staticflickr.com/3792/11273256074_9e5e1e6ca4_o.jpg	1451	1177
0	C. R. Barns	Switzler's Illustrated History of Missouri, from 1541 to 1877, etc. [Edited by C. R. Barns. From the larger work edited by him, entitled: “The Commonwealth of Missouri.”]	BARNS, Chancy R.		Saint Louis	000206134		1879	http://www.flickr.com/photos/britishlibrary/11273255314	1	000034	11273255314	http://farm6.staticflickr.com/5537/11273255314_a9e0693e45_m.jpg	211	240	http://farm6.staticflickr.com/5537/11273255314_a9e0693e45.jpg	440	500	http://farm6.staticflickr.com/5537/11273255314_a9e0693e45_b.jpg	901	1024	http://farm6.staticflickr.com/5537/11273255314_359d69f8ea_o.jpg	1016	1155
01	Tinsley Brothers	Berlin under the New Empire, its institutions, inhabitants, industry ... With ... engravings, etc	VIZETELLY, Henry.		London	003807524		1879	http://www.flickr.com/photos/britishlibrary/11273229136	1	000389	11273229136	http://farm4.staticflickr.com/3744/11273229136_d237117cc1_m.jpg	221	240	http://farm4.staticflickr.com/3744/11273229136_d237117cc1.jpg	461	500	http://farm4.staticflickr.com/3744/11273229136_d237117cc1_b.jpg	944	1024	http://farm4.staticflickr.com/3744/11273229136_bab245ff13_o.jpg	1310	1421
0	Wesleyan Conference Office	Rambles in Bible Lands	NEWTON, Richard D.D., Rector of St. Paul's Church, Philadelphia	lsidyv3ca35e3a	London	002646495	ark:/81055/vdc_00000005C826	1879	http://www.flickr.com/photos/britishlibrary/11273299243	1	000247	11273299243	http://farm3.staticflickr.com/2809/11273299243_e9be0cd223_m.jpg	240	217	http://farm3.staticflickr.com/2809/11273299243_e9be0cd223.jpg	500	452	http://farm3.staticflickr.com/2809/11273299243_e9be0cd223_b.jpg	1024	926	http://farm3.staticflickr.com/2809/11273299243_935f10df6a_o.jpg	1515	1370
0	Cassell, Petter, Galpin & Co.	Morocco: its people and places ... Translated by C. Rollin-Tilton. With ... illustrations	AMICIS, Edmondo de.	lsidyv3c6b00d2	London	000070870	ark:/81055/vdc_00000005AC0C	1879	http://www.flickr.com/photos/britishlibrary/11273189955	1	000193	11273189955	http://farm6.staticflickr.com/5513/11273189955_88d8dba134_m.jpg	240	171	http://farm6.staticflickr.com/5513/11273189955_88d8dba134.jpg	500	356	http://farm6.staticflickr.com/5513/11273189955_88d8dba134_b.jpg	1024	730	http://farm6.staticflickr.com/5513/11273189955_3e4c2da3a4_o.jpg	1412	1006
0	Moses King	King's Handbook of Boston. Profusely illustrated. [With a map.]	KING, Moses.		Cambridge, Mass	001968594		1879	http://www.flickr.com/photos/britishlibrary/11273227866	1	000161	11273227866	http://farm3.staticflickr.com/2848/11273227866_24be9d1c37_m.jpg	174	240	http://farm3.staticflickr.com/2848/11273227866_24be9d1c37.jpg	363	500	http://farm3.staticflickr.com/2848/11273227866_24be9d1c37_b.jpg	744	1024	http://farm3.staticflickr.com/2848/11273227866_a1cf6ce46d_o.jpg	1023	1408
02	L. H. Everts	History of the Connecticut Valley in Massachusetts (by N. B. Sylvester), with illustrations and biographical sketches of some of its prominent men and pioneers [by other authors]	SYLVESTER, Nathaniel Bartlett.		Philadelphia	003562080		1879	http://www.flickr.com/photos/britishlibrary/11273297503	2	000549	11273297503	http://farm4.staticflickr.com/3733/11273297503_d3ae5fc2c8_m.jpg	240	210	http://farm4.staticflickr.com/3733/11273297503_d3ae5fc2c8.jpg	500	438	http://farm4.staticflickr.com/3733/11273297503_d3ae5fc2c8_b.jpg	1024	898	http://farm4.staticflickr.com/3733/11273297503_80890c9eb2_o.jpg	1301	1141
0	Netherton & Worth	[Peeps into the Haunts and Homes of the Rural Population of Cornwall. Being reminiscences of Cornish character and characteristics, etc.]	TREGELLAS, John Tabois.	lsidyv3c0f7179	Truro	003669474	ark:/81055/vdc_00000005644E	1879	http://www.flickr.com/photos/britishlibrary/11273252634	1	000104	11273252634	http://farm3.staticflickr.com/2861/11273252634_bffde9d8cf_m.jpg	239	240	http://farm3.staticflickr.com/2861/11273252634_bffde9d8cf.jpg	498	500	http://farm3.staticflickr.com/2861/11273252634_bffde9d8cf_b.jpg	1019	1024	http://farm3.staticflickr.com/2861/11273252634_a96f50f37f_o.jpg	1207	1213
0	Netherton & Worth	[Peeps into the Haunts and Homes of the Rural Population of Cornwall. Being reminiscences of Cornish character and characteristics, etc.]	TREGELLAS, John Tabois.	lsidyv3c0f7179	Truro	003669474	ark:/81055/vdc_00000005644E	1879	http://www.flickr.com/photos/britishlibrary/11273295983	1	000112	11273295983	http://farm6.staticflickr.com/5540/11273295983_764d09f79d_m.jpg	209	240	http://farm6.staticflickr.com/5540/11273295983_764d09f79d.jpg	436	500	http://farm6.staticflickr.com/5540/11273295983_764d09f79d_b.jpg	892	1024	http://farm6.staticflickr.com/5540/11273295983_338d4b398b_o.jpg	963	1106
0		The History of France, from the earliest times to the outbreak of the Revolution. Abridged from ... R. Black's translation of ... Guizot's larger history. With chronological index, ... tables, portraits ... By G. Masson, etc	GUIZOT, François Pierre Guillaume.		London	001541681		1879	http://www.flickr.com/photos/britishlibrary/11273226466	1	000124	11273226466	http://farm8.staticflickr.com/7429/11273226466_6ced9788c8_m.jpg	176	240	http://farm8.staticflickr.com/7429/11273226466_6ced9788c8.jpg	366	500	http://farm8.staticflickr.com/7429/11273226466_6ced9788c8_b.jpg	750	1024	http://farm8.staticflickr.com/7429/11273226466_a3abb30f35_o.jpg	1022	1396
0	Moses King	King's Handbook of Boston. Profusely illustrated. [With a map.]	KING, Moses.		Cambridge, Mass	001968594		1879	http://www.flickr.com/photos/britishlibrary/11273186865	1	000104	11273186865	http://farm8.staticflickr.com/7415/11273186865_7e8cf59b34_m.jpg	240	140	http://farm8.staticflickr.com/7415/11273186865_7e8cf59b34.jpg	500	291	http://farm8.staticflickr.com/7415/11273186865_7e8cf59b34_b.jpg	1024	596	http://farm8.staticflickr.com/7415/11273186865_8768eea6ec_o.jpg	1500	873
0	Western Historical Company	The History of Jones County, Iowa ... illustrated			Chicago	001892342		1879	http://www.flickr.com/photos/britishlibrary/11273249554	1	000536	11273249554	http://farm6.staticflickr.com/5530/11273249554_2839535707_m.jpg	240	159	http://farm6.staticflickr.com/5530/11273249554_2839535707.jpg	500	332	http://farm6.staticflickr.com/5530/11273249554_2839535707_b.jpg	1024	680	http://farm6.staticflickr.com/5530/11273249554_2f8ec1f9f5_o.jpg	1577	1047
0	W. Mullan & Son	A E I. Arabia, Egypt, India. A narrative of travel. With fifteen illustrations and two maps	Burton, Isabel Lady	lsidyv3c6913ea	London	000546853	ark:/81055/vdc_00000005AAB6	1879	http://www.flickr.com/photos/britishlibrary/11273184405	1	000534	11273184405	http://farm4.staticflickr.com/3821/11273184405_e81039e670_m.jpg	209	240	http://farm4.staticflickr.com/3821/11273184405_e81039e670.jpg	436	500	http://farm4.staticflickr.com/3821/11273184405_e81039e670_b.jpg	893	1024	http://farm4.staticflickr.com/3821/11273184405_1c417be8ed_o.jpg	1178	1351
0		Leaves from my Note-Book; ... tales ... portraying Irish Life and Character. By an ex-officer of the Royal Irish Constabulary. [With plates.]			London	001819523		1879	http://www.flickr.com/photos/britishlibrary/11273223386	1	000044	11273223386	http://farm8.staticflickr.com/7301/11273223386_64703a7f19_m.jpg	182	240	http://farm8.staticflickr.com/7301/11273223386_64703a7f19.jpg	378	500	http://farm8.staticflickr.com/7301/11273223386_64703a7f19_b.jpg	775	1024	http://farm8.staticflickr.com/7301/11273223386_424ab85cd7_o.jpg	917	1212
0	W. Le Baron, Jr., & Co.	The history of McLean County, Illinois, containing a history of the County [by C. P. Merriman], its cities, towns, etc. [by J. H. Burnham, H. H. Hill, and A. W. Kellogg]	HILL, H. H. Historian		Chicago	002326542		1879	http://www.flickr.com/photos/britishlibrary/11273246774	1	000027	11273246774	http://farm4.staticflickr.com/3722/11273246774_a59c54c7a9_m.jpg	238	240	http://farm4.staticflickr.com/3722/11273246774_a59c54c7a9.jpg	497	500	http://farm4.staticflickr.com/3722/11273246774_a59c54c7a9_b.jpg	1017	1024	http://farm4.staticflickr.com/3722/11273246774_7a8d697a8f_o.jpg	1183	1191
0		Die amerikanische Nordpol-Expedition ... Mit zahlreichen Illustrationen in Holzschnitt, etc	BESSELS, Emil.		Leipzig	000303634		1879	http://www.flickr.com/photos/britishlibrary/11273182455	1	000354	11273182455	http://farm8.staticflickr.com/7403/11273182455_9a3fa588d0_m.jpg	183	240	http://farm8.staticflickr.com/7403/11273182455_9a3fa588d0.jpg	381	500	http://farm8.staticflickr.com/7403/11273182455_9a3fa588d0_b.jpg	780	1024	http://farm8.staticflickr.com/7403/11273182455_b4d9fd9972_o.jpg	925	1215
0	Moses King	King's Handbook of Boston. Profusely illustrated. [With a map.]	KING, Moses.		Cambridge, Mass	001968594		1879	http://www.flickr.com/photos/britishlibrary/11273244534	1	000138	11273244534	http://farm8.staticflickr.com/7365/11273244534_8cd141c307_m.jpg	204	240	http://farm8.staticflickr.com/7365/11273244534_8cd141c307.jpg	425	500	http://farm8.staticflickr.com/7365/11273244534_8cd141c307_b.jpg	870	1024	http://farm8.staticflickr.com/7365/11273244534_c27d8fae78_o.jpg	1113	1310
02		Paris à travers les siècles. Histoire nationale de Paris et des Parisiens depuis la fondation de Lutèce jusqu'à nos jours, etc	GOURDON DE GENOUILLAC, Nicolas Jules Henri.		Paris	001476975		1879	http://www.flickr.com/photos/britishlibrary/11273220326	1	000082	11273220326	http://farm3.staticflickr.com/2850/11273220326_00413175bf_m.jpg	117	240	http://farm3.staticflickr.com/2850/11273220326_00413175bf.jpg	243	500	http://farm3.staticflickr.com/2850/11273220326_00413175bf_b.jpg	498	1024	http://farm3.staticflickr.com/2850/11273220326_4e6a531c2a_o.jpg	847	1743
01	Tinsley Brothers	Berlin under the New Empire, its institutions, inhabitants, industry ... With ... engravings, etc	VIZETELLY, Henry.		London	003807524		1879	http://www.flickr.com/photos/britishlibrary/11273219496	1	000120	11273219496	http://farm3.staticflickr.com/2864/11273219496_5fd2d28a3d_m.jpg	240	188	http://farm3.staticflickr.com/2864/11273219496_5fd2d28a3d.jpg	500	392	http://farm3.staticflickr.com/2864/11273219496_5fd2d28a3d_b.jpg	1024	803	http://farm3.staticflickr.com/2864/11273219496_fe4719be66_o.jpg	1195	937
01	American News Company	Round the world with General Grant. A narrative of the visit of General U. S. Grant ... to various countries ... in 1877, 1878, 1879. To which are added certain conversations with General Grant on questions connected with American politics and history ... With ... illustrations	YOUNG, John Russell.		New York	004002305		1879	http://www.flickr.com/photos/britishlibrary/11273287623	1	000461	11273287623	http://farm6.staticflickr.com/5510/11273287623_c332774e01_m.jpg	240	189	http://farm6.staticflickr.com/5510/11273287623_c332774e01.jpg	500	394	http://farm6.staticflickr.com/5510/11273287623_c332774e01_b.jpg	1024	806	http://farm6.staticflickr.com/5510/11273287623_86685de38a_o.jpg	1321	1040
0	Alex Rivington	The Hundred of Swanborough ... Reprinted from vol. XXIX., Sussex Archæological Collections. [With plates.]	COOPER, Joseph F.S.A		Lewes	000778014		1879	http://www.flickr.com/photos/britishlibrary/11273243364	1	000039	11273243364	http://farm4.staticflickr.com/3784/11273243364_6a0030b929_m.jpg	198	240	http://farm4.staticflickr.com/3784/11273243364_6a0030b929.jpg	412	500	http://farm4.staticflickr.com/3784/11273243364_6a0030b929_b.jpg	843	1024	http://farm4.staticflickr.com/3784/11273243364_0cc49c154f_o.jpg	990	1202
0	J. Tweed	The Annals of Dumfermline and vicinity ... 1069-1878. Interspersed with ... notes, ... and ... engravings	HENDERSON, Ebenezer LL.D., F.R.A.S		Glasgow	001648659		1879	http://www.flickr.com/photos/britishlibrary/11273217536	1	000051	11273217536	http://farm8.staticflickr.com/7454/11273217536_4203eb16e1_m.jpg	166	240	http://farm8.staticflickr.com/7454/11273217536_4203eb16e1.jpg	346	500	http://farm8.staticflickr.com/7454/11273217536_4203eb16e1_b.jpg	709	1024	http://farm8.staticflickr.com/7454/11273217536_6de880c797_o.jpg	950	1372
0		The Illustrated Guide to Sheffield and the surrounding district, etc	TAYLOR, John of Sheffield		Sheffield	003589731		1879	http://www.flickr.com/photos/britishlibrary/11273177605	1	000185	11273177605	http://farm8.staticflickr.com/7313/11273177605_de99b7907c_m.jpg	225	240	http://farm8.staticflickr.com/7313/11273177605_de99b7907c.jpg	470	500	http://farm8.staticflickr.com/7313/11273177605_de99b7907c_b.jpg	962	1024	http://farm8.staticflickr.com/7313/11273177605_e0d3325669_o.jpg	1330	1415
0	Cassell, Petter, Galpin & Co.	Morocco: its people and places ... Translated by C. Rollin-Tilton. With ... illustrations	AMICIS, Edmondo de.	lsidyv3c6b00d2	London	000070870	ark:/81055/vdc_00000005AC0C	1879	http://www.flickr.com/photos/britishlibrary/11273177545	1	000335	11273177545	http://farm8.staticflickr.com/7355/11273177545_da87d4121e_m.jpg	240	86	http://farm8.staticflickr.com/7355/11273177545_da87d4121e.jpg	500	180	http://farm8.staticflickr.com/7355/11273177545_da87d4121e_b.jpg	1024	368	http://farm8.staticflickr.com/7355/11273177545_f80fdc015e_o.jpg	1906	685
0	Western Historical Company	The History of Muscatine County, Iowa ... Illustrated			Chicago	002592978		1879	http://www.flickr.com/photos/britishlibrary/11273239904	1	000015	11273239904	http://farm3.staticflickr.com/2829/11273239904_3936fa37a2_m.jpg	239	240	http://farm3.staticflickr.com/2829/11273239904_3936fa37a2.jpg	499	500	http://farm3.staticflickr.com/2829/11273239904_3936fa37a2_b.jpg	1021	1024	http://farm3.staticflickr.com/2829/11273239904_c83486c1a2_o.jpg	1178	1182
0	Netherton & Worth	[Peeps into the Haunts and Homes of the Rural Population of Cornwall. Being reminiscences of Cornish character and characteristics, etc.]	TREGELLAS, John Tabois.	lsidyv3c0f7179	Truro	003669474	ark:/81055/vdc_00000005644E	1879	http://www.flickr.com/photos/britishlibrary/11273239164	1	000036	11273239164	http://farm3.staticflickr.com/2885/11273239164_762a7915b9_m.jpg	192	240	http://farm3.staticflickr.com/2885/11273239164_762a7915b9.jpg	401	500	http://farm3.staticflickr.com/2885/11273239164_762a7915b9_b.jpg	821	1024	http://farm3.staticflickr.com/2885/11273239164_f7bfdd9e9d_o.jpg	960	1198
03		Paris à travers les siècles. Histoire nationale de Paris et des Parisiens depuis la fondation de Lutèce jusqu'à nos jours, etc	GOURDON DE GENOUILLAC, Nicolas Jules Henri.		Paris	001476975		1879	http://www.flickr.com/photos/britishlibrary/11273215026	1	000395	11273215026	http://farm4.staticflickr.com/3807/11273215026_c44ca0e679_m.jpg	171	240	http://farm4.staticflickr.com/3807/11273215026_c44ca0e679.jpg	355	500	http://farm4.staticflickr.com/3807/11273215026_c44ca0e679_b.jpg	728	1024	http://farm4.staticflickr.com/3807/11273215026_2316c8c15d_o.jpg	1105	1555
0		Sahara & Sahel. I. Un Été dans le Sahara. II. Une Année dans le Sahel. Édition illustrée d'eaux fortes ... et de quarante-cinq gravures, etc	Fromentin, Eugène		Paris	001334608		1879	http://www.flickr.com/photos/britishlibrary/11273213346	1	000017	11273213346	http://farm8.staticflickr.com/7313/11273213346_1a87ab4c91_m.jpg	240	141	http://farm8.staticflickr.com/7313/11273213346_1a87ab4c91.jpg	500	293	http://farm8.staticflickr.com/7313/11273213346_1a87ab4c91_b.jpg	1024	600	http://farm8.staticflickr.com/7313/11273213346_3935b83e85_o.jpg	1745	1022
02	Tinsley Brothers	Berlin under the New Empire, its institutions, inhabitants, industry ... With ... engravings, etc	VIZETELLY, Henry.		London	003807524		1879	http://www.flickr.com/photos/britishlibrary/11273283323	1	000095	11273283323	http://farm8.staticflickr.com/7301/11273283323_cb16760eee_m.jpg	240	206	http://farm8.staticflickr.com/7301/11273283323_cb16760eee.jpg	500	429	http://farm8.staticflickr.com/7301/11273283323_cb16760eee_b.jpg	1024	879	http://farm8.staticflickr.com/7301/11273283323_d6abd3b1eb_o.jpg	1416	1216
01	D. Appleton & Co.	[Appleton's European Guide Book illustrated. Including England, Scotland, and Ireland, France, Belgium, Holland, Northern and Southern Germany, Switzerland, Italy, Spain and Portugal, Russia, Denmark, Norway, and Sweden. Containing ... maps, etc.]	APPLETON, Daniel AND CO	lsidyv3cbe7355	New York; Longmans & Co	000100280	ark:/81055/vdc_00000005D9DE	1879	http://www.flickr.com/photos/britishlibrary/11273237944	1	000089	11273237944	http://farm8.staticflickr.com/7438/11273237944_02dbce5ee0_m.jpg	240	150	http://farm8.staticflickr.com/7438/11273237944_02dbce5ee0.jpg	500	313	http://farm8.staticflickr.com/7438/11273237944_02dbce5ee0_b.jpg	1024	640	http://farm8.staticflickr.com/7438/11273237944_98f2fab575_o.jpg	1380	862
0	Everts & Abbott	History of Hillsdale County, Michigan, with illustrations and biographical sketches of some of its prominent men, etc	Johnson, Crisfield.		Philadelphia	001884500		1879	http://www.flickr.com/photos/britishlibrary/11273173545	2	000250	11273173545	http://farm8.staticflickr.com/7373/11273173545_68ddce2da7_m.jpg	240	181	http://farm8.staticflickr.com/7373/11273173545_68ddce2da7.jpg	500	376	http://farm8.staticflickr.com/7373/11273173545_68ddce2da7_b.jpg	1024	771	http://farm8.staticflickr.com/7373/11273173545_e0cc53ce43_o.jpg	1216	915
0	John Murray	[The Student's Manual of Modern Geography. Mathematical, physical, and descriptive.]	BEVAN, William Latham.	lsidyv3ca2f2a9	London	000307737	ark:/81055/vdc_00000005C7F6	1879	http://www.flickr.com/photos/britishlibrary/11273236864	1	000657	11273236864	http://farm3.staticflickr.com/2809/11273236864_692a8c3656_m.jpg	162	240	http://farm3.staticflickr.com/2809/11273236864_692a8c3656.jpg	337	500	http://farm3.staticflickr.com/2809/11273236864_692a8c3656_b.jpg	690	1024	http://farm3.staticflickr.com/2809/11273236864_a8dc5965fe_o.jpg	825	1225
01	D. Appleton & Co.	[Appleton's European Guide Book illustrated. Including England, Scotland, and Ireland, France, Belgium, Holland, Northern and Southern Germany, Switzerland, Italy, Spain and Portugal, Russia, Denmark, Norway, and Sweden. Containing ... maps, etc.]	APPLETON, Daniel AND CO	lsidyv3cbe7355	New York; Longmans & Co	000100280	ark:/81055/vdc_00000005D9DE	1879	http://www.flickr.com/photos/britishlibrary/11273211696	1	000637	11273211696	http://farm4.staticflickr.com/3757/11273211696_581785056b_m.jpg	148	240	http://farm4.staticflickr.com/3757/11273211696_581785056b.jpg	308	500	http://farm4.staticflickr.com/3757/11273211696_581785056b_b.jpg	630	1024	http://farm4.staticflickr.com/3757/11273211696_6beac3cb37_o.jpg	758	1233
0	A. Williams & Co.	History of the town of Hollis, New Hampshire, from its first settlement to ... 1879. ... Illustrated, etc	WORCESTER, Samuel T.		Boston [Mass.]	003975907		1879	http://www.flickr.com/photos/britishlibrary/11273172055	1	000341	11273172055	http://farm8.staticflickr.com/7290/11273172055_ca2256290f_m.jpg	240	199	http://farm8.staticflickr.com/7290/11273172055_ca2256290f.jpg	500	414	http://farm8.staticflickr.com/7290/11273172055_ca2256290f_b.jpg	1024	847	http://farm8.staticflickr.com/7290/11273172055_a48b180cfc_o.jpg	1356	1122
0	Thacker, Spink & Co.	[Lays of Ind ... Third edition.]	CHEEM, Aliph pseud. [i.e. Walter Yeldham.]		Calcutta; [London printed]	000675133		1879	http://www.flickr.com/photos/britishlibrary/11273171805	1	000219	11273171805	http://farm3.staticflickr.com/2879/11273171805_bffa8b0e22_m.jpg	185	240	http://farm3.staticflickr.com/2879/11273171805_bffa8b0e22.jpg	385	500	http://farm3.staticflickr.com/2879/11273171805_bffa8b0e22_b.jpg	789	1024	http://farm3.staticflickr.com/2879/11273171805_dc9bba4978_o.jpg	1092	1417
0	Union Historical Co.	The History of Warren County ... Illustrated			Des Moines	003854638		1879	http://www.flickr.com/photos/britishlibrary/11273209876	1	000341	11273209876	http://farm3.staticflickr.com/2858/11273209876_f5034c939f_m.jpg	240	222	http://farm3.staticflickr.com/2858/11273209876_f5034c939f.jpg	500	463	http://farm3.staticflickr.com/2858/11273209876_f5034c939f_b.jpg	1024	949	http://farm3.staticflickr.com/2858/11273209876_aea5c56b62_o.jpg	1480	1371
02	William Mackenzie	The National Burns. Edited by Rev. George Gilfillan, including the airs of all the songs, and an original life of Burns by the editor. [With plates, including portraits.]	Burns, Robert		Glasgow	000543200		1879	http://www.flickr.com/photos/britishlibrary/11273279293	1	000112	11273279293	http://farm6.staticflickr.com/5489/11273279293_7192a499ae_m.jpg	240	239	http://farm6.staticflickr.com/5489/11273279293_7192a499ae.jpg	500	498	http://farm6.staticflickr.com/5489/11273279293_7192a499ae_b.jpg	1024	1020	http://farm6.staticflickr.com/5489/11273279293_0ce920447b_o.jpg	1478	1472
0		[Brazil and the Brazilians ... in historical and descriptive sketches ... Engravings.]	KIDDER, Daniel Parish and FLETCHER (James C.)		London	001961854		1879	http://www.flickr.com/photos/britishlibrary/11273234124	1	000050	11273234124	http://farm4.staticflickr.com/3794/11273234124_376118c3de_m.jpg	137	240	http://farm4.staticflickr.com/3794/11273234124_376118c3de.jpg	286	500	http://farm4.staticflickr.com/3794/11273234124_376118c3de_b.jpg	586	1024	http://farm4.staticflickr.com/3794/11273234124_e4d09af03e_o.jpg	805	1407
0	Moses King	King's Handbook of Boston. Profusely illustrated. [With a map.]	KING, Moses.		Cambridge, Mass	001968594		1879	http://www.flickr.com/photos/britishlibrary/11273277473	1	000050	11273277473	http://farm6.staticflickr.com/5483/11273277473_74c9aa30c6_m.jpg	219	240	http://farm6.staticflickr.com/5483/11273277473_74c9aa30c6.jpg	456	500	http://farm6.staticflickr.com/5483/11273277473_74c9aa30c6_b.jpg	934	1024	http://farm6.staticflickr.com/5483/11273277473_f01656b059_o.jpg	1247	1367
0		Les Vieilles Villes de Suisse. Notes et souvenirs. Ouvrage illustré de 105 dessins à la plume par A. Robida reproduits en fac-simile	ROBIDA, Albert.		Paris	003121715		1879	http://www.flickr.com/photos/britishlibrary/11273169235	1	000053	11273169235	http://farm4.staticflickr.com/3780/11273169235_8556733205_m.jpg	167	240	http://farm4.staticflickr.com/3780/11273169235_8556733205.jpg	347	500	http://farm4.staticflickr.com/3780/11273169235_8556733205_b.jpg	711	1024	http://farm4.staticflickr.com/3780/11273169235_c6eb89c311_o.jpg	1140	1643
02		Danmarks og Norges Historie i Slutningen af det 16de Aarhundrede	TROELS-LUND, Troels Frederik.		Kjøbenhavn	003677661		1879	http://www.flickr.com/photos/britishlibrary/11273277343	1	000448	11273277343	http://farm8.staticflickr.com/7428/11273277343_bddb5e9ef9_m.jpg	240	201	http://farm8.staticflickr.com/7428/11273277343_bddb5e9ef9.jpg	500	418	http://farm8.staticflickr.com/7428/11273277343_bddb5e9ef9_b.jpg	1024	857	http://farm8.staticflickr.com/7428/11273277343_489372b1d5_o.jpg	1123	940
01		Knaresborough Castle Yard. (The Microcosm: and, Malcolm, a holiday-walk. A few occasional pieces.) [In verse.]			London, Bristol [printed]	001987484		1879	http://www.flickr.com/photos/britishlibrary/11273206406	1	000101	11273206406	http://farm8.staticflickr.com/7337/11273206406_ee0ff690cd_m.jpg	240	203	http://farm8.staticflickr.com/7337/11273206406_ee0ff690cd.jpg	500	423	http://farm8.staticflickr.com/7337/11273206406_ee0ff690cd_b.jpg	1024	866	http://farm8.staticflickr.com/7337/11273206406_0002e22175_o.jpg	1313	1110
0	W. H. Luke	Illustrated Handbook to Plymouth, Stonehouse & Devonport, with a new map ... New and enlarged edition	WRIGHT, William Henry Kearley.		Plymouth	003985100		1879	http://www.flickr.com/photos/britishlibrary/11273205656	1	000202	11273205656	http://farm8.staticflickr.com/7453/11273205656_4b7d835f1d_m.jpg	179	240	http://farm8.staticflickr.com/7453/11273205656_4b7d835f1d.jpg	373	500	http://farm8.staticflickr.com/7453/11273205656_4b7d835f1d_b.jpg	764	1024	http://farm8.staticflickr.com/7453/11273205656_6b55e2fb00_o.jpg	945	1267
02	Tinsley Brothers	Berlin under the New Empire, its institutions, inhabitants, industry ... With ... engravings, etc	VIZETELLY, Henry.		London	003807524		1879	http://www.flickr.com/photos/britishlibrary/11273231074	1	000328	11273231074	http://farm8.staticflickr.com/7370/11273231074_19c346e6f8_m.jpg	240	223	http://farm8.staticflickr.com/7370/11273231074_19c346e6f8.jpg	500	465	http://farm8.staticflickr.com/7370/11273231074_19c346e6f8_b.jpg	1024	952	http://farm8.staticflickr.com/7370/11273231074_cdde61762e_o.jpg	1348	1253
0	Everts & Abbott	History of Hillsdale County, Michigan, with illustrations and biographical sketches of some of its prominent men, etc	Johnson, Crisfield.		Philadelphia	001884500		1879	http://www.flickr.com/photos/britishlibrary/11273165815	1	000215	11273165815	http://farm6.staticflickr.com/5479/11273165815_dd1b107504_m.jpg	240	201	http://farm6.staticflickr.com/5479/11273165815_dd1b107504.jpg	500	418	http://farm6.staticflickr.com/5479/11273165815_dd1b107504_b.jpg	1024	856	http://farm6.staticflickr.com/5479/11273165815_3e4c56ec61_o.jpg	1180	986
0	Macmillan and Co.	The Arctic Voyages of A. E. Nordenskiöld. 1858-1879. With illustrations and maps	LESLIE, Alexander of Aberdeen		London	002142895		1879	http://www.flickr.com/photos/britishlibrary/11273229724	1	000129	11273229724	http://farm6.staticflickr.com/5531/11273229724_56b1b52b6a_m.jpg	143	240	http://farm6.staticflickr.com/5531/11273229724_56b1b52b6a.jpg	297	500	http://farm6.staticflickr.com/5531/11273229724_56b1b52b6a_b.jpg	608	1024	http://farm6.staticflickr.com/5531/11273229724_42ac2d8c91_o.jpg	901	1517
0	Religious Tract Society	English Pictures drawn with pen and pencil	MANNING, Samuel LL.D. and GREEN (Samuel Gosnell)	lsidyv3c492c1d	London	002369135	ark:/81055/vdc_000000059460	1879	http://www.flickr.com/photos/britishlibrary/11273273613	2	000191	11273273613	http://farm6.staticflickr.com/5511/11273273613_1e26742be8_m.jpg	240	210	http://farm6.staticflickr.com/5511/11273273613_1e26742be8.jpg	500	438	http://farm6.staticflickr.com/5511/11273273613_1e26742be8_b.jpg	1024	896	http://farm6.staticflickr.com/5511/11273273613_26e02af718_o.jpg	1243	1088
0	Religious Tract Society	The Lands of Scripture: comprising “Those Holy Fields”; “The Land of the Pharaohs” [both by S. M.]; “Pictures from Bible Lands” (edited by S. G. Green. The illustrations by E. Whymper, etc.)	MANNING, Samuel LL.D		London	002369128		1879	http://www.flickr.com/photos/britishlibrary/11273164125	1	000086	11273164125	http://farm6.staticflickr.com/5523/11273164125_0115e5e267_m.jpg	240	134	http://farm6.staticflickr.com/5523/11273164125_0115e5e267.jpg	500	280	http://farm6.staticflickr.com/5523/11273164125_0115e5e267_b.jpg	1024	573	http://farm6.staticflickr.com/5523/11273164125_2e24e9aeb5_o.jpg	1763	986
0	Everts & Ensign	History of Toga, Chemung, Tompkins, and Schuyler Counties, New York. With illustrations and biographical sketches of some of its prominent men and pioneers	PEIRCE, Henry B. and HURD (Duane Hamilton)		Philadelphia	002810116		1879	http://www.flickr.com/photos/britishlibrary/11273228074	1	000467	11273228074	http://farm4.staticflickr.com/3687/11273228074_8c71733aac_m.jpg	240	145	http://farm4.staticflickr.com/3687/11273228074_8c71733aac.jpg	500	301	http://farm4.staticflickr.com/3687/11273228074_8c71733aac_b.jpg	1024	617	http://farm4.staticflickr.com/3687/11273228074_292caae441_o.jpg	1510	910
0	Thacker, Spink & Co.	[Lays of Ind ... Third edition.]	CHEEM, Aliph pseud. [i.e. Walter Yeldham.]		Calcutta; [London printed]	000675133		1879	http://www.flickr.com/photos/britishlibrary/11273227474	1	000155	11273227474	http://farm4.staticflickr.com/3798/11273227474_55b1217558_m.jpg	229	240	http://farm4.staticflickr.com/3798/11273227474_55b1217558.jpg	478	500	http://farm4.staticflickr.com/3798/11273227474_55b1217558_b.jpg	978	1024	http://farm4.staticflickr.com/3798/11273227474_dc26fed2e4_o.jpg	1148	1202
01		A magyar nemzet története. I. kötet írta Bodon J. és Dr. Szalay J. (II.-IV.) kötet, írta Dr. Szalay J.) [With portraits.]	BODON, József and SZALAY (József)		Budapest	000389221		1879	http://www.flickr.com/photos/britishlibrary/11273271853	1	000085	11273271853	http://farm4.staticflickr.com/3828/11273271853_0a175b9927_m.jpg	240	207	http://farm4.staticflickr.com/3828/11273271853_0a175b9927.jpg	500	431	http://farm4.staticflickr.com/3828/11273271853_0a175b9927_b.jpg	1024	882	http://farm4.staticflickr.com/3828/11273271853_797e584069_o.jpg	1330	1146
01		Paris à travers les siècles. Histoire nationale de Paris et des Parisiens depuis la fondation de Lutèce jusqu'à nos jours, etc	GOURDON DE GENOUILLAC, Nicolas Jules Henri.		Paris	001476975		1879	http://www.flickr.com/photos/britishlibrary/11273226914	1	000206	11273226914	http://farm4.staticflickr.com/3791/11273226914_f1f7fb8bdd_m.jpg	221	240	http://farm4.staticflickr.com/3791/11273226914_f1f7fb8bdd.jpg	461	500	http://farm4.staticflickr.com/3791/11273226914_f1f7fb8bdd_b.jpg	944	1024	http://farm4.staticflickr.com/3791/11273226914_b791294f56_o.jpg	1015	1101
0	Marcus Ward & Co.	Our Native Land, its scenery and associations. A series of 36 water-colour sketches after Rowbotham, Read, Needham, and other eminent artists. With descriptive notes. [The author of the text identified on the wrapper of pt. 1 as “the author of By Loch and by Land”, i.e. Jean L. Watson.]	WATSON, Jean L.		London	001140593		1879	http://www.flickr.com/photos/britishlibrary/11273200356	1	000250	11273200356	http://farm4.staticflickr.com/3722/11273200356_7b9d43c37f_m.jpg	98	240	http://farm4.staticflickr.com/3722/11273200356_7b9d43c37f.jpg	205	500	http://farm4.staticflickr.com/3722/11273200356_7b9d43c37f_b.jpg	420	1024	http://farm4.staticflickr.com/3722/11273200356_b8b96ffb1a_o.jpg	842	2054
0		Saint-Pierre de Rome. Ouvrage illustré, etc	LORBAC, Charles de.		Rome	002259706		1879	http://www.flickr.com/photos/britishlibrary/11273224524	1	000035	11273224524	http://farm3.staticflickr.com/2805/11273224524_98cb182beb_m.jpg	228	240	http://farm3.staticflickr.com/2805/11273224524_98cb182beb.jpg	476	500	http://farm3.staticflickr.com/2805/11273224524_98cb182beb_b.jpg	974	1024	http://farm3.staticflickr.com/2805/11273224524_c1941d4f9a_o.jpg	1138	1196
0		Materialien für den Unterricht in der Geographie nach der constructiven Methode	WENZ, Gustav Geographer		München	003889554		1879	http://www.flickr.com/photos/britishlibrary/11273225164	1	000102	11273225164	http://farm3.staticflickr.com/2892/11273225164_95c87997d1_m.jpg	190	240	http://farm3.staticflickr.com/2892/11273225164_95c87997d1.jpg	395	500	http://farm3.staticflickr.com/2892/11273225164_95c87997d1_b.jpg	809	1024	http://farm3.staticflickr.com/2892/11273225164_454438ccc7_o.jpg	1178	1491
01		Sahărâ und Sûdân. Ergebnisse sechsjähriger Reisen in Afrika. (Thl. 3 herausgegeben von E. Groddeck.)	NACHTIGAL, Gustav.		Berlin	002599811		1879	http://www.flickr.com/photos/britishlibrary/11273268563	1	000074	11273268563	http://farm4.staticflickr.com/3716/11273268563_641771780c_m.jpg	148	240	http://farm4.staticflickr.com/3716/11273268563_641771780c.jpg	308	500	http://farm4.staticflickr.com/3716/11273268563_641771780c_b.jpg	631	1024	http://farm4.staticflickr.com/3716/11273268563_a294801f87_o.jpg	881	1430
01		A magyar nemzet története. I. kötet írta Bodon J. és Dr. Szalay J. (II.-IV.) kötet, írta Dr. Szalay J.) [With portraits.]	BODON, József and SZALAY (József)		Budapest	000389221		1879	http://www.flickr.com/photos/britishlibrary/11273158855	1	000237	11273158855	http://farm6.staticflickr.com/5472/11273158855_da3af2822b_m.jpg	240	221	http://farm6.staticflickr.com/5472/11273158855_da3af2822b.jpg	500	460	http://farm6.staticflickr.com/5472/11273158855_da3af2822b_b.jpg	1024	942	http://farm6.staticflickr.com/5472/11273158855_946628241a_o.jpg	1322	1216
0	Pickering & Co.	The History of the County of Monaghan	SHIRLEY, Evelyn Philip.		London	003370961		1879	http://www.flickr.com/photos/britishlibrary/11273268373	1	000226	11273268373	http://farm8.staticflickr.com/7412/11273268373_f3d61c6cbe_m.jpg	108	240	http://farm8.staticflickr.com/7412/11273268373_f3d61c6cbe.jpg	225	500	http://farm8.staticflickr.com/7412/11273268373_f3d61c6cbe_b.jpg	461	1024	http://farm8.staticflickr.com/7412/11273268373_8dc8a702f0_o.jpg	827	1835
01		Paris à travers les siècles. Histoire nationale de Paris et des Parisiens depuis la fondation de Lutèce jusqu'à nos jours, etc	GOURDON DE GENOUILLAC, Nicolas Jules Henri.		Paris	001476975		1879	http://www.flickr.com/photos/britishlibrary/11273196636	1	000100	11273196636	http://farm8.staticflickr.com/7445/11273196636_46f318544d_m.jpg	91	240	http://farm8.staticflickr.com/7445/11273196636_46f318544d.jpg	190	500	http://farm8.staticflickr.com/7445/11273196636_46f318544d_b.jpg	390	1024	http://farm8.staticflickr.com/7445/11273196636_5b3fe01e2a_o.jpg	755	1982
02	American News Company	Round the world with General Grant. A narrative of the visit of General U. S. Grant ... to various countries ... in 1877, 1878, 1879. To which are added certain conversations with General Grant on questions connected with American politics and history ... With ... illustrations	YOUNG, John Russell.		New York	004002305		1879	http://www.flickr.com/photos/britishlibrary/11273266303	1	000601	11273266303	http://farm3.staticflickr.com/2886/11273266303_5d23e4beca_m.jpg	174	240	http://farm3.staticflickr.com/2886/11273266303_5d23e4beca.jpg	363	500	http://farm3.staticflickr.com/2886/11273266303_5d23e4beca_b.jpg	743	1024	http://farm3.staticflickr.com/2886/11273266303_4c8dfb1dfd_o.jpg	1228	1692
0		Die amerikanische Nordpol-Expedition ... Mit zahlreichen Illustrationen in Holzschnitt, etc	BESSELS, Emil.		Leipzig	000303634		1879	http://www.flickr.com/photos/britishlibrary/11273266093	1	000372	11273266093	http://farm3.staticflickr.com/2832/11273266093_b0994923f7_m.jpg	159	240	http://farm3.staticflickr.com/2832/11273266093_b0994923f7.jpg	332	500	http://farm3.staticflickr.com/2832/11273266093_b0994923f7_b.jpg	679	1024	http://farm3.staticflickr.com/2832/11273266093_6672975b6f_o.jpg	1050	1584
01	D. Appleton & Co.	[Appleton's European Guide Book illustrated. Including England, Scotland, and Ireland, France, Belgium, Holland, Northern and Southern Germany, Switzerland, Italy, Spain and Portugal, Russia, Denmark, Norway, and Sweden. Containing ... maps, etc.]	APPLETON, Daniel AND CO	lsidyv3cbe7355	New York; Longmans & Co	000100280	ark:/81055/vdc_00000005D9DE	1879	http://www.flickr.com/photos/britishlibrary/11273195106	1	000530	11273195106	http://farm6.staticflickr.com/5531/11273195106_7bbaed59e6_m.jpg	163	240	http://farm6.staticflickr.com/5531/11273195106_7bbaed59e6.jpg	340	500	http://farm6.staticflickr.com/5531/11273195106_7bbaed59e6_b.jpg	696	1024	http://farm6.staticflickr.com/5531/11273195106_10d1c94393_o.jpg	883	1300
0	Everts & Ensign	History of Toga, Chemung, Tompkins, and Schuyler Counties, New York. With illustrations and biographical sketches of some of its prominent men and pioneers	PEIRCE, Henry B. and HURD (Duane Hamilton)		Philadelphia	002810116		1879	http://www.flickr.com/photos/britishlibrary/11273155575	2	000175	11273155575	http://farm6.staticflickr.com/5482/11273155575_97a15d4b10_m.jpg	240	159	http://farm6.staticflickr.com/5482/11273155575_97a15d4b10.jpg	500	332	http://farm6.staticflickr.com/5482/11273155575_97a15d4b10_b.jpg	1024	679	http://farm6.staticflickr.com/5482/11273155575_f42076a846_o.jpg	1535	1018
02	American News Company	Round the world with General Grant. A narrative of the visit of General U. S. Grant ... to various countries ... in 1877, 1878, 1879. To which are added certain conversations with General Grant on questions connected with American politics and history ... With ... illustrations	YOUNG, John Russell.		New York	004002305		1879	http://www.flickr.com/photos/britishlibrary/11273155215	1	000220	11273155215	http://farm4.staticflickr.com/3665/11273155215_e66146171a_m.jpg	175	240	http://farm4.staticflickr.com/3665/11273155215_e66146171a.jpg	364	500	http://farm4.staticflickr.com/3665/11273155215_e66146171a_b.jpg	746	1024	http://farm4.staticflickr.com/3665/11273155215_257412c795_o.jpg	1217	1671
02	American News Company	Round the world with General Grant. A narrative of the visit of General U. S. Grant ... to various countries ... in 1877, 1878, 1879. To which are added certain conversations with General Grant on questions connected with American politics and history ... With ... illustrations	YOUNG, John Russell.		New York	004002305		1879	http://www.flickr.com/photos/britishlibrary/11273153865	1	000492	11273153865	http://farm4.staticflickr.com/3757/11273153865_56481c8211_m.jpg	168	240	http://farm4.staticflickr.com/3757/11273153865_56481c8211.jpg	350	500	http://farm4.staticflickr.com/3757/11273153865_56481c8211_b.jpg	716	1024	http://farm4.staticflickr.com/3757/11273153865_69f3942200_o.jpg	1152	1648
0	Macmillan and Co.	The Arctic Voyages of A. E. Nordenskiöld. 1858-1879. With illustrations and maps	LESLIE, Alexander of Aberdeen		London	002142895		1879	http://www.flickr.com/photos/britishlibrary/11273153495	1	000210	11273153495	http://farm6.staticflickr.com/5515/11273153495_e345593832_m.jpg	193	240	http://farm6.staticflickr.com/5515/11273153495_e345593832.jpg	401	500	http://farm6.staticflickr.com/5515/11273153495_e345593832_b.jpg	822	1024	http://farm6.staticflickr.com/5515/11273153495_0103110a64_o.jpg	1218	1517
0		The Illustrated Guide to Sheffield and the surrounding district, etc	TAYLOR, John of Sheffield		Sheffield	003589731		1879	http://www.flickr.com/photos/britishlibrary/11273263253	1	000517	11273263253	http://farm3.staticflickr.com/2811/11273263253_24df47e82c_m.jpg	154	240	http://farm3.staticflickr.com/2811/11273263253_24df47e82c.jpg	322	500	http://farm3.staticflickr.com/2811/11273263253_24df47e82c_b.jpg	659	1024	http://farm3.staticflickr.com/2811/11273263253_fc4111de64_o.jpg	911	1415
0		Очерки Русской Исторіи въ памятникахъ быта. pt. 1, 2	POLEVOI, Petr Nikolaevich.		С.-Петербургъ	002948284		1879	http://www.flickr.com/photos/britishlibrary/11273216834	1	000089	11273216834	http://farm8.staticflickr.com/7404/11273216834_4566146bb6_m.jpg	194	240	http://farm8.staticflickr.com/7404/11273216834_4566146bb6.jpg	404	500	http://farm8.staticflickr.com/7404/11273216834_4566146bb6_b.jpg	827	1024	http://farm8.staticflickr.com/7404/11273216834_9782dc25ba_o.jpg	1177	1458
01	Tinsley Brothers	Berlin under the New Empire, its institutions, inhabitants, industry ... With ... engravings, etc	VIZETELLY, Henry.		London	003807524		1879	http://www.flickr.com/photos/britishlibrary/11273151885	2	000229	11273151885	http://farm4.staticflickr.com/3698/11273151885_448612b5fa_m.jpg	124	240	http://farm4.staticflickr.com/3698/11273151885_448612b5fa.jpg	259	500	http://farm4.staticflickr.com/3698/11273151885_448612b5fa_b.jpg	530	1024	http://farm4.staticflickr.com/3698/11273151885_35303ba13c_o.jpg	736	1421
0	Houghton & Hammond	Some Account of Colton and of the De Wasteney's Family. [By F. P. Parker. With plates and a map.]	PARKER, Frederick Perrot.		Birmingham	000753966		1879	http://www.flickr.com/photos/britishlibrary/11273151745	2	000128	11273151745	http://farm3.staticflickr.com/2806/11273151745_3947372204_m.jpg	166	240	http://farm3.staticflickr.com/2806/11273151745_3947372204.jpg	346	500	http://farm3.staticflickr.com/2806/11273151745_3947372204_b.jpg	709	1024	http://farm3.staticflickr.com/2806/11273151745_5a34a4ebcc_o.jpg	1010	1459
0	Religious Tract Society	The Lands of Scripture: comprising “Those Holy Fields”; “The Land of the Pharaohs” [both by S. M.]; “Pictures from Bible Lands” (edited by S. G. Green. The illustrations by E. Whymper, etc.)	MANNING, Samuel LL.D		London	002369128		1879	http://www.flickr.com/photos/britishlibrary/11273150485	1	000404	11273150485	http://farm6.staticflickr.com/5487/11273150485_6016614285_m.jpg	240	167	http://farm6.staticflickr.com/5487/11273150485_6016614285.jpg	500	348	http://farm6.staticflickr.com/5487/11273150485_6016614285_b.jpg	1024	712	http://farm6.staticflickr.com/5487/11273150485_bb7a2e6531_o.jpg	1572	1093
0	Religious Tract Society	English Pictures drawn with pen and pencil	MANNING, Samuel LL.D. and GREEN (Samuel Gosnell)	lsidyv3c492c1d	London	002369135	ark:/81055/vdc_000000059460	1879	http://www.flickr.com/photos/britishlibrary/11273150495	1	000191	11273150495	http://farm6.staticflickr.com/5511/11273150495_53ec87d8ce_m.jpg	240	191	http://farm6.staticflickr.com/5511/11273150495_53ec87d8ce.jpg	500	398	http://farm6.staticflickr.com/5511/11273150495_53ec87d8ce_b.jpg	1024	816	http://farm6.staticflickr.com/5511/11273150495_6bd9525cb4_o.jpg	1346	1072
0	Everts & Ensign	History of Toga, Chemung, Tompkins, and Schuyler Counties, New York. With illustrations and biographical sketches of some of its prominent men and pioneers	PEIRCE, Henry B. and HURD (Duane Hamilton)		Philadelphia	002810116		1879	http://www.flickr.com/photos/britishlibrary/11273260443	1	000376	11273260443	http://farm6.staticflickr.com/5502/11273260443_3d383ef06b_m.jpg	240	165	http://farm6.staticflickr.com/5502/11273260443_3d383ef06b.jpg	500	343	http://farm6.staticflickr.com/5502/11273260443_3d383ef06b_b.jpg	1024	703	http://farm6.staticflickr.com/5502/11273260443_57230acf9b_o.jpg	1568	1077
01	American News Company	Round the world with General Grant. A narrative of the visit of General U. S. Grant ... to various countries ... in 1877, 1878, 1879. To which are added certain conversations with General Grant on questions connected with American politics and history ... With ... illustrations	YOUNG, John Russell.		New York	004002305		1879	http://www.flickr.com/photos/britishlibrary/11273258293	1	000073	11273258293	http://farm4.staticflickr.com/3678/11273258293_79460ea965_m.jpg	175	240	http://farm4.staticflickr.com/3678/11273258293_79460ea965.jpg	364	500	http://farm4.staticflickr.com/3678/11273258293_79460ea965_b.jpg	746	1024	http://farm4.staticflickr.com/3678/11273258293_c511d09a88_o.jpg	1252	1718
0	Marcus Ward & Co.	Our Native Land, its scenery and associations. A series of 36 water-colour sketches after Rowbotham, Read, Needham, and other eminent artists. With descriptive notes. [The author of the text identified on the wrapper of pt. 1 as “the author of By Loch and by Land”, i.e. Jean L. Watson.]	WATSON, Jean L.		London	001140593		1879	http://www.flickr.com/photos/britishlibrary/11273147265	1	000297	11273147265	http://farm8.staticflickr.com/7397/11273147265_fb23db48b9_m.jpg	240	135	http://farm8.staticflickr.com/7397/11273147265_fb23db48b9.jpg	500	280	http://farm8.staticflickr.com/7397/11273147265_fb23db48b9_b.jpg	1024	574	http://farm8.staticflickr.com/7397/11273147265_59f4ba9ef7_o.jpg	1615	906
01	L. H. Everts	History of the Connecticut Valley in Massachusetts (by N. B. Sylvester), with illustrations and biographical sketches of some of its prominent men and pioneers [by other authors]	SYLVESTER, Nathaniel Bartlett.		Philadelphia	003562080		1879	http://www.flickr.com/photos/britishlibrary/11273146825	1	000171	11273146825	http://farm4.staticflickr.com/3680/11273146825_22ffef3862_m.jpg	240	182	http://farm4.staticflickr.com/3680/11273146825_22ffef3862.jpg	500	378	http://farm4.staticflickr.com/3680/11273146825_22ffef3862_b.jpg	1024	775	http://farm4.staticflickr.com/3680/11273146825_21189f3840_o.jpg	1673	1266
01	American News Company	Round the world with General Grant. A narrative of the visit of General U. S. Grant ... to various countries ... in 1877, 1878, 1879. To which are added certain conversations with General Grant on questions connected with American politics and history ... With ... illustrations	YOUNG, John Russell.		New York	004002305		1879	http://www.flickr.com/photos/britishlibrary/11273184966	1	000437	11273184966	http://farm8.staticflickr.com/7333/11273184966_8c57b9944e_m.jpg	172	240	http://farm8.staticflickr.com/7333/11273184966_8c57b9944e.jpg	358	500	http://farm8.staticflickr.com/7333/11273184966_8c57b9944e_b.jpg	733	1024	http://farm8.staticflickr.com/7333/11273184966_b02109684d_o.jpg	1218	1702
0	John Murray	[The Student's Manual of Modern Geography. Mathematical, physical, and descriptive.]	BEVAN, William Latham.	lsidyv3ca2f2a9	London	000307737	ark:/81055/vdc_00000005C7F6	1879	http://www.flickr.com/photos/britishlibrary/11273145295	1	000536	11273145295	http://farm8.staticflickr.com/7337/11273145295_3e82b903b8_m.jpg	176	240	http://farm8.staticflickr.com/7337/11273145295_3e82b903b8.jpg	366	500	http://farm8.staticflickr.com/7337/11273145295_3e82b903b8_b.jpg	749	1024	http://farm8.staticflickr.com/7337/11273145295_c71ebdc49e_o.jpg	896	1225
01	American News Company	Round the world with General Grant. A narrative of the visit of General U. S. Grant ... to various countries ... in 1877, 1878, 1879. To which are added certain conversations with General Grant on questions connected with American politics and history ... With ... illustrations	YOUNG, John Russell.		New York	004002305		1879	http://www.flickr.com/photos/britishlibrary/11273184656	1	000212	11273184656	http://farm6.staticflickr.com/5541/11273184656_d6269c32e9_m.jpg	240	179	http://farm6.staticflickr.com/5541/11273184656_d6269c32e9.jpg	500	373	http://farm6.staticflickr.com/5541/11273184656_d6269c32e9_b.jpg	1024	764	http://farm6.staticflickr.com/5541/11273184656_2faf8bb491_o.jpg	1677	1252
0		[Voyage aux pays annexés. Suite et fin du Voyage au pays des Milliards.]	TISSOT, Victor.		Paris	003643050		1879	http://www.flickr.com/photos/britishlibrary/11273143565	1	000253	11273143565	http://farm8.staticflickr.com/7378/11273143565_86bf57b947_m.jpg	182	240	http://farm8.staticflickr.com/7378/11273143565_86bf57b947.jpg	379	500	http://farm8.staticflickr.com/7378/11273143565_86bf57b947_b.jpg	776	1024	http://farm8.staticflickr.com/7378/11273143565_733f1e53dc_o.jpg	1156	1525
0	Cassell, Petter, Galpin & Co.	Morocco: its people and places ... Translated by C. Rollin-Tilton. With ... illustrations	AMICIS, Edmondo de.	lsidyv3c6b00d2	London	000070870	ark:/81055/vdc_00000005AC0C	1879	http://www.flickr.com/photos/britishlibrary/11273143515	1	000303	11273143515	http://farm6.staticflickr.com/5516/11273143515_a9ac36a6fb_m.jpg	240	115	http://farm6.staticflickr.com/5516/11273143515_a9ac36a6fb.jpg	500	240	http://farm6.staticflickr.com/5516/11273143515_a9ac36a6fb_b.jpg	1024	491	http://farm6.staticflickr.com/5516/11273143515_87c762a24f_o.jpg	1870	897
01	D. Appleton & Co.	[Appleton's European Guide Book illustrated. Including England, Scotland, and Ireland, France, Belgium, Holland, Northern and Southern Germany, Switzerland, Italy, Spain and Portugal, Russia, Denmark, Norway, and Sweden. Containing ... maps, etc.]	APPLETON, Daniel AND CO	lsidyv3cbe7355	New York; Longmans & Co	000100280	ark:/81055/vdc_00000005D9DE	1879	http://www.flickr.com/photos/britishlibrary/11273253653	1	000657	11273253653	http://farm6.staticflickr.com/5483/11273253653_035c4f7df2_m.jpg	177	240	http://farm6.staticflickr.com/5483/11273253653_035c4f7df2.jpg	369	500	http://farm6.staticflickr.com/5483/11273253653_035c4f7df2_b.jpg	755	1024	http://farm6.staticflickr.com/5483/11273253653_4398cf4858_o.jpg	968	1313
0		[Viaje á la Patagonia austral emprendido bajo los auspicios del Gobierno Nacional 1876-1877. tom. 1.]	MORENO, Francisco Josué Pascasio.		Buenos Aires	002546655		1879	http://www.flickr.com/photos/britishlibrary/11273206314	1	000349	11273206314	http://farm8.staticflickr.com/7357/11273206314_ac4fbb533d_m.jpg	164	240	http://farm8.staticflickr.com/7357/11273206314_ac4fbb533d.jpg	341	500	http://farm8.staticflickr.com/7357/11273206314_ac4fbb533d_b.jpg	699	1024	http://farm8.staticflickr.com/7357/11273206314_375a5ce424_o.jpg	1037	1520
0	Waterlow & Sons	Up the River from Westminster to Windsor and Oxford; a descriptive panorama of Thames Scenery			London	003606029		1879	http://www.flickr.com/photos/britishlibrary/11273142075	1	000143	11273142075	http://farm3.staticflickr.com/2877/11273142075_857afbce5d_m.jpg	178	240	http://farm3.staticflickr.com/2877/11273142075_857afbce5d.jpg	371	500	http://farm3.staticflickr.com/2877/11273142075_857afbce5d_b.jpg	759	1024	http://farm3.staticflickr.com/2877/11273142075_63e45c4279_o.jpg	947	1278
0		Mœurs et caractères des peuples, Asie-Amérique-Océanie. Morceaux extraits de divers auteurs. [With illustrations.]	CORTAMBERT, Richard.		Paris	000791358		1879	http://www.flickr.com/photos/britishlibrary/11273205994	1	000253	11273205994	http://farm6.staticflickr.com/5485/11273205994_00df5d5e58_m.jpg	240	138	http://farm6.staticflickr.com/5485/11273205994_00df5d5e58.jpg	500	288	http://farm6.staticflickr.com/5485/11273205994_00df5d5e58_b.jpg	1024	590	http://farm6.staticflickr.com/5485/11273205994_6a18499e29_o.jpg	1575	907
02		Narrative of a journey through the province of Khorassan and on the N.W. frontier of Afghanistan in 1875 ... With illustrations	MacGregor, Charles Metcalfe Sir	lsidyv3c71d1bc	London	002315775	ark:/81055/vdc_00000005B032	1879	http://www.flickr.com/photos/britishlibrary/11273179696	1	000017	11273179696	http://farm4.staticflickr.com/3762/11273179696_4e1b24e03c_m.jpg	240	152	http://farm4.staticflickr.com/3762/11273179696_4e1b24e03c.jpg	500	317	http://farm4.staticflickr.com/3762/11273179696_4e1b24e03c_b.jpg	1024	650	http://farm4.staticflickr.com/3762/11273179696_485087c994_o.jpg	1752	1112
0	W. Le Baron, Jr., & Co.	The history of Edgar County, Illinois, containing a history of the County [by W. H. Perrin, H. H. Hill and A. A. Graham], Directory ... Illustrated	PERRIN, William Henry.		Chicago	001034891		1879	http://www.flickr.com/photos/britishlibrary/11273203674	1	000079	11273203674	http://farm3.staticflickr.com/2836/11273203674_83af16f4fc_m.jpg	164	240	http://farm3.staticflickr.com/2836/11273203674_83af16f4fc.jpg	341	500	http://farm3.staticflickr.com/2836/11273203674_83af16f4fc_b.jpg	699	1024	http://farm3.staticflickr.com/2836/11273203674_197096d669_o.jpg	1128	1652
01	L. H. Everts	History of the Connecticut Valley in Massachusetts (by N. B. Sylvester), with illustrations and biographical sketches of some of its prominent men and pioneers [by other authors]	SYLVESTER, Nathaniel Bartlett.		Philadelphia	003562080		1879	http://www.flickr.com/photos/britishlibrary/11273250243	1	000264	11273250243	http://farm6.staticflickr.com/5506/11273250243_43b251b075_m.jpg	240	211	http://farm6.staticflickr.com/5506/11273250243_43b251b075.jpg	500	440	http://farm6.staticflickr.com/5506/11273250243_43b251b075_b.jpg	1024	902	http://farm6.staticflickr.com/5506/11273250243_f407176fcc_o.jpg	1466	1292
02	William Mackenzie	The National Burns. Edited by Rev. George Gilfillan, including the airs of all the songs, and an original life of Burns by the editor. [With plates, including portraits.]	Burns, Robert		Glasgow	000543200		1879	http://www.flickr.com/photos/britishlibrary/11273202734	1	000067	11273202734	http://farm8.staticflickr.com/7334/11273202734_528bdf0fe6_m.jpg	240	181	http://farm8.staticflickr.com/7334/11273202734_528bdf0fe6.jpg	500	377	http://farm8.staticflickr.com/7334/11273202734_528bdf0fe6_b.jpg	1024	773	http://farm8.staticflickr.com/7334/11273202734_c29a08b975_o.jpg	1535	1158
0	Cassell, Petter, Galpin & Co.	Morocco: its people and places ... Translated by C. Rollin-Tilton. With ... illustrations	AMICIS, Edmondo de.	lsidyv3c6b00d2	London	000070870	ark:/81055/vdc_00000005AC0C	1879	http://www.flickr.com/photos/britishlibrary/11273177376	1	000097	11273177376	http://farm8.staticflickr.com/7359/11273177376_60bbd0cfb7_m.jpg	126	240	http://farm8.staticflickr.com/7359/11273177376_60bbd0cfb7.jpg	262	500	http://farm8.staticflickr.com/7359/11273177376_60bbd0cfb7_b.jpg	536	1024	http://farm8.staticflickr.com/7359/11273177376_c083cb106a_o.jpg	1025	1957
0		The Complete Guide to Clevedon and its vicinity ... with notes on the natural history of the neighbourhood. By R. S. S. Illustrated	S., R. S.		Clevedon	003213996		1879	http://www.flickr.com/photos/britishlibrary/11273202324	1	000007	11273202324	http://farm4.staticflickr.com/3684/11273202324_d9db3b8dcd_m.jpg	145	240	http://farm4.staticflickr.com/3684/11273202324_d9db3b8dcd.jpg	301	500	http://farm4.staticflickr.com/3684/11273202324_d9db3b8dcd_b.jpg	617	1024	http://farm4.staticflickr.com/3684/11273202324_600189c276_o.jpg	760	1262
0	Waterlow & Sons	Up the River from Westminster to Windsor and Oxford; a descriptive panorama of Thames Scenery			London	003606029		1879	http://www.flickr.com/photos/britishlibrary/11273136755	1	000110	11273136755	http://farm8.staticflickr.com/7419/11273136755_927eed9155_m.jpg	240	184	http://farm8.staticflickr.com/7419/11273136755_927eed9155.jpg	500	382	http://farm8.staticflickr.com/7419/11273136755_927eed9155_b.jpg	1024	783	http://farm8.staticflickr.com/7419/11273136755_24acab6702_o.jpg	1480	1132
0	D. W. Ensign & Co.	History of Columbiana County, Ohio, with illustrations and biographical sketches of its prominent men and pioneers	MACK, Horace.		Philadelphia	002319445		1879	http://www.flickr.com/photos/britishlibrary/11273200714	2	000396	11273200714	http://farm3.staticflickr.com/2891/11273200714_edf5a29ce0_m.jpg	240	191	http://farm3.staticflickr.com/2891/11273200714_edf5a29ce0.jpg	500	398	http://farm3.staticflickr.com/2891/11273200714_edf5a29ce0_b.jpg	1024	816	http://farm3.staticflickr.com/2891/11273200714_d965d38d5e_o.jpg	1273	1015
02	American News Company	Round the world with General Grant. A narrative of the visit of General U. S. Grant ... to various countries ... in 1877, 1878, 1879. To which are added certain conversations with General Grant on questions connected with American politics and history ... With ... illustrations	YOUNG, John Russell.		New York	004002305		1879	http://www.flickr.com/photos/britishlibrary/11273245533	1	000264	11273245533	http://farm3.staticflickr.com/2840/11273245533_5298c0dae3_m.jpg	240	121	http://farm3.staticflickr.com/2840/11273245533_5298c0dae3.jpg	500	251	http://farm3.staticflickr.com/2840/11273245533_5298c0dae3_b.jpg	1024	515	http://farm3.staticflickr.com/2840/11273245533_8c54e59c62_o.jpg	1625	817
01		Knaresborough Castle Yard. (The Microcosm: and, Malcolm, a holiday-walk. A few occasional pieces.) [In verse.]			London, Bristol [printed]	001987484		1879	http://www.flickr.com/photos/britishlibrary/11273245043	1	000049	11273245043	http://farm4.staticflickr.com/3738/11273245043_f0c2fafb88_m.jpg	240	207	http://farm4.staticflickr.com/3738/11273245043_f0c2fafb88.jpg	500	431	http://farm4.staticflickr.com/3738/11273245043_f0c2fafb88_b.jpg	1024	882	http://farm4.staticflickr.com/3738/11273245043_37781ed8d8_o.jpg	1321	1138
0	Everts & Abbott	History of Hillsdale County, Michigan, with illustrations and biographical sketches of some of its prominent men, etc	Johnson, Crisfield.		Philadelphia	001884500		1879	http://www.flickr.com/photos/britishlibrary/11273199334	1	000363	11273199334	http://farm4.staticflickr.com/3714/11273199334_453b4d68f7_m.jpg	240	204	http://farm4.staticflickr.com/3714/11273199334_453b4d68f7.jpg	500	426	http://farm4.staticflickr.com/3714/11273199334_453b4d68f7_b.jpg	1024	872	http://farm4.staticflickr.com/3714/11273199334_094b817761_o.jpg	1162	990
0		Les Rues du vieux Paris. Galerie populaire et pittoresque ... Ouvrage illustré de 165 gravures sur bois	FOURNEL, Victor.		Paris	001279089		1879	http://www.flickr.com/photos/britishlibrary/11273199254	1	000177	11273199254	http://farm4.staticflickr.com/3743/11273199254_4527d17ede_m.jpg	240	230	http://farm4.staticflickr.com/3743/11273199254_4527d17ede.jpg	500	479	http://farm4.staticflickr.com/3743/11273199254_4527d17ede_b.jpg	1024	982	http://farm4.staticflickr.com/3743/11273199254_5f5025cedb_o.jpg	1505	1443
0	J. A. & R. A. Reid	The Past and the Present. Narragansett sea and shore. An illustrated guide to Providence, Newport, Narragansett Pier, Block Island, Watch Hill, Rocky Point, Silver Spring, and all the famous sea-side resorts of Rhode Island, with a map of Narragansett Bay	DENISON, Frederic.		Providence	000908069		1879	http://www.flickr.com/photos/britishlibrary/11273133765	1	000114	11273133765	http://farm4.staticflickr.com/3784/11273133765_8ac6b3024a_m.jpg	206	240	http://farm4.staticflickr.com/3784/11273133765_8ac6b3024a.jpg	430	500	http://farm4.staticflickr.com/3784/11273133765_8ac6b3024a_b.jpg	880	1024	http://farm4.staticflickr.com/3784/11273133765_87a78f4b4c_o.jpg	1136	1322
02		The Australian abroad. Branches from the Main Routes round the World. [Reprinted from the Melbourne “Argus.” With illustrations.] 2 series	HINGSTON, James.	lsidyv3cbf9abe	London	001689101	ark:/81055/vdc_00000005DA7A	1879	http://www.flickr.com/photos/britishlibrary/11273242573	1	000358	11273242573	http://farm3.staticflickr.com/2850/11273242573_4b9bb15d4c_m.jpg	171	240	http://farm3.staticflickr.com/2850/11273242573_4b9bb15d4c.jpg	356	500	http://farm3.staticflickr.com/2850/11273242573_4b9bb15d4c_b.jpg	730	1024	http://farm3.staticflickr.com/2850/11273242573_7700621a27_o.jpg	1025	1438
0	Moses King	King's Handbook of Boston. Profusely illustrated. [With a map.]	KING, Moses.		Cambridge, Mass	001968594		1879	http://www.flickr.com/photos/britishlibrary/11273197194	1	000173	11273197194	http://farm6.staticflickr.com/5475/11273197194_fb9f1c998b_m.jpg	240	151	http://farm6.staticflickr.com/5475/11273197194_fb9f1c998b.jpg	500	315	http://farm6.staticflickr.com/5475/11273197194_fb9f1c998b_b.jpg	1024	645	http://farm6.staticflickr.com/5475/11273197194_1115af73d2_o.jpg	1591	1002
01	L. H. Everts	History of the Connecticut Valley in Massachusetts (by N. B. Sylvester), with illustrations and biographical sketches of some of its prominent men and pioneers [by other authors]	SYLVESTER, Nathaniel Bartlett.		Philadelphia	003562080		1879	http://www.flickr.com/photos/britishlibrary/11273170606	1	000522	11273170606	http://farm6.staticflickr.com/5490/11273170606_256efe41d8_m.jpg	240	226	http://farm6.staticflickr.com/5490/11273170606_256efe41d8.jpg	500	471	http://farm6.staticflickr.com/5490/11273170606_256efe41d8_b.jpg	1024	964	http://farm6.staticflickr.com/5490/11273170606_6115b6c3d2_o.jpg	1330	1252
0	Everts & Abbott	History of Hillsdale County, Michigan, with illustrations and biographical sketches of some of its prominent men, etc	Johnson, Crisfield.		Philadelphia	001884500		1879	http://www.flickr.com/photos/britishlibrary/11273131145	1	000280	11273131145	http://farm3.staticflickr.com/2881/11273131145_6fbeea58da_m.jpg	240	195	http://farm3.staticflickr.com/2881/11273131145_6fbeea58da.jpg	500	406	http://farm3.staticflickr.com/2881/11273131145_6fbeea58da_b.jpg	1024	832	http://farm3.staticflickr.com/2881/11273131145_7186f1dd34_o.jpg	1158	941
0		The Great Eastern Railway Company's Tourist-Guide to the Continent. ... With illustrations ... and a map	LINDLEY, Percy.	lsidyv3cad916f	London	002174468	ark:/81055/vdc_00000005CE44	1879	http://www.flickr.com/photos/britishlibrary/11273170046	1	000113	11273170046	http://farm6.staticflickr.com/5473/11273170046_07325cfbf4_m.jpg	200	240	http://farm6.staticflickr.com/5473/11273170046_07325cfbf4.jpg	416	500	http://farm6.staticflickr.com/5473/11273170046_07325cfbf4_b.jpg	852	1024	http://farm6.staticflickr.com/5473/11273170046_ff09e2871b_o.jpg	1002	1204
0		Les Vieilles Villes de Suisse. Notes et souvenirs. Ouvrage illustré de 105 dessins à la plume par A. Robida reproduits en fac-simile	ROBIDA, Albert.		Paris	003121715		1879	http://www.flickr.com/photos/britishlibrary/11273168396	1	000326	11273168396	http://farm8.staticflickr.com/7405/11273168396_d96e50df39_m.jpg	240	124	http://farm8.staticflickr.com/7405/11273168396_d96e50df39.jpg	500	257	http://farm8.staticflickr.com/7405/11273168396_d96e50df39_b.jpg	1024	527	http://farm8.staticflickr.com/7405/11273168396_9c7b7b7c66_o.jpg	1861	958
0	Macmillan and Co.	The Arctic Voyages of A. E. Nordenskiöld. 1858-1879. With illustrations and maps	LESLIE, Alexander of Aberdeen		London	002142895		1879	http://www.flickr.com/photos/britishlibrary/11273239143	1	000083	11273239143	http://farm3.staticflickr.com/2864/11273239143_91559180d5_m.jpg	168	240	http://farm3.staticflickr.com/2864/11273239143_91559180d5.jpg	350	500	http://farm3.staticflickr.com/2864/11273239143_91559180d5_b.jpg	716	1024	http://farm3.staticflickr.com/2864/11273239143_6263eaa68d_o.jpg	986	1410
01	William Mackenzie	The National Burns. Edited by Rev. George Gilfillan, including the airs of all the songs, and an original life of Burns by the editor. [With plates, including portraits.]	Burns, Robert		Glasgow	000543200		1879	http://www.flickr.com/photos/britishlibrary/11273239513	1	000165	11273239513	http://farm3.staticflickr.com/2845/11273239513_992bffcb55_m.jpg	99	240	http://farm3.staticflickr.com/2845/11273239513_992bffcb55.jpg	206	500	http://farm3.staticflickr.com/2845/11273239513_992bffcb55_b.jpg	422	1024	http://farm3.staticflickr.com/2845/11273239513_11fa2ca24c_o.jpg	832	2019
0		Les États-Unis d'Amérique. Impressions de Voyage, abrégées [from “White Conquest”] par H. Vattemare. [With illustrations.]	DIXON, William Hepworth F.S.A		Paris	000953753		1879	http://www.flickr.com/photos/britishlibrary/11273238013	1	000186	11273238013	http://farm6.staticflickr.com/5484/11273238013_81a3c06e23_m.jpg	240	163	http://farm6.staticflickr.com/5484/11273238013_81a3c06e23.jpg	500	340	http://farm6.staticflickr.com/5484/11273238013_81a3c06e23_b.jpg	1024	697	http://farm6.staticflickr.com/5484/11273238013_31d5d98295_o.jpg	1751	1191
01		Paris à travers les siècles. Histoire nationale de Paris et des Parisiens depuis la fondation de Lutèce jusqu'à nos jours, etc	GOURDON DE GENOUILLAC, Nicolas Jules Henri.		Paris	001476975		1879	http://www.flickr.com/photos/britishlibrary/11273237813	1	000035	11273237813	http://farm3.staticflickr.com/2824/11273237813_3371eb647e_m.jpg	240	140	http://farm3.staticflickr.com/2824/11273237813_3371eb647e.jpg	500	292	http://farm3.staticflickr.com/2824/11273237813_3371eb647e_b.jpg	1024	597	http://farm3.staticflickr.com/2824/11273237813_b275c9d8af_o.jpg	1820	1061
02	American News Company	Round the world with General Grant. A narrative of the visit of General U. S. Grant ... to various countries ... in 1877, 1878, 1879. To which are added certain conversations with General Grant on questions connected with American politics and history ... With ... illustrations	YOUNG, John Russell.		New York	004002305		1879	http://www.flickr.com/photos/britishlibrary/11273166656	1	000269	11273166656	http://farm8.staticflickr.com/7345/11273166656_ac4cd9f6e5_m.jpg	240	174	http://farm8.staticflickr.com/7345/11273166656_ac4cd9f6e5.jpg	500	362	http://farm8.staticflickr.com/7345/11273166656_ac4cd9f6e5_b.jpg	1024	742	http://farm8.staticflickr.com/7345/11273166656_187b6b2f6e_o.jpg	1655	1200
02	D. Appleton & Co.	[Appleton's European Guide Book illustrated. Including England, Scotland, and Ireland, France, Belgium, Holland, Northern and Southern Germany, Switzerland, Italy, Spain and Portugal, Russia, Denmark, Norway, and Sweden. Containing ... maps, etc.]	APPLETON, Daniel AND CO	lsidyv3cbe7355	New York; Longmans & Co	000100280	ark:/81055/vdc_00000005D9DE	1879	http://www.flickr.com/photos/britishlibrary/11273125855	1	000139	11273125855	http://farm3.staticflickr.com/2862/11273125855_632661d1c2_m.jpg	176	240	http://farm3.staticflickr.com/2862/11273125855_632661d1c2.jpg	368	500	http://farm3.staticflickr.com/2862/11273125855_632661d1c2_b.jpg	753	1024	http://farm3.staticflickr.com/2862/11273125855_bbd0f84c56_o.jpg	887	1206
0		La Souabe après la paix de Bâle. Recueil de documents diplomatiques et parlementaires concernant les négociations avec la République Française, et la lutte des États de Wurtemberg contre Frédéric II., dernier Duc-Électeur, 1795-1805. Publié avec plusieurs dépêches antérieures de Charles-Eugène, etc	VREEDE, George Willem.		Utrecht	003819631		1879	http://www.flickr.com/photos/britishlibrary/11273236073	1	000010	11273236073	http://farm8.staticflickr.com/7379/11273236073_1358465a43_m.jpg	240	146	http://farm8.staticflickr.com/7379/11273236073_1358465a43.jpg	500	304	http://farm8.staticflickr.com/7379/11273236073_1358465a43_b.jpg	1024	622	http://farm8.staticflickr.com/7379/11273236073_553ff8e84e_o.jpg	1335	811
02	D. Appleton & Co.	[Appleton's European Guide Book illustrated. Including England, Scotland, and Ireland, France, Belgium, Holland, Northern and Southern Germany, Switzerland, Italy, Spain and Portugal, Russia, Denmark, Norway, and Sweden. Containing ... maps, etc.]	APPLETON, Daniel AND CO	lsidyv3cbe7355	New York; Longmans & Co	000100280	ark:/81055/vdc_00000005D9DE	1879	http://www.flickr.com/photos/britishlibrary/11273236233	1	000249	11273236233	http://farm6.staticflickr.com/5500/11273236233_83c53ccbfb_m.jpg	171	240	http://farm6.staticflickr.com/5500/11273236233_83c53ccbfb.jpg	357	500	http://farm6.staticflickr.com/5500/11273236233_83c53ccbfb_b.jpg	731	1024	http://farm6.staticflickr.com/5500/11273236233_92185aac06_o.jpg	917	1284
02	Tinsley Brothers	Berlin under the New Empire, its institutions, inhabitants, industry ... With ... engravings, etc	VIZETELLY, Henry.		London	003807524		1879	http://www.flickr.com/photos/britishlibrary/11273189664	1	000357	11273189664	http://farm6.staticflickr.com/5541/11273189664_a851bb2882_m.jpg	211	240	http://farm6.staticflickr.com/5541/11273189664_a851bb2882.jpg	440	500	http://farm6.staticflickr.com/5541/11273189664_a851bb2882_b.jpg	901	1024	http://farm6.staticflickr.com/5541/11273189664_ae9d93cbc8_o.jpg	1256	1427
0	Union Historical Co.	The History of Madison County ... Illustrated			Des Moines	002336728		1879	http://www.flickr.com/photos/britishlibrary/11273234423	1	000074	11273234423	http://farm8.staticflickr.com/7334/11273234423_5a004904f6_m.jpg	151	240	http://farm8.staticflickr.com/7334/11273234423_5a004904f6.jpg	315	500	http://farm8.staticflickr.com/7334/11273234423_5a004904f6_b.jpg	645	1024	http://farm8.staticflickr.com/7334/11273234423_1788f7c79d_o.jpg	1003	1593
01	Tinsley Brothers	Berlin under the New Empire, its institutions, inhabitants, industry ... With ... engravings, etc	VIZETELLY, Henry.		London	003807524		1879	http://www.flickr.com/photos/britishlibrary/11273233923	2	000156	11273233923	http://farm4.staticflickr.com/3726/11273233923_d1d7503222_m.jpg	240	178	http://farm4.staticflickr.com/3726/11273233923_d1d7503222.jpg	500	372	http://farm4.staticflickr.com/3726/11273233923_d1d7503222_b.jpg	1024	761	http://farm4.staticflickr.com/3726/11273233923_dab2aedcb9_o.jpg	1333	990
02	Tinsley Brothers	Berlin under the New Empire, its institutions, inhabitants, industry ... With ... engravings, etc	VIZETELLY, Henry.		London	003807524		1879	http://www.flickr.com/photos/britishlibrary/11273162176	1	000181	11273162176	http://farm6.staticflickr.com/5537/11273162176_db39168601_m.jpg	227	240	http://farm6.staticflickr.com/5537/11273162176_db39168601.jpg	474	500	http://farm6.staticflickr.com/5537/11273162176_db39168601_b.jpg	970	1024	http://farm6.staticflickr.com/5537/11273162176_65c9945a40_o.jpg	1376	1452
0	Lewis, Peck & Co.	History of Steuben County, New York, with illustrations and biographical sketches of some of its prominent men and pioneers	CLAYTON, W. Woodford.		Philadelphia	000719876		1879	http://www.flickr.com/photos/britishlibrary/11273123165	1	000496	11273123165	http://farm4.staticflickr.com/3778/11273123165_aced299d28_m.jpg	240	210	http://farm4.staticflickr.com/3778/11273123165_aced299d28.jpg	500	437	http://farm4.staticflickr.com/3778/11273123165_aced299d28_b.jpg	1024	894	http://farm4.staticflickr.com/3778/11273123165_b676c7ec53_o.jpg	1201	1048
0	Wesleyan Conference Office	Rambles in Bible Lands	NEWTON, Richard D.D., Rector of St. Paul's Church, Philadelphia	lsidyv3ca35e3a	London	002646495	ark:/81055/vdc_00000005C826	1879	http://www.flickr.com/photos/britishlibrary/11273187084	1	000223	11273187084	http://farm6.staticflickr.com/5483/11273187084_2aa9d02253_m.jpg	191	240	http://farm6.staticflickr.com/5483/11273187084_2aa9d02253.jpg	398	500	http://farm6.staticflickr.com/5483/11273187084_2aa9d02253_b.jpg	816	1024	http://farm6.staticflickr.com/5483/11273187084_2346517f85_o.jpg	1097	1376
0		[Voyage aux pays annexés. Suite et fin du Voyage au pays des Milliards.]	TISSOT, Victor.		Paris	003643050		1879	http://www.flickr.com/photos/britishlibrary/11273161006	1	000149	11273161006	http://farm3.staticflickr.com/2810/11273161006_362b5b0ee8_m.jpg	184	240	http://farm3.staticflickr.com/2810/11273161006_362b5b0ee8.jpg	383	500	http://farm3.staticflickr.com/2810/11273161006_362b5b0ee8_b.jpg	785	1024	http://farm3.staticflickr.com/2810/11273161006_29b0ecbde8_o.jpg	997	1300
0	A. Williams & Co.	History of the town of Hollis, New Hampshire, from its first settlement to ... 1879. ... Illustrated, etc	WORCESTER, Samuel T.		Boston [Mass.]	003975907		1879	http://www.flickr.com/photos/britishlibrary/11273160136	1	000384	11273160136	http://farm8.staticflickr.com/7429/11273160136_c0dd933835_m.jpg	240	226	http://farm8.staticflickr.com/7429/11273160136_c0dd933835.jpg	500	471	http://farm8.staticflickr.com/7429/11273160136_c0dd933835_b.jpg	1024	965	http://farm8.staticflickr.com/7429/11273160136_a2c0ea81ab_o.jpg	1266	1193
0	Religious Tract Society	The Lands of Scripture: comprising “Those Holy Fields”; “The Land of the Pharaohs” [both by S. M.]; “Pictures from Bible Lands” (edited by S. G. Green. The illustrations by E. Whymper, etc.)	MANNING, Samuel LL.D		London	002369128		1879	http://www.flickr.com/photos/britishlibrary/11273120885	1	000267	11273120885	http://farm4.staticflickr.com/3756/11273120885_239b04e854_m.jpg	240	240	http://farm4.staticflickr.com/3756/11273120885_239b04e854.jpg	500	499	http://farm4.staticflickr.com/3756/11273120885_239b04e854_b.jpg	1024	1022	http://farm4.staticflickr.com/3756/11273120885_ed81269aba_o.jpg	1033	1031
02	American News Company	Round the world with General Grant. A narrative of the visit of General U. S. Grant ... to various countries ... in 1877, 1878, 1879. To which are added certain conversations with General Grant on questions connected with American politics and history ... With ... illustrations	YOUNG, John Russell.		New York	004002305		1879	http://www.flickr.com/photos/britishlibrary/11273121015	1	000458	11273121015	http://farm8.staticflickr.com/7382/11273121015_f27b3f5599_m.jpg	240	172	http://farm8.staticflickr.com/7382/11273121015_f27b3f5599.jpg	500	357	http://farm8.staticflickr.com/7382/11273121015_f27b3f5599_b.jpg	1024	732	http://farm8.staticflickr.com/7382/11273121015_a339b2fc15_o.jpg	1371	980
0		The Illustrated Guide to Sheffield and the surrounding district, etc	TAYLOR, John of Sheffield		Sheffield	003589731		1879	http://www.flickr.com/photos/britishlibrary/11273184014	1	000599	11273184014	http://farm8.staticflickr.com/7414/11273184014_f96d89a2cd_m.jpg	236	240	http://farm8.staticflickr.com/7414/11273184014_f96d89a2cd.jpg	492	500	http://farm8.staticflickr.com/7414/11273184014_f96d89a2cd_b.jpg	1007	1024	http://farm8.staticflickr.com/7414/11273184014_bbc24cf0c3_o.jpg	1391	1415
02	Tinsley Brothers	Berlin under the New Empire, its institutions, inhabitants, industry ... With ... engravings, etc	VIZETELLY, Henry.		London	003807524		1879	http://www.flickr.com/photos/britishlibrary/11273118125	1	000120	11273118125	http://farm8.staticflickr.com/7313/11273118125_899d26c1f8_m.jpg	240	162	http://farm8.staticflickr.com/7313/11273118125_899d26c1f8.jpg	500	338	http://farm8.staticflickr.com/7313/11273118125_899d26c1f8_b.jpg	1024	693	http://farm8.staticflickr.com/7313/11273118125_3638a70087_o.jpg	1406	952
03		Paris à travers les siècles. Histoire nationale de Paris et des Parisiens depuis la fondation de Lutèce jusqu'à nos jours, etc	GOURDON DE GENOUILLAC, Nicolas Jules Henri.		Paris	001476975		1879	http://www.flickr.com/photos/britishlibrary/11273119405	3	000447	11273119405	http://farm8.staticflickr.com/7439/11273119405_2e4917feb9_m.jpg	240	155	http://farm8.staticflickr.com/7439/11273119405_2e4917feb9.jpg	500	323	http://farm8.staticflickr.com/7439/11273119405_2e4917feb9_b.jpg	1024	661	http://farm8.staticflickr.com/7439/11273119405_906bc0e640_o.jpg	1482	957
0		Monuments religieux, civils et militaires du Gatinais, ... depuis le XIe jusqu'au XVIIe siècle. ... Ouvrage accompagné de planches, etc	MICHEL, Edmond.		Lyon	002482448		1879	http://www.flickr.com/photos/britishlibrary/11273156596	1	000589	11273156596	http://farm8.staticflickr.com/7381/11273156596_285ce26a1d_m.jpg	240	124	http://farm8.staticflickr.com/7381/11273156596_285ce26a1d.jpg	500	258	http://farm8.staticflickr.com/7381/11273156596_285ce26a1d_b.jpg	1024	529	http://farm8.staticflickr.com/7381/11273156596_a376735830_o.jpg	2038	1052
0	Waterlow & Sons	Up the River from Westminster to Windsor and Oxford; a descriptive panorama of Thames Scenery			London	003606029		1879	http://www.flickr.com/photos/britishlibrary/11273226743	1	000137	11273226743	http://farm6.staticflickr.com/5546/11273226743_c1287cfbca_m.jpg	168	240	http://farm6.staticflickr.com/5546/11273226743_c1287cfbca.jpg	351	500	http://farm6.staticflickr.com/5546/11273226743_c1287cfbca_b.jpg	718	1024	http://farm6.staticflickr.com/5546/11273226743_05d8cc33df_o.jpg	890	1270
02		Paris à travers les siècles. Histoire nationale de Paris et des Parisiens depuis la fondation de Lutèce jusqu'à nos jours, etc	GOURDON DE GENOUILLAC, Nicolas Jules Henri.		Paris	001476975		1879	http://www.flickr.com/photos/britishlibrary/11273117175	1	001153	11273117175	http://farm4.staticflickr.com/3703/11273117175_65413fd9b5_m.jpg	156	240	http://farm4.staticflickr.com/3703/11273117175_65413fd9b5.jpg	326	500	http://farm4.staticflickr.com/3703/11273117175_65413fd9b5_b.jpg	667	1024	http://farm4.staticflickr.com/3703/11273117175_023ec5ca6b_o.jpg	1106	1698
0	Pickering & Co.	The History of the County of Monaghan	SHIRLEY, Evelyn Philip.		London	003370961		1879	http://www.flickr.com/photos/britishlibrary/11273225523	1	000015	11273225523	http://farm6.staticflickr.com/5497/11273225523_6a7d012957_m.jpg	240	158	http://farm6.staticflickr.com/5497/11273225523_6a7d012957.jpg	500	329	http://farm6.staticflickr.com/5497/11273225523_6a7d012957_b.jpg	1024	673	http://farm6.staticflickr.com/5497/11273225523_ab951f2335_o.jpg	1282	842
0		Imperial India. An Artist's journals. Illustrated, etc	Prinsep, Val C. (Val Cameron)	lsidyv3c8b5c91	London	002992309	ark:/81055/vdc_00000005B95C	1879	http://www.flickr.com/photos/britishlibrary/11273179974	1	000108	11273179974	http://farm8.staticflickr.com/7454/11273179974_b25b39292f_m.jpg	203	240	http://farm8.staticflickr.com/7454/11273179974_b25b39292f.jpg	422	500	http://farm8.staticflickr.com/7454/11273179974_b25b39292f_b.jpg	865	1024	http://farm8.staticflickr.com/7454/11273179974_0a3dfa0d56_o.jpg	1200	1421
02		Histoire générale des peuples anciens et modernes	GIGAULT DE LA BÉDOLLIÈRE, Émile.		Paris	001419243		1879	http://www.flickr.com/photos/britishlibrary/11273178984	1	000265	11273178984	http://farm8.staticflickr.com/7298/11273178984_5b8766823f_m.jpg	240	209	http://farm8.staticflickr.com/7298/11273178984_5b8766823f.jpg	500	435	http://farm8.staticflickr.com/7298/11273178984_5b8766823f_b.jpg	1024	890	http://farm8.staticflickr.com/7298/11273178984_deb7672c42_o.jpg	1556	1352
0	Religious Tract Society	The Lands of Scripture: comprising “Those Holy Fields”; “The Land of the Pharaohs” [both by S. M.]; “Pictures from Bible Lands” (edited by S. G. Green. The illustrations by E. Whymper, etc.)	MANNING, Samuel LL.D		London	002369128		1879	http://www.flickr.com/photos/britishlibrary/11273222943	1	000407	11273222943	http://farm8.staticflickr.com/7318/11273222943_1210f81399_m.jpg	137	240	http://farm8.staticflickr.com/7318/11273222943_1210f81399.jpg	285	500	http://farm8.staticflickr.com/7318/11273222943_1210f81399_b.jpg	584	1024	http://farm8.staticflickr.com/7318/11273222943_73549c91ca_o.jpg	1098	1925
02	American News Company	Round the world with General Grant. A narrative of the visit of General U. S. Grant ... to various countries ... in 1877, 1878, 1879. To which are added certain conversations with General Grant on questions connected with American politics and history ... With ... illustrations	YOUNG, John Russell.		New York	004002305		1879	http://www.flickr.com/photos/britishlibrary/11273152686	1	000228	11273152686	http://farm6.staticflickr.com/5485/11273152686_c99e64a9f3_m.jpg	156	240	http://farm6.staticflickr.com/5485/11273152686_c99e64a9f3.jpg	324	500	http://farm6.staticflickr.com/5485/11273152686_c99e64a9f3_b.jpg	664	1024	http://farm6.staticflickr.com/5485/11273152686_4c025c72a7_o.jpg	1037	1600
0	Everts & Ensign	History of Toga, Chemung, Tompkins, and Schuyler Counties, New York. With illustrations and biographical sketches of some of its prominent men and pioneers	PEIRCE, Henry B. and HURD (Duane Hamilton)		Philadelphia	002810116		1879	http://www.flickr.com/photos/britishlibrary/11273151876	1	000517	11273151876	http://farm6.staticflickr.com/5533/11273151876_4e96e95549_m.jpg	240	192	http://farm6.staticflickr.com/5533/11273151876_4e96e95549.jpg	500	400	http://farm6.staticflickr.com/5533/11273151876_4e96e95549_b.jpg	1024	820	http://farm6.staticflickr.com/5533/11273151876_60a91e08a8_o.jpg	1277	1023
02	L. H. Everts	History of the Connecticut Valley in Massachusetts (by N. B. Sylvester), with illustrations and biographical sketches of some of its prominent men and pioneers [by other authors]	SYLVESTER, Nathaniel Bartlett.		Philadelphia	003562080		1879	http://www.flickr.com/photos/britishlibrary/11273151166	1	000076	11273151166	http://farm8.staticflickr.com/7426/11273151166_af48c3d269_m.jpg	240	167	http://farm8.staticflickr.com/7426/11273151166_af48c3d269.jpg	500	347	http://farm8.staticflickr.com/7426/11273151166_af48c3d269_b.jpg	1024	711	http://farm8.staticflickr.com/7426/11273151166_68231d5e4e_o.jpg	1666	1156
0		The Two Voyages of the 'Pandora' in 1875 and 1876. [With illustrations and map.]	YOUNG, Allen William Sir		London	004000277		1879	http://www.flickr.com/photos/britishlibrary/11273176374	1	000099	11273176374	http://farm6.staticflickr.com/5490/11273176374_f4af94d57e_m.jpg	240	164	http://farm6.staticflickr.com/5490/11273176374_f4af94d57e.jpg	500	342	http://farm6.staticflickr.com/5490/11273176374_f4af94d57e_b.jpg	1024	701	http://farm6.staticflickr.com/5490/11273176374_633df8c19e_o.jpg	1698	1163
0	Western Historical Company	The History of Jones County, Iowa ... illustrated			Chicago	001892342		1879	http://www.flickr.com/photos/britishlibrary/11273150406	1	000083	11273150406	http://farm4.staticflickr.com/3823/11273150406_31ccd0d1e7_m.jpg	173	240	http://farm4.staticflickr.com/3823/11273150406_31ccd0d1e7.jpg	361	500	http://farm4.staticflickr.com/3823/11273150406_31ccd0d1e7_b.jpg	740	1024	http://farm4.staticflickr.com/3823/11273150406_3c28af23f0_o.jpg	1151	1593
01	Tinsley Brothers	Berlin under the New Empire, its institutions, inhabitants, industry ... With ... engravings, etc	VIZETELLY, Henry.		London	003807524		1879	http://www.flickr.com/photos/britishlibrary/11273111555	1	000123	11273111555	http://farm6.staticflickr.com/5519/11273111555_90a54c3660_m.jpg	240	204	http://farm6.staticflickr.com/5519/11273111555_90a54c3660.jpg	500	425	http://farm6.staticflickr.com/5519/11273111555_90a54c3660_b.jpg	1024	871	http://farm6.staticflickr.com/5519/11273111555_cc65ef0e8c_o.jpg	1123	955
0	John Murray	[The Student's Manual of Modern Geography. Mathematical, physical, and descriptive.]	BEVAN, William Latham.	lsidyv3ca2f2a9	London	000307737	ark:/81055/vdc_00000005C7F6	1879	http://www.flickr.com/photos/britishlibrary/11273174504	1	000089	11273174504	http://farm6.staticflickr.com/5489/11273174504_b5c5d93b61_m.jpg	179	240	http://farm6.staticflickr.com/5489/11273174504_b5c5d93b61.jpg	374	500	http://farm6.staticflickr.com/5489/11273174504_b5c5d93b61_b.jpg	765	1024	http://farm6.staticflickr.com/5489/11273174504_6dacde0a76_o.jpg	915	1225
01	Tinsley Brothers	Berlin under the New Empire, its institutions, inhabitants, industry ... With ... engravings, etc	VIZETELLY, Henry.		London	003807524		1879	http://www.flickr.com/photos/britishlibrary/11273149126	1	000227	11273149126	http://farm3.staticflickr.com/2871/11273149126_424ebfe0f0_m.jpg	197	240	http://farm3.staticflickr.com/2871/11273149126_424ebfe0f0.jpg	411	500	http://farm3.staticflickr.com/2871/11273149126_424ebfe0f0_b.jpg	841	1024	http://farm3.staticflickr.com/2871/11273149126_f8887bf8af_o.jpg	958	1167
01		A magyar nemzet története. I. kötet írta Bodon J. és Dr. Szalay J. (II.-IV.) kötet, írta Dr. Szalay J.) [With portraits.]	BODON, József and SZALAY (József)		Budapest	000389221		1879	http://www.flickr.com/photos/britishlibrary/11273218373	1	000109	11273218373	http://farm4.staticflickr.com/3825/11273218373_37897e5b7f_m.jpg	240	201	http://farm4.staticflickr.com/3825/11273218373_37897e5b7f.jpg	500	418	http://farm4.staticflickr.com/3825/11273218373_37897e5b7f_b.jpg	1024	856	http://farm4.staticflickr.com/3825/11273218373_9a5fbdbc7e_o.jpg	1317	1101
01	American News Company	Round the world with General Grant. A narrative of the visit of General U. S. Grant ... to various countries ... in 1877, 1878, 1879. To which are added certain conversations with General Grant on questions connected with American politics and history ... With ... illustrations	YOUNG, John Russell.		New York	004002305		1879	http://www.flickr.com/photos/britishlibrary/11273146686	1	000323	11273146686	http://farm4.staticflickr.com/3828/11273146686_468be33477_m.jpg	137	240	http://farm4.staticflickr.com/3828/11273146686_468be33477.jpg	286	500	http://farm4.staticflickr.com/3828/11273146686_468be33477_b.jpg	585	1024	http://farm4.staticflickr.com/3828/11273146686_8aaa9945f3_o.jpg	991	1735
0		[Viaje á la Patagonia austral emprendido bajo los auspicios del Gobierno Nacional 1876-1877. tom. 1.]	MORENO, Francisco Josué Pascasio.		Buenos Aires	002546655		1879	http://www.flickr.com/photos/britishlibrary/11273216923	1	000462	11273216923	http://farm3.staticflickr.com/2849/11273216923_20084fc13b_m.jpg	240	82	http://farm3.staticflickr.com/2849/11273216923_20084fc13b.jpg	500	171	http://farm3.staticflickr.com/2849/11273216923_20084fc13b_b.jpg	1024	350	http://farm3.staticflickr.com/2849/11273216923_bd31a5b248_o.jpg	2266	775
01	Tinsley Brothers	Berlin under the New Empire, its institutions, inhabitants, industry ... With ... engravings, etc	VIZETELLY, Henry.		London	003807524		1879	http://www.flickr.com/photos/britishlibrary/11273146126	1	000228	11273146126	http://farm4.staticflickr.com/3768/11273146126_3eef3fc9e2_m.jpg	240	213	http://farm4.staticflickr.com/3768/11273146126_3eef3fc9e2.jpg	500	444	http://farm4.staticflickr.com/3768/11273146126_3eef3fc9e2_b.jpg	1024	909	http://farm4.staticflickr.com/3768/11273146126_e1b4915f8f_o.jpg	1088	966
0	Religious Tract Society	The Lands of Scripture: comprising “Those Holy Fields”; “The Land of the Pharaohs” [both by S. M.]; “Pictures from Bible Lands” (edited by S. G. Green. The illustrations by E. Whymper, etc.)	MANNING, Samuel LL.D		London	002369128		1879	http://www.flickr.com/photos/britishlibrary/11273170194	1	000154	11273170194	http://farm6.staticflickr.com/5537/11273170194_998e84bf86_m.jpg	110	240	http://farm6.staticflickr.com/5537/11273170194_998e84bf86.jpg	229	500	http://farm6.staticflickr.com/5537/11273170194_998e84bf86_b.jpg	470	1024	http://farm6.staticflickr.com/5537/11273170194_0c0e0fb1ba_o.jpg	862	1880
01	American News Company	Round the world with General Grant. A narrative of the visit of General U. S. Grant ... to various countries ... in 1877, 1878, 1879. To which are added certain conversations with General Grant on questions connected with American politics and history ... With ... illustrations	YOUNG, John Russell.		New York	004002305		1879	http://www.flickr.com/photos/britishlibrary/11273106015	1	000145	11273106015	http://farm8.staticflickr.com/7332/11273106015_f8350611ef_m.jpg	240	171	http://farm8.staticflickr.com/7332/11273106015_f8350611ef.jpg	500	355	http://farm8.staticflickr.com/7332/11273106015_f8350611ef_b.jpg	1024	728	http://farm8.staticflickr.com/7332/11273106015_be2894edbb_o.jpg	1350	960
01	D. Appleton & Co.	[Appleton's European Guide Book illustrated. Including England, Scotland, and Ireland, France, Belgium, Holland, Northern and Southern Germany, Switzerland, Italy, Spain and Portugal, Russia, Denmark, Norway, and Sweden. Containing ... maps, etc.]	APPLETON, Daniel AND CO	lsidyv3cbe7355	New York; Longmans & Co	000100280	ark:/81055/vdc_00000005D9DE	1879	http://www.flickr.com/photos/britishlibrary/11273143706	1	000449	11273143706	http://farm8.staticflickr.com/7399/11273143706_2e2295ab29_m.jpg	185	240	http://farm8.staticflickr.com/7399/11273143706_2e2295ab29.jpg	386	500	http://farm8.staticflickr.com/7399/11273143706_2e2295ab29_b.jpg	790	1024	http://farm8.staticflickr.com/7399/11273143706_8651de9ac4_o.jpg	951	1233
02	D. Appleton & Co.	[Appleton's European Guide Book illustrated. Including England, Scotland, and Ireland, France, Belgium, Holland, Northern and Southern Germany, Switzerland, Italy, Spain and Portugal, Russia, Denmark, Norway, and Sweden. Containing ... maps, etc.]	APPLETON, Daniel AND CO	lsidyv3cbe7355	New York; Longmans & Co	000100280	ark:/81055/vdc_00000005D9DE	1879	http://www.flickr.com/photos/britishlibrary/11273213643	1	000629	11273213643	http://farm4.staticflickr.com/3710/11273213643_9630d310bd_m.jpg	150	240	http://farm4.staticflickr.com/3710/11273213643_9630d310bd.jpg	313	500	http://farm4.staticflickr.com/3710/11273213643_9630d310bd_b.jpg	642	1024	http://farm4.staticflickr.com/3710/11273213643_bf0c6631eb_o.jpg	823	1312
0	D. W. Ensign & Co.	History of Columbiana County, Ohio, with illustrations and biographical sketches of its prominent men and pioneers	MACK, Horace.		Philadelphia	002319445		1879	http://www.flickr.com/photos/britishlibrary/11273143226	1	000221	11273143226	http://farm6.staticflickr.com/5539/11273143226_4a3b04d0fc_m.jpg	174	240	http://farm6.staticflickr.com/5539/11273143226_4a3b04d0fc.jpg	362	500	http://farm6.staticflickr.com/5539/11273143226_4a3b04d0fc_b.jpg	741	1024	http://farm6.staticflickr.com/5539/11273143226_2279dc64a8_o.jpg	968	1337
01	American News Company	Round the world with General Grant. A narrative of the visit of General U. S. Grant ... to various countries ... in 1877, 1878, 1879. To which are added certain conversations with General Grant on questions connected with American politics and history ... With ... illustrations	YOUNG, John Russell.		New York	004002305		1879	http://www.flickr.com/photos/britishlibrary/11273167484	1	000251	11273167484	http://farm4.staticflickr.com/3673/11273167484_3478a368bb_m.jpg	173	240	http://farm4.staticflickr.com/3673/11273167484_3478a368bb.jpg	360	500	http://farm4.staticflickr.com/3673/11273167484_3478a368bb_b.jpg	738	1024	http://farm4.staticflickr.com/3673/11273167484_50e395c1fc_o.jpg	1248	1731
0		Saint-Pierre de Rome. Ouvrage illustré, etc	LORBAC, Charles de.		Rome	002259706		1879	http://www.flickr.com/photos/britishlibrary/11273102235	1	000129	11273102235	http://farm8.staticflickr.com/7421/11273102235_0b47a27e2f_m.jpg	149	240	http://farm8.staticflickr.com/7421/11273102235_0b47a27e2f.jpg	311	500	http://farm8.staticflickr.com/7421/11273102235_0b47a27e2f_b.jpg	637	1024	http://farm8.staticflickr.com/7421/11273102235_f8fc123c97_o.jpg	933	1500
0	Cassell, Petter, Galpin & Co.	Morocco: its people and places ... Translated by C. Rollin-Tilton. With ... illustrations	AMICIS, Edmondo de.	lsidyv3c6b00d2	London	000070870	ark:/81055/vdc_00000005AC0C	1879	http://www.flickr.com/photos/britishlibrary/11273167424	1	000406	11273167424	http://farm4.staticflickr.com/3704/11273167424_f5af33ef9b_m.jpg	200	240	http://farm4.staticflickr.com/3704/11273167424_f5af33ef9b.jpg	417	500	http://farm4.staticflickr.com/3704/11273167424_f5af33ef9b_b.jpg	853	1024	http://farm4.staticflickr.com/3704/11273167424_da9e04708b_o.jpg	1110	1333
0	T. Lewis	Waltham, past and present, and its industries. With ... photographic illustrations	NELSON, Charles Alexander.		Cambridge [Mass.]	002618620		1879	http://www.flickr.com/photos/britishlibrary/11273137996	2	000059	11273137996	http://farm4.staticflickr.com/3779/11273137996_717c0169ab_m.jpg	186	240	http://farm4.staticflickr.com/3779/11273137996_717c0169ab.jpg	387	500	http://farm4.staticflickr.com/3779/11273137996_717c0169ab_b.jpg	792	1024	http://farm4.staticflickr.com/3779/11273137996_6a900bc1fb_o.jpg	1023	1323
0	Religious Tract Society	English Pictures drawn with pen and pencil	MANNING, Samuel LL.D. and GREEN (Samuel Gosnell)	lsidyv3c492c1d	London	002369135	ark:/81055/vdc_000000059460	1879	http://www.flickr.com/photos/britishlibrary/11273100235	1	000100	11273100235	http://farm3.staticflickr.com/2817/11273100235_0358f63d45_m.jpg	188	240	http://farm3.staticflickr.com/2817/11273100235_0358f63d45.jpg	391	500	http://farm3.staticflickr.com/2817/11273100235_0358f63d45_b.jpg	800	1024	http://farm3.staticflickr.com/2817/11273100235_9b9fa88f91_o.jpg	1297	1661
0	Religious Tract Society	English Pictures drawn with pen and pencil	MANNING, Samuel LL.D. and GREEN (Samuel Gosnell)	lsidyv3c492c1d	London	002369135	ark:/81055/vdc_000000059460	1879	http://www.flickr.com/photos/britishlibrary/11273208843	1	000065	11273208843	http://farm6.staticflickr.com/5531/11273208843_7354e8e413_m.jpg	103	240	http://farm6.staticflickr.com/5531/11273208843_7354e8e413.jpg	214	500	http://farm6.staticflickr.com/5531/11273208843_7354e8e413_b.jpg	438	1024	http://farm6.staticflickr.com/5531/11273208843_fd19d68d65_o.jpg	866	2026
0	[Ward, Lock & Co.	[Charles O'Malley, the Irish Dragoon. Edited by Harry Lorrequer. [By C. J. L.]]	LEVER, Charles James.		London,] Perth [printed	002150760		1879	http://www.flickr.com/photos/britishlibrary/11273097985	1	000420	11273097985	http://farm6.staticflickr.com/5550/11273097985_6a9d7c95c8_m.jpg	200	240	http://farm6.staticflickr.com/5550/11273097985_6a9d7c95c8.jpg	416	500	http://farm6.staticflickr.com/5550/11273097985_6a9d7c95c8_b.jpg	852	1024	http://farm6.staticflickr.com/5550/11273097985_b0fc71d8c1_o.jpg	1017	1223
0	Religious Tract Society	The Lands of Scripture: comprising “Those Holy Fields”; “The Land of the Pharaohs” [both by S. M.]; “Pictures from Bible Lands” (edited by S. G. Green. The illustrations by E. Whymper, etc.)	MANNING, Samuel LL.D		London	002369128		1879	http://www.flickr.com/photos/britishlibrary/11273207443	1	000048	11273207443	http://farm4.staticflickr.com/3769/11273207443_ae7b984291_m.jpg	120	240	http://farm4.staticflickr.com/3769/11273207443_ae7b984291.jpg	250	500	http://farm4.staticflickr.com/3769/11273207443_ae7b984291_b.jpg	513	1024	http://farm4.staticflickr.com/3769/11273207443_2a3a358755_o.jpg	952	1899
0	Moses King	King's Handbook of Boston. Profusely illustrated. [With a map.]	KING, Moses.		Cambridge, Mass	001968594		1879	http://www.flickr.com/photos/britishlibrary/11273097345	1	000363	11273097345	http://farm6.staticflickr.com/5523/11273097345_3c9e1fea01_m.jpg	166	240	http://farm6.staticflickr.com/5523/11273097345_3c9e1fea01.jpg	347	500	http://farm6.staticflickr.com/5523/11273097345_3c9e1fea01_b.jpg	710	1024	http://farm6.staticflickr.com/5523/11273097345_9f5f70e7e8_o.jpg	976	1408
01	American News Company	Round the world with General Grant. A narrative of the visit of General U. S. Grant ... to various countries ... in 1877, 1878, 1879. To which are added certain conversations with General Grant on questions connected with American politics and history ... With ... illustrations	YOUNG, John Russell.		New York	004002305		1879	http://www.flickr.com/photos/britishlibrary/11273205993	1	000656	11273205993	http://farm8.staticflickr.com/7369/11273205993_d547cbe3b4_m.jpg	171	240	http://farm8.staticflickr.com/7369/11273205993_d547cbe3b4.jpg	356	500	http://farm8.staticflickr.com/7369/11273205993_d547cbe3b4_b.jpg	729	1024	http://farm8.staticflickr.com/7369/11273205993_3e0008fa05_o.jpg	955	1341
01	Tinsley Brothers	Berlin under the New Empire, its institutions, inhabitants, industry ... With ... engravings, etc	VIZETELLY, Henry.		London	003807524		1879	http://www.flickr.com/photos/britishlibrary/11273133716	1	000419	11273133716	http://farm4.staticflickr.com/3705/11273133716_fda0eca3ee_m.jpg	207	240	http://farm4.staticflickr.com/3705/11273133716_fda0eca3ee.jpg	431	500	http://farm4.staticflickr.com/3705/11273133716_fda0eca3ee_b.jpg	883	1024	http://farm4.staticflickr.com/3705/11273133716_6ca11e9545_o.jpg	1226	1421
0	N. D. Thompson & Co.	A Pictorial History of Texas, from the earliest visits of European adventurers to A.D. 1879 ... Third edition, ... revised	THRALL, Homer S.		St. Louis, Mo	003632148		1879	http://www.flickr.com/photos/britishlibrary/11273134086	1	000079	11273134086	http://farm8.staticflickr.com/7318/11273134086_02fbb288f5_m.jpg	240	207	http://farm8.staticflickr.com/7318/11273134086_02fbb288f5.jpg	500	432	http://farm8.staticflickr.com/7318/11273134086_02fbb288f5_b.jpg	1024	884	http://farm8.staticflickr.com/7318/11273134086_c7b1418955_o.jpg	1305	1126
0		The Children's fairy geography, or a merry trip round Europe	WINSLOW, Forbes Edward.	lsidyv3c92d153	London	003952456	ark:/81055/vdc_00000005BE18	1879	http://www.flickr.com/photos/britishlibrary/11273159604	1	000249	11273159604	http://farm8.staticflickr.com/7352/11273159604_7ac3abc2ac_m.jpg	240	191	http://farm8.staticflickr.com/7352/11273159604_7ac3abc2ac.jpg	500	398	http://farm8.staticflickr.com/7352/11273159604_7ac3abc2ac_b.jpg	1024	815	http://farm8.staticflickr.com/7352/11273159604_6d326b273e_o.jpg	1523	1212
0	Seton and Mackenzie	History of the Burgh of Canongate, with notices of the Abbey and Palace of Holyrood	MACKAY, John of Edinburgh		Edinburgh	002320355		1879	http://www.flickr.com/photos/britishlibrary/11273202953	1	000143	11273202953	http://farm3.staticflickr.com/2818/11273202953_d556e8dcaa_m.jpg	240	214	http://farm3.staticflickr.com/2818/11273202953_d556e8dcaa.jpg	500	446	http://farm3.staticflickr.com/2818/11273202953_d556e8dcaa_b.jpg	1024	914	http://farm3.staticflickr.com/2818/11273202953_c31508a018_o.jpg	1262	1127
0	[Ward, Lock & Co.	[Charles O'Malley, the Irish Dragoon. Edited by Harry Lorrequer. [By C. J. L.]]	LEVER, Charles James.		London,] Perth [printed	002150760		1879	http://www.flickr.com/photos/britishlibrary/11273094375	1	000030	11273094375	http://farm3.staticflickr.com/2866/11273094375_687d9770b2_m.jpg	196	240	http://farm3.staticflickr.com/2866/11273094375_687d9770b2.jpg	409	500	http://farm3.staticflickr.com/2866/11273094375_687d9770b2_b.jpg	838	1024	http://farm3.staticflickr.com/2866/11273094375_e436b59033_o.jpg	935	1142
01	Tinsley Brothers	Berlin under the New Empire, its institutions, inhabitants, industry ... With ... engravings, etc	VIZETELLY, Henry.		London	003807524		1879	http://www.flickr.com/photos/britishlibrary/11273130896	1	000044	11273130896	http://farm3.staticflickr.com/2827/11273130896_f495b47f93_m.jpg	240	194	http://farm3.staticflickr.com/2827/11273130896_f495b47f93.jpg	500	403	http://farm3.staticflickr.com/2827/11273130896_f495b47f93_b.jpg	1024	826	http://farm3.staticflickr.com/2827/11273130896_32c091bb72_o.jpg	1193	962
01	American News Company	Round the world with General Grant. A narrative of the visit of General U. S. Grant ... to various countries ... in 1877, 1878, 1879. To which are added certain conversations with General Grant on questions connected with American politics and history ... With ... illustrations	YOUNG, John Russell.		New York	004002305		1879	http://www.flickr.com/photos/britishlibrary/11273157254	1	000084	11273157254	http://farm8.staticflickr.com/7375/11273157254_ea3ea9087d_m.jpg	240	164	http://farm8.staticflickr.com/7375/11273157254_ea3ea9087d.jpg	500	341	http://farm8.staticflickr.com/7375/11273157254_ea3ea9087d_b.jpg	1024	699	http://farm8.staticflickr.com/7375/11273157254_d55ffa4516_o.jpg	1443	985
0	Waterlow & Sons	Up the River from Westminster to Windsor and Oxford; a descriptive panorama of Thames Scenery			London	003606029		1879	http://www.flickr.com/photos/britishlibrary/11273129866	2	000098	11273129866	http://farm4.staticflickr.com/3791/11273129866_f90a7d7557_m.jpg	166	240	http://farm4.staticflickr.com/3791/11273129866_f90a7d7557.jpg	346	500	http://farm4.staticflickr.com/3791/11273129866_f90a7d7557_b.jpg	709	1024	http://farm4.staticflickr.com/3791/11273129866_96e4bd7091_o.jpg	918	1326
0	C. C. Chapman & Co.	History of Fulton County, together with sketches of its cities, villages and townships, ... and biographies ... History of Illinois ... Illustrated			Peoria	001341605		1879	http://www.flickr.com/photos/britishlibrary/11273200653	1	000393	11273200653	http://farm4.staticflickr.com/3764/11273200653_14d3723251_m.jpg	240	200	http://farm4.staticflickr.com/3764/11273200653_14d3723251.jpg	500	417	http://farm4.staticflickr.com/3764/11273200653_14d3723251_b.jpg	1024	853	http://farm4.staticflickr.com/3764/11273200653_3fc70caa05_o.jpg	1436	1196
0		Les Vieilles Villes de Suisse. Notes et souvenirs. Ouvrage illustré de 105 dessins à la plume par A. Robida reproduits en fac-simile	ROBIDA, Albert.		Paris	003121715		1879	http://www.flickr.com/photos/britishlibrary/11273200933	1	000091	11273200933	http://farm6.staticflickr.com/5501/11273200933_d02dd42777_m.jpg	144	240	http://farm6.staticflickr.com/5501/11273200933_d02dd42777.jpg	300	500	http://farm6.staticflickr.com/5501/11273200933_d02dd42777_b.jpg	614	1024	http://farm6.staticflickr.com/5501/11273200933_2c4ec811b6_o.jpg	966	1612
0	J. A. & R. A. Reid	The Past and the Present. Narragansett sea and shore. An illustrated guide to Providence, Newport, Narragansett Pier, Block Island, Watch Hill, Rocky Point, Silver Spring, and all the famous sea-side resorts of Rhode Island, with a map of Narragansett Bay	DENISON, Frederic.		Providence	000908069		1879	http://www.flickr.com/photos/britishlibrary/11273154804	2	000128	11273154804	http://farm4.staticflickr.com/3771/11273154804_53783ae321_m.jpg	89	240	http://farm4.staticflickr.com/3771/11273154804_53783ae321.jpg	186	500	http://farm4.staticflickr.com/3771/11273154804_53783ae321_b.jpg	381	1024	http://farm4.staticflickr.com/3771/11273154804_70063ce724_o.jpg	636	1711
0	Cassell, Petter, Galpin & Co.	Morocco: its people and places ... Translated by C. Rollin-Tilton. With ... illustrations	AMICIS, Edmondo de.	lsidyv3c6b00d2	London	000070870	ark:/81055/vdc_00000005AC0C	1879	http://www.flickr.com/photos/britishlibrary/11273199683	1	000306	11273199683	http://farm4.staticflickr.com/3767/11273199683_5215b3e6d7_m.jpg	240	119	http://farm4.staticflickr.com/3767/11273199683_5215b3e6d7.jpg	500	247	http://farm4.staticflickr.com/3767/11273199683_5215b3e6d7_b.jpg	1024	506	http://farm4.staticflickr.com/3767/11273199683_539fb46587_o.jpg	2017	996
0	Macmillan and Co.	The Arctic Voyages of A. E. Nordenskiöld. 1858-1879. With illustrations and maps	LESLIE, Alexander of Aberdeen		London	002142895		1879	http://www.flickr.com/photos/britishlibrary/11273127576	1	000118	11273127576	http://farm8.staticflickr.com/7423/11273127576_5c156a60f9_m.jpg	126	240	http://farm8.staticflickr.com/7423/11273127576_5c156a60f9.jpg	263	500	http://farm8.staticflickr.com/7423/11273127576_5c156a60f9_b.jpg	538	1024	http://farm8.staticflickr.com/7423/11273127576_8e28cddf45_o.jpg	775	1475
0		The Illustrated Guide to Sheffield and the surrounding district, etc	TAYLOR, John of Sheffield		Sheffield	003589731		1879	http://www.flickr.com/photos/britishlibrary/11273153174	1	000216	11273153174	http://farm6.staticflickr.com/5520/11273153174_802faa4cce_m.jpg	154	240	http://farm6.staticflickr.com/5520/11273153174_802faa4cce.jpg	320	500	http://farm6.staticflickr.com/5520/11273153174_802faa4cce_b.jpg	656	1024	http://farm6.staticflickr.com/5520/11273153174_bd1d224b0b_o.jpg	907	1415
01	American News Company	Round the world with General Grant. A narrative of the visit of General U. S. Grant ... to various countries ... in 1877, 1878, 1879. To which are added certain conversations with General Grant on questions connected with American politics and history ... With ... illustrations	YOUNG, John Russell.		New York	004002305		1879	http://www.flickr.com/photos/britishlibrary/11273126606	1	000197	11273126606	http://farm4.staticflickr.com/3801/11273126606_baeebd9057_m.jpg	160	240	http://farm4.staticflickr.com/3801/11273126606_baeebd9057.jpg	333	500	http://farm4.staticflickr.com/3801/11273126606_baeebd9057_b.jpg	683	1024	http://farm4.staticflickr.com/3801/11273126606_059ea33aa0_o.jpg	1152	1727
0		Les Vieilles Villes de Suisse. Notes et souvenirs. Ouvrage illustré de 105 dessins à la plume par A. Robida reproduits en fac-simile	ROBIDA, Albert.		Paris	003121715		1879	http://www.flickr.com/photos/britishlibrary/11273197553	1	000047	11273197553	http://farm6.staticflickr.com/5525/11273197553_27d4048a62_m.jpg	240	203	http://farm6.staticflickr.com/5525/11273197553_27d4048a62.jpg	500	422	http://farm6.staticflickr.com/5525/11273197553_27d4048a62_b.jpg	1024	864	http://farm6.staticflickr.com/5525/11273197553_d6d721cbc4_o.jpg	1308	1103
0		Les Rues du vieux Paris. Galerie populaire et pittoresque ... Ouvrage illustré de 165 gravures sur bois	FOURNEL, Victor.		Paris	001279089		1879	http://www.flickr.com/photos/britishlibrary/11273196863	1	000599	11273196863	http://farm6.staticflickr.com/5492/11273196863_30568d6803_m.jpg	240	137	http://farm6.staticflickr.com/5492/11273196863_30568d6803.jpg	500	286	http://farm6.staticflickr.com/5492/11273196863_30568d6803_b.jpg	1024	585	http://farm6.staticflickr.com/5492/11273196863_3ee47d126b_o.jpg	1447	826
0	Western Historical Company	The history of Lee County, Iowa. ... Illustrated				002109349		1879	http://www.flickr.com/photos/britishlibrary/11273196563	1	000006	11273196563	http://farm3.staticflickr.com/2836/11273196563_d3d9a05c0c_m.jpg	240	202	http://farm3.staticflickr.com/2836/11273196563_d3d9a05c0c.jpg	500	421	http://farm3.staticflickr.com/2836/11273196563_d3d9a05c0c_b.jpg	1024	863	http://farm3.staticflickr.com/2836/11273196563_122094ae59_o.jpg	1153	972
0	John Murray	[The Student's Manual of Modern Geography. Mathematical, physical, and descriptive.]	BEVAN, William Latham.	lsidyv3ca2f2a9	London	000307737	ark:/81055/vdc_00000005C7F6	1879	http://www.flickr.com/photos/britishlibrary/11273195683	1	000356	11273195683	http://farm4.staticflickr.com/3674/11273195683_791500a194_m.jpg	238	240	http://farm4.staticflickr.com/3674/11273195683_791500a194.jpg	496	500	http://farm4.staticflickr.com/3674/11273195683_791500a194_b.jpg	1016	1024	http://farm4.staticflickr.com/3674/11273195683_81b9389a85_o.jpg	1215	1225
0		A Visit to the Court of Morocco ... With illustrations	LEARED, Arthur.	lsidyv3c4f9b99	London	002101542	ark:/81055/vdc_000000059A0C	1879	http://www.flickr.com/photos/britishlibrary/11273194433	1	000084	11273194433	http://farm4.staticflickr.com/3720/11273194433_5107e0abdf_m.jpg	199	240	http://farm4.staticflickr.com/3720/11273194433_5107e0abdf.jpg	415	500	http://farm4.staticflickr.com/3720/11273194433_5107e0abdf_b.jpg	850	1024	http://farm4.staticflickr.com/3720/11273194433_d213cac7bb_o.jpg	1118	1347
02	L. H. Everts	History of the Connecticut Valley in Massachusetts (by N. B. Sylvester), with illustrations and biographical sketches of some of its prominent men and pioneers [by other authors]	SYLVESTER, Nathaniel Bartlett.		Philadelphia	003562080		1879	http://www.flickr.com/photos/britishlibrary/11273149434	1	000201	11273149434	http://farm3.staticflickr.com/2887/11273149434_1eae452541_m.jpg	240	183	http://farm3.staticflickr.com/2887/11273149434_1eae452541.jpg	500	380	http://farm3.staticflickr.com/2887/11273149434_1eae452541_b.jpg	1024	779	http://farm3.staticflickr.com/2887/11273149434_d6507e3606_o.jpg	1651	1256
02	Tinsley Brothers	Berlin under the New Empire, its institutions, inhabitants, industry ... With ... engravings, etc	VIZETELLY, Henry.		London	003807524		1879	http://www.flickr.com/photos/britishlibrary/11273149554	1	000385	11273149554	http://farm3.staticflickr.com/2823/11273149554_5782abc3f6_m.jpg	215	240	http://farm3.staticflickr.com/2823/11273149554_5782abc3f6.jpg	448	500	http://farm3.staticflickr.com/2823/11273149554_5782abc3f6_b.jpg	917	1024	http://farm3.staticflickr.com/2823/11273149554_0fc2425905_o.jpg	1170	1307
01	D. Appleton & Co.	[Appleton's European Guide Book illustrated. Including England, Scotland, and Ireland, France, Belgium, Holland, Northern and Southern Germany, Switzerland, Italy, Spain and Portugal, Russia, Denmark, Norway, and Sweden. Containing ... maps, etc.]	APPLETON, Daniel AND CO	lsidyv3cbe7355	New York; Longmans & Co	000100280	ark:/81055/vdc_00000005D9DE	1879	http://www.flickr.com/photos/britishlibrary/11273148404	1	000236	11273148404	http://farm4.staticflickr.com/3728/11273148404_a6538e8f85_m.jpg	185	240	http://farm4.staticflickr.com/3728/11273148404_a6538e8f85.jpg	385	500	http://farm4.staticflickr.com/3728/11273148404_a6538e8f85_b.jpg	788	1024	http://farm4.staticflickr.com/3728/11273148404_efa5951b31_o.jpg	930	1209
02	J. B. Lippincott & Co.	History of Princeton and its institutions. ... Illustrated with ... engravings Second edition	HAGEMAN, John Frelinghuysen.		Philadelphia	001560548		1879	http://www.flickr.com/photos/britishlibrary/11273192533	1	000364	11273192533	http://farm8.staticflickr.com/7333/11273192533_209df307b7_m.jpg	203	240	http://farm8.staticflickr.com/7333/11273192533_209df307b7.jpg	424	500	http://farm8.staticflickr.com/7333/11273192533_209df307b7_b.jpg	868	1024	http://farm8.staticflickr.com/7333/11273192533_1ffe6a8c38_o.jpg	1133	1337
0	Religious Tract Society	English Pictures drawn with pen and pencil	MANNING, Samuel LL.D. and GREEN (Samuel Gosnell)	lsidyv3c492c1d	London	002369135	ark:/81055/vdc_000000059460	1879	http://www.flickr.com/photos/britishlibrary/11273147614	1	000092	11273147614	http://farm8.staticflickr.com/7410/11273147614_d054ab4421_m.jpg	240	211	http://farm8.staticflickr.com/7410/11273147614_d054ab4421.jpg	500	439	http://farm8.staticflickr.com/7410/11273147614_d054ab4421_b.jpg	1024	899	http://farm8.staticflickr.com/7410/11273147614_810df6e4c8_o.jpg	1271	1116
02	Tinsley Brothers	Berlin under the New Empire, its institutions, inhabitants, industry ... With ... engravings, etc	VIZETELLY, Henry.		London	003807524		1879	http://www.flickr.com/photos/britishlibrary/11273120756	1	000207	11273120756	http://farm4.staticflickr.com/3705/11273120756_78315b67a6_m.jpg	240	180	http://farm4.staticflickr.com/3705/11273120756_78315b67a6.jpg	500	376	http://farm4.staticflickr.com/3705/11273120756_78315b67a6_b.jpg	1024	770	http://farm4.staticflickr.com/3705/11273120756_aceca0d7d9_o.jpg	1260	947
02	Tinsley Brothers	Berlin under the New Empire, its institutions, inhabitants, industry ... With ... engravings, etc	VIZETELLY, Henry.		London	003807524		1879	http://www.flickr.com/photos/britishlibrary/11273190803	2	000262	11273190803	http://farm4.staticflickr.com/3832/11273190803_db89a8693d_m.jpg	240	208	http://farm4.staticflickr.com/3832/11273190803_db89a8693d.jpg	500	434	http://farm4.staticflickr.com/3832/11273190803_db89a8693d_b.jpg	1024	889	http://farm4.staticflickr.com/3832/11273190803_a214006fd8_o.jpg	1205	1046
0	Religious Tract Society	The Lands of Scripture: comprising “Those Holy Fields”; “The Land of the Pharaohs” [both by S. M.]; “Pictures from Bible Lands” (edited by S. G. Green. The illustrations by E. Whymper, etc.)	MANNING, Samuel LL.D		London	002369128		1879	http://www.flickr.com/photos/britishlibrary/11273120236	1	000247	11273120236	http://farm8.staticflickr.com/7365/11273120236_18580717e1_m.jpg	73	240	http://farm8.staticflickr.com/7365/11273120236_18580717e1.jpg	152	500	http://farm8.staticflickr.com/7365/11273120236_18580717e1_b.jpg	312	1024	http://farm8.staticflickr.com/7365/11273120236_7cbae86ea3_o.jpg	597	1958
0	Lewis, Peck & Co.	History of Steuben County, New York, with illustrations and biographical sketches of some of its prominent men and pioneers	CLAYTON, W. Woodford.		Philadelphia	000719876		1879	http://www.flickr.com/photos/britishlibrary/11273190133	2	000665	11273190133	http://farm4.staticflickr.com/3733/11273190133_f1d6fa7bf9_m.jpg	240	156	http://farm4.staticflickr.com/3733/11273190133_f1d6fa7bf9.jpg	500	324	http://farm4.staticflickr.com/3733/11273190133_f1d6fa7bf9_b.jpg	1024	664	http://farm4.staticflickr.com/3733/11273190133_65716f9938_o.jpg	1390	901
0	Union Historical Co.	The History of Madison County ... Illustrated			Des Moines	002336728		1879	http://www.flickr.com/photos/britishlibrary/11273190123	1	000391	11273190123	http://farm6.staticflickr.com/5516/11273190123_1e3dd5e749_m.jpg	240	175	http://farm6.staticflickr.com/5516/11273190123_1e3dd5e749.jpg	500	365	http://farm6.staticflickr.com/5516/11273190123_1e3dd5e749_b.jpg	1024	748	http://farm6.staticflickr.com/5516/11273190123_b7f0c5c6cb_o.jpg	1656	1210
01		A magyar nemzet története. I. kötet írta Bodon J. és Dr. Szalay J. (II.-IV.) kötet, írta Dr. Szalay J.) [With portraits.]	BODON, József and SZALAY (József)		Budapest	000389221		1879	http://www.flickr.com/photos/britishlibrary/11273118156	1	000095	11273118156	http://farm3.staticflickr.com/2811/11273118156_414e52e971_m.jpg	240	198	http://farm3.staticflickr.com/2811/11273118156_414e52e971.jpg	500	413	http://farm3.staticflickr.com/2811/11273118156_414e52e971_b.jpg	1024	846	http://farm3.staticflickr.com/2811/11273118156_c29f1a2cb4_o.jpg	1418	1172
02		[Traditions of Lancashire ... Illustrated ... Fourth edition.]	ROBY, John.		London and Edinburgh	003126958		1879	http://www.flickr.com/photos/britishlibrary/11273078585	1	000190	11273078585	http://farm4.staticflickr.com/3700/11273078585_e7100fb6ab_m.jpg	211	240	http://farm4.staticflickr.com/3700/11273078585_e7100fb6ab.jpg	439	500	http://farm4.staticflickr.com/3700/11273078585_e7100fb6ab_b.jpg	899	1024	http://farm4.staticflickr.com/3700/11273078585_940f377e79_o.jpg	983	1120
0	Everts & Ensign	History of Toga, Chemung, Tompkins, and Schuyler Counties, New York. With illustrations and biographical sketches of some of its prominent men and pioneers	PEIRCE, Henry B. and HURD (Duane Hamilton)		Philadelphia	002810116		1879	http://www.flickr.com/photos/britishlibrary/11273078945	1	000678	11273078945	http://farm4.staticflickr.com/3747/11273078945_697bcc0147_m.jpg	240	168	http://farm4.staticflickr.com/3747/11273078945_697bcc0147.jpg	500	350	http://farm4.staticflickr.com/3747/11273078945_697bcc0147_b.jpg	1024	717	http://farm4.staticflickr.com/3747/11273078945_a1229a9d74_o.jpg	1417	992
0	Religious Tract Society	The Lands of Scripture: comprising “Those Holy Fields”; “The Land of the Pharaohs” [both by S. M.]; “Pictures from Bible Lands” (edited by S. G. Green. The illustrations by E. Whymper, etc.)	MANNING, Samuel LL.D		London	002369128		1879	http://www.flickr.com/photos/britishlibrary/11273116776	1	000387	11273116776	http://farm8.staticflickr.com/7373/11273116776_c68c7b3f26_m.jpg	146	240	http://farm8.staticflickr.com/7373/11273116776_c68c7b3f26.jpg	303	500	http://farm8.staticflickr.com/7373/11273116776_c68c7b3f26_b.jpg	621	1024	http://farm8.staticflickr.com/7373/11273116776_b4b0f3cd0b_o.jpg	1025	1690
0	Wesleyan Conference Office	Rambles in Bible Lands	NEWTON, Richard D.D., Rector of St. Paul's Church, Philadelphia	lsidyv3ca35e3a	London	002646495	ark:/81055/vdc_00000005C826	1879	http://www.flickr.com/photos/britishlibrary/11273077125	1	000190	11273077125	http://farm4.staticflickr.com/3751/11273077125_a87dff072b_m.jpg	240	234	http://farm4.staticflickr.com/3751/11273077125_a87dff072b.jpg	500	488	http://farm4.staticflickr.com/3751/11273077125_a87dff072b_b.jpg	1024	999	http://farm4.staticflickr.com/3751/11273077125_5816afced2_o.jpg	1408	1373
0		The Illustrated Guide to Sheffield and the surrounding district, etc	TAYLOR, John of Sheffield		Sheffield	003589731		1879	http://www.flickr.com/photos/britishlibrary/11273141724	1	000193	11273141724	http://farm6.staticflickr.com/5547/11273141724_ab099ed878_m.jpg	132	240	http://farm6.staticflickr.com/5547/11273141724_ab099ed878.jpg	276	500	http://farm6.staticflickr.com/5547/11273141724_ab099ed878_b.jpg	565	1024	http://farm6.staticflickr.com/5547/11273141724_40a4d8dd87_o.jpg	781	1415
01	Tinsley Brothers	Berlin under the New Empire, its institutions, inhabitants, industry ... With ... engravings, etc	VIZETELLY, Henry.		London	003807524		1879	http://www.flickr.com/photos/britishlibrary/11273114936	1	000452	11273114936	http://farm4.staticflickr.com/3744/11273114936_498f6099c9_m.jpg	240	208	http://farm4.staticflickr.com/3744/11273114936_498f6099c9.jpg	500	433	http://farm4.staticflickr.com/3744/11273114936_498f6099c9_b.jpg	1024	887	http://farm4.staticflickr.com/3744/11273114936_1a034113e9_o.jpg	1168	1012
0		Up the Amazon and Madeira Rivers, through Bolivia and Peru	MATHEWS, Edward Davis.		London	002421157		1879	http://www.flickr.com/photos/britishlibrary/11273140294	1	000045	11273140294	http://farm8.staticflickr.com/7434/11273140294_6c8a2acfc8_m.jpg	198	240	http://farm8.staticflickr.com/7434/11273140294_6c8a2acfc8.jpg	413	500	http://farm8.staticflickr.com/7434/11273140294_6c8a2acfc8_b.jpg	846	1024	http://farm8.staticflickr.com/7434/11273140294_d0136619c0_o.jpg	1105	1337
0		Reise nach West-Sibirien im Jahre 1876. Auf Veranstaltung des Vereins für die Deutsche Nordpolarfahrt in Bremen unternommen mit Dr. A. E. Brehm und Karl Graf v. Waldburg-Zeil-Trauchburg, von Dr. O. F., etc	Finsch, O. (Otto)		Berlin	001238638		1879	http://www.flickr.com/photos/britishlibrary/11273184783	1	000486	11273184783	http://farm3.staticflickr.com/2825/11273184783_1cd7bfc34d_m.jpg	170	240	http://farm3.staticflickr.com/2825/11273184783_1cd7bfc34d.jpg	354	500	http://farm3.staticflickr.com/2825/11273184783_1cd7bfc34d_b.jpg	726	1024	http://farm3.staticflickr.com/2825/11273184783_fbfbe9529b_o.jpg	897	1266
0	D. W. Ensign & Co.	History of Columbiana County, Ohio, with illustrations and biographical sketches of its prominent men and pioneers	MACK, Horace.		Philadelphia	002319445		1879	http://www.flickr.com/photos/britishlibrary/11273184633	2	000189	11273184633	http://farm6.staticflickr.com/5509/11273184633_d068c0823c_m.jpg	240	200	http://farm6.staticflickr.com/5509/11273184633_d068c0823c.jpg	500	417	http://farm6.staticflickr.com/5509/11273184633_d068c0823c_b.jpg	1024	855	http://farm6.staticflickr.com/5509/11273184633_1318fd3ac7_o.jpg	1211	1011
0		Les Rues du vieux Paris. Galerie populaire et pittoresque ... Ouvrage illustré de 165 gravures sur bois	FOURNEL, Victor.		Paris	001279089		1879	http://www.flickr.com/photos/britishlibrary/11273112746	1	000365	11273112746	http://farm3.staticflickr.com/2894/11273112746_85c63a1a0a_m.jpg	221	240	http://farm3.staticflickr.com/2894/11273112746_85c63a1a0a.jpg	460	500	http://farm3.staticflickr.com/2894/11273112746_85c63a1a0a_b.jpg	943	1024	http://farm3.staticflickr.com/2894/11273112746_0eeeb3d885_o.jpg	1323	1436
0	E. Marlborough & Co.	Popular Guide up the Thames, to Kew, Richmond, Twickenham and Hampton Court			London	003605985		1879	http://www.flickr.com/photos/britishlibrary/11273073295	1	000007	11273073295	http://farm4.staticflickr.com/3690/11273073295_884b79d778_m.jpg	220	240	http://farm4.staticflickr.com/3690/11273073295_884b79d778.jpg	458	500	http://farm4.staticflickr.com/3690/11273073295_884b79d778_b.jpg	937	1024	http://farm4.staticflickr.com/3690/11273073295_70c71d1d31_o.jpg	1178	1288
0		The Complete Guide to Clevedon and its vicinity ... with notes on the natural history of the neighbourhood. By R. S. S. Illustrated	S., R. S.		Clevedon	003213996		1879	http://www.flickr.com/photos/britishlibrary/11273111776	1	000286	11273111776	http://farm4.staticflickr.com/3681/11273111776_0a988db2e0_m.jpg	240	213	http://farm4.staticflickr.com/3681/11273111776_0a988db2e0.jpg	500	444	http://farm4.staticflickr.com/3681/11273111776_0a988db2e0_b.jpg	1024	909	http://farm4.staticflickr.com/3681/11273111776_cf0a5ab2f8_o.jpg	1171	1040
02	D. Appleton & Co.	[Appleton's European Guide Book illustrated. Including England, Scotland, and Ireland, France, Belgium, Holland, Northern and Southern Germany, Switzerland, Italy, Spain and Portugal, Russia, Denmark, Norway, and Sweden. Containing ... maps, etc.]	APPLETON, Daniel AND CO	lsidyv3cbe7355	New York; Longmans & Co	000100280	ark:/81055/vdc_00000005D9DE	1879	http://www.flickr.com/photos/britishlibrary/11273110876	1	000305	11273110876	http://farm8.staticflickr.com/7430/11273110876_766f3d5a5a_m.jpg	240	221	http://farm8.staticflickr.com/7430/11273110876_766f3d5a5a.jpg	500	459	http://farm8.staticflickr.com/7430/11273110876_766f3d5a5a_b.jpg	1024	941	http://farm8.staticflickr.com/7430/11273110876_802f89d84b_o.jpg	1397	1284
01	American News Company	Round the world with General Grant. A narrative of the visit of General U. S. Grant ... to various countries ... in 1877, 1878, 1879. To which are added certain conversations with General Grant on questions connected with American politics and history ... With ... illustrations	YOUNG, John Russell.		New York	004002305		1879	http://www.flickr.com/photos/britishlibrary/11273137184	1	000543	11273137184	http://farm3.staticflickr.com/2857/11273137184_17f4e8b4b9_m.jpg	179	240	http://farm3.staticflickr.com/2857/11273137184_17f4e8b4b9.jpg	373	500	http://farm3.staticflickr.com/2857/11273137184_17f4e8b4b9_b.jpg	763	1024	http://farm3.staticflickr.com/2857/11273137184_28868088c9_o.jpg	1220	1637
0		[Brazil and the Brazilians ... in historical and descriptive sketches ... Engravings.]	KIDDER, Daniel Parish and FLETCHER (James C.)		London	001961854		1879	http://www.flickr.com/photos/britishlibrary/11273072035	1	000690	11273072035	http://farm6.staticflickr.com/5517/11273072035_071fd4f860_m.jpg	240	58	http://farm6.staticflickr.com/5517/11273072035_071fd4f860.jpg	500	120	http://farm6.staticflickr.com/5517/11273072035_071fd4f860_b.jpg	1024	246	http://farm6.staticflickr.com/5517/11273072035_ee50a4212d_o.jpg	2260	542
0	Everts & Ensign	History of Toga, Chemung, Tompkins, and Schuyler Counties, New York. With illustrations and biographical sketches of some of its prominent men and pioneers	PEIRCE, Henry B. and HURD (Duane Hamilton)		Philadelphia	002810116		1879	http://www.flickr.com/photos/britishlibrary/11273070155	1	000374	11273070155	http://farm6.staticflickr.com/5497/11273070155_f9b1343bd4_m.jpg	240	182	http://farm6.staticflickr.com/5497/11273070155_f9b1343bd4.jpg	500	379	http://farm6.staticflickr.com/5497/11273070155_f9b1343bd4_b.jpg	1024	777	http://farm6.staticflickr.com/5497/11273070155_62842b1c7a_o.jpg	1651	1253
06		Old and New London, etc	Thornbury, Walter	lsidyv3c47ab1a	London	003628788	ark:/81055/vdc_000000059328	1879	http://www.flickr.com/photos/britishlibrary/11273070325	1	000316	11273070325	http://farm8.staticflickr.com/7304/11273070325_1f0436d539_m.jpg	157	240	http://farm8.staticflickr.com/7304/11273070325_1f0436d539.jpg	328	500	http://farm8.staticflickr.com/7304/11273070325_1f0436d539_b.jpg	671	1024	http://farm8.staticflickr.com/7304/11273070325_240693aea7_o.jpg	1165	1778
02	American News Company	Round the world with General Grant. A narrative of the visit of General U. S. Grant ... to various countries ... in 1877, 1878, 1879. To which are added certain conversations with General Grant on questions connected with American politics and history ... With ... illustrations	YOUNG, John Russell.		New York	004002305		1879	http://www.flickr.com/photos/britishlibrary/11273135624	1	000349	11273135624	http://farm8.staticflickr.com/7338/11273135624_cd1a46c10e_m.jpg	172	240	http://farm8.staticflickr.com/7338/11273135624_cd1a46c10e.jpg	359	500	http://farm8.staticflickr.com/7338/11273135624_cd1a46c10e_b.jpg	735	1024	http://farm8.staticflickr.com/7338/11273135624_4af61dfbdd_o.jpg	1180	1645
0	C. C. Chapman & Co.	History of Fulton County, together with sketches of its cities, villages and townships, ... and biographies ... History of Illinois ... Illustrated			Peoria	001341605		1879	http://www.flickr.com/photos/britishlibrary/11273107876	1	000841	11273107876	http://farm8.staticflickr.com/7329/11273107876_df6842080b_m.jpg	184	240	http://farm8.staticflickr.com/7329/11273107876_df6842080b.jpg	383	500	http://farm8.staticflickr.com/7329/11273107876_df6842080b_b.jpg	784	1024	http://farm8.staticflickr.com/7329/11273107876_52db1f4ab2_o.jpg	942	1231
01	D. Appleton & Co.	[Appleton's European Guide Book illustrated. Including England, Scotland, and Ireland, France, Belgium, Holland, Northern and Southern Germany, Switzerland, Italy, Spain and Portugal, Russia, Denmark, Norway, and Sweden. Containing ... maps, etc.]	APPLETON, Daniel AND CO	lsidyv3cbe7355	New York; Longmans & Co	000100280	ark:/81055/vdc_00000005D9DE	1879	http://www.flickr.com/photos/britishlibrary/11273106426	1	000345	11273106426	http://farm4.staticflickr.com/3750/11273106426_3449b5380d_m.jpg	240	145	http://farm4.staticflickr.com/3750/11273106426_3449b5380d.jpg	500	303	http://farm4.staticflickr.com/3750/11273106426_3449b5380d_b.jpg	1024	620	http://farm4.staticflickr.com/3750/11273106426_bc7925508b_o.jpg	1753	1062
0	W. Le Baron, Jr., & Co.	The history of Edgar County, Illinois, containing a history of the County [by W. H. Perrin, H. H. Hill and A. A. Graham], Directory ... Illustrated	PERRIN, William Henry.		Chicago	001034891		1879	http://www.flickr.com/photos/britishlibrary/11273178973	1	000057	11273178973	http://farm4.staticflickr.com/3744/11273178973_35cf3e5914_m.jpg	111	240	http://farm4.staticflickr.com/3744/11273178973_35cf3e5914.jpg	232	500	http://farm4.staticflickr.com/3744/11273178973_35cf3e5914_b.jpg	475	1024	http://farm4.staticflickr.com/3744/11273178973_46e4529c89_o.jpg	755	1629
0	Wesleyan Conference Office	Rambles in Bible Lands	NEWTON, Richard D.D., Rector of St. Paul's Church, Philadelphia	lsidyv3ca35e3a	London	002646495	ark:/81055/vdc_00000005C826	1879	http://www.flickr.com/photos/britishlibrary/11273132374	1	000159	11273132374	http://farm8.staticflickr.com/7419/11273132374_ba3ab937b6_m.jpg	240	224	http://farm8.staticflickr.com/7419/11273132374_ba3ab937b6.jpg	500	466	http://farm8.staticflickr.com/7419/11273132374_ba3ab937b6_b.jpg	1024	954	http://farm8.staticflickr.com/7419/11273132374_00c9993ddd_o.jpg	1477	1376
0		Saint-Pierre de Rome. Ouvrage illustré, etc	LORBAC, Charles de.		Rome	002259706		1879	http://www.flickr.com/photos/britishlibrary/11273177273	1	000117	11273177273	http://farm4.staticflickr.com/3724/11273177273_36bcbde4c1_m.jpg	143	240	http://farm4.staticflickr.com/3724/11273177273_36bcbde4c1.jpg	298	500	http://farm4.staticflickr.com/3724/11273177273_36bcbde4c1_b.jpg	610	1024	http://farm4.staticflickr.com/3724/11273177273_cbd43c10ec_o.jpg	891	1496
0	Harper & Bros.	From Egypt to Palestine through Sinai, the Wilderness and the South Country. Observations of a journey made with special reference to the history of the Israelites ... With maps and illustrations	BARTLETT, Samuel Colcord.	lsidyv3c53baba	New York	000216339	ark:/81055/vdc_000000059CA0	1879	http://www.flickr.com/photos/britishlibrary/11273176833	1	000224	11273176833	http://farm3.staticflickr.com/2852/11273176833_b55c69c94c_m.jpg	168	240	http://farm3.staticflickr.com/2852/11273176833_b55c69c94c.jpg	351	500	http://farm3.staticflickr.com/2852/11273176833_b55c69c94c_b.jpg	718	1024	http://farm3.staticflickr.com/2852/11273176833_6795ba80b4_o.jpg	902	1286
01	Tinsley Brothers	Berlin under the New Empire, its institutions, inhabitants, industry ... With ... engravings, etc	VIZETELLY, Henry.		London	003807524		1879	http://www.flickr.com/photos/britishlibrary/11273176143	1	000287	11273176143	http://farm8.staticflickr.com/7330/11273176143_9ee5b50a59_m.jpg	174	240	http://farm8.staticflickr.com/7330/11273176143_9ee5b50a59.jpg	362	500	http://farm8.staticflickr.com/7330/11273176143_9ee5b50a59_b.jpg	741	1024	http://farm8.staticflickr.com/7330/11273176143_e90e35f56d_o.jpg	992	1371
0	Cassell, Petter, Galpin & Co.	Morocco: its people and places ... Translated by C. Rollin-Tilton. With ... illustrations	AMICIS, Edmondo de.	lsidyv3c6b00d2	London	000070870	ark:/81055/vdc_00000005AC0C	1879	http://www.flickr.com/photos/britishlibrary/11273102996	1	000153	11273102996	http://farm6.staticflickr.com/5477/11273102996_eba3b3a0a4_m.jpg	147	240	http://farm6.staticflickr.com/5477/11273102996_eba3b3a0a4.jpg	307	500	http://farm6.staticflickr.com/5477/11273102996_eba3b3a0a4_b.jpg	628	1024	http://farm6.staticflickr.com/5477/11273102996_64e2181a90_o.jpg	1078	1757
0		Materialien für den Unterricht in der Geographie nach der constructiven Methode	WENZ, Gustav Geographer		München	003889554		1879	http://www.flickr.com/photos/britishlibrary/11273065405	1	000105	11273065405	http://farm3.staticflickr.com/2828/11273065405_027063d9a0_m.jpg	191	240	http://farm3.staticflickr.com/2828/11273065405_027063d9a0.jpg	398	500	http://farm3.staticflickr.com/2828/11273065405_027063d9a0_b.jpg	815	1024	http://farm3.staticflickr.com/2828/11273065405_a120dc9c5e_o.jpg	1187	1491
01	D. Appleton & Co.	[Appleton's European Guide Book illustrated. Including England, Scotland, and Ireland, France, Belgium, Holland, Northern and Southern Germany, Switzerland, Italy, Spain and Portugal, Russia, Denmark, Norway, and Sweden. Containing ... maps, etc.]	APPLETON, Daniel AND CO	lsidyv3cbe7355	New York; Longmans & Co	000100280	ark:/81055/vdc_00000005D9DE	1879	http://www.flickr.com/photos/britishlibrary/11273129084	1	000338	11273129084	http://farm3.staticflickr.com/2854/11273129084_23b0706f86_m.jpg	240	158	http://farm3.staticflickr.com/2854/11273129084_23b0706f86.jpg	500	329	http://farm3.staticflickr.com/2854/11273129084_23b0706f86_b.jpg	1024	673	http://farm3.staticflickr.com/2854/11273129084_9a9630b3ba_o.jpg	1728	1135
0		Les Rues du vieux Paris. Galerie populaire et pittoresque ... Ouvrage illustré de 165 gravures sur bois	FOURNEL, Victor.		Paris	001279089		1879	http://www.flickr.com/photos/britishlibrary/11273174063	1	000045	11273174063	http://farm8.staticflickr.com/7451/11273174063_27931dc53b_m.jpg	190	240	http://farm8.staticflickr.com/7451/11273174063_27931dc53b.jpg	396	500	http://farm8.staticflickr.com/7451/11273174063_27931dc53b_b.jpg	811	1024	http://farm8.staticflickr.com/7451/11273174063_5db00d575f_o.jpg	1166	1473
0	John Murray	[The Student's Manual of Modern Geography. Mathematical, physical, and descriptive.]	BEVAN, William Latham.	lsidyv3ca2f2a9	London	000307737	ark:/81055/vdc_00000005C7F6	1879	http://www.flickr.com/photos/britishlibrary/11273128254	1	000039	11273128254	http://farm3.staticflickr.com/2824/11273128254_f1b9815ee7_m.jpg	180	240	http://farm3.staticflickr.com/2824/11273128254_f1b9815ee7.jpg	374	500	http://farm3.staticflickr.com/2824/11273128254_f1b9815ee7_b.jpg	766	1024	http://farm3.staticflickr.com/2824/11273128254_66498e17d0_o.jpg	916	1225
0		A Yachtsman's Holidays; or, cruising in the West Highlands. By the “Governor.” [With illustrations.]			London	001477898		1879	http://www.flickr.com/photos/britishlibrary/11273127424	1	000072	11273127424	http://farm6.staticflickr.com/5534/11273127424_49c9a88c0a_m.jpg	240	227	http://farm6.staticflickr.com/5534/11273127424_49c9a88c0a.jpg	500	474	http://farm6.staticflickr.com/5534/11273127424_49c9a88c0a_b.jpg	1024	970	http://farm6.staticflickr.com/5534/11273127424_54806ac960_o.jpg	1347	1276
01	American News Company	Round the world with General Grant. A narrative of the visit of General U. S. Grant ... to various countries ... in 1877, 1878, 1879. To which are added certain conversations with General Grant on questions connected with American politics and history ... With ... illustrations	YOUNG, John Russell.		New York	004002305		1879	http://www.flickr.com/photos/britishlibrary/11273100496	1	000061	11273100496	http://farm8.staticflickr.com/7290/11273100496_e5edc9cd7b_m.jpg	153	240	http://farm8.staticflickr.com/7290/11273100496_e5edc9cd7b.jpg	319	500	http://farm8.staticflickr.com/7290/11273100496_e5edc9cd7b_b.jpg	653	1024	http://farm8.staticflickr.com/7290/11273100496_fd91b5e3ed_o.jpg	1072	1682
0		Histoire de l'unité politique et territoriale de la France	PAQUIER, Jean Baptiste.		Paris	002764484		1879	http://www.flickr.com/photos/britishlibrary/11273126374	1	000097	11273126374	http://farm4.staticflickr.com/3758/11273126374_83b943f8a6_m.jpg	191	240	http://farm4.staticflickr.com/3758/11273126374_83b943f8a6.jpg	399	500	http://farm4.staticflickr.com/3758/11273126374_83b943f8a6_b.jpg	817	1024	http://farm4.staticflickr.com/3758/11273126374_0c9f61be72_o.jpg	1066	1336
02		Paris à travers les siècles. Histoire nationale de Paris et des Parisiens depuis la fondation de Lutèce jusqu'à nos jours, etc	GOURDON DE GENOUILLAC, Nicolas Jules Henri.		Paris	001476975		1879	http://www.flickr.com/photos/britishlibrary/11273061045	1	001027	11273061045	http://farm8.staticflickr.com/7330/11273061045_77624c3b0f_m.jpg	240	140	http://farm8.staticflickr.com/7330/11273061045_77624c3b0f.jpg	500	292	http://farm8.staticflickr.com/7330/11273061045_77624c3b0f_b.jpg	1024	599	http://farm8.staticflickr.com/7330/11273061045_49af0782df_o.jpg	1472	861
0	Union Historical Co.	The History of Madison County ... Illustrated			Des Moines	002336728		1879	http://www.flickr.com/photos/britishlibrary/11273099156	1	000409	11273099156	http://farm6.staticflickr.com/5478/11273099156_e18dc01b5e_m.jpg	240	175	http://farm6.staticflickr.com/5478/11273099156_e18dc01b5e.jpg	500	364	http://farm6.staticflickr.com/5478/11273099156_e18dc01b5e_b.jpg	1024	746	http://farm6.staticflickr.com/5478/11273099156_ff247c72d5_o.jpg	1662	1210
0	M’Caw, etc.	Lyra Hibernica Sacra. Second edition. Compiled and edited by W. MacIlwaine	MACILWAINE, William.		Belfast	002318359		1879	http://www.flickr.com/photos/britishlibrary/11273170543	1	000007	11273170543	http://farm3.staticflickr.com/2829/11273170543_067bcec17b_m.jpg	240	174	http://farm3.staticflickr.com/2829/11273170543_067bcec17b.jpg	500	362	http://farm3.staticflickr.com/2829/11273170543_067bcec17b_b.jpg	1024	741	http://farm3.staticflickr.com/2829/11273170543_81fe47cf39_o.jpg	1327	960
0	Lewis, Peck & Co.	History of Steuben County, New York, with illustrations and biographical sketches of some of its prominent men and pioneers	CLAYTON, W. Woodford.		Philadelphia	000719876		1879	http://www.flickr.com/photos/britishlibrary/11273098316	1	000755	11273098316	http://farm6.staticflickr.com/5508/11273098316_b727621d9a_m.jpg	240	161	http://farm6.staticflickr.com/5508/11273098316_b727621d9a.jpg	500	335	http://farm6.staticflickr.com/5508/11273098316_b727621d9a_b.jpg	1024	686	http://farm6.staticflickr.com/5508/11273098316_1610363ddd_o.jpg	1411	945
0	Religious Tract Society	The Lands of Scripture: comprising “Those Holy Fields”; “The Land of the Pharaohs” [both by S. M.]; “Pictures from Bible Lands” (edited by S. G. Green. The illustrations by E. Whymper, etc.)	MANNING, Samuel LL.D		London	002369128		1879	http://www.flickr.com/photos/britishlibrary/11273124164	1	000415	11273124164	http://farm4.staticflickr.com/3752/11273124164_675ac87b6c_m.jpg	67	240	http://farm4.staticflickr.com/3752/11273124164_675ac87b6c.jpg	140	500	http://farm4.staticflickr.com/3752/11273124164_675ac87b6c_b.jpg	286	1024	http://farm4.staticflickr.com/3752/11273124164_2e9ed36ab4_o.jpg	560	2008
0	Lewis, Peck & Co.	History of Steuben County, New York, with illustrations and biographical sketches of some of its prominent men and pioneers	CLAYTON, W. Woodford.		Philadelphia	000719876		1879	http://www.flickr.com/photos/britishlibrary/11273097166	1	000548	11273097166	http://farm8.staticflickr.com/7412/11273097166_4da56da231_m.jpg	240	159	http://farm8.staticflickr.com/7412/11273097166_4da56da231.jpg	500	331	http://farm8.staticflickr.com/7412/11273097166_4da56da231_b.jpg	1024	678	http://farm8.staticflickr.com/7412/11273097166_937e874e55_o.jpg	1446	957
0		Les Vieilles Villes de Suisse. Notes et souvenirs. Ouvrage illustré de 105 dessins à la plume par A. Robida reproduits en fac-simile	ROBIDA, Albert.		Paris	003121715		1879	http://www.flickr.com/photos/britishlibrary/11273123234	1	000121	11273123234	http://farm6.staticflickr.com/5506/11273123234_7254f698a9_m.jpg	122	240	http://farm6.staticflickr.com/5506/11273123234_7254f698a9.jpg	254	500	http://farm6.staticflickr.com/5506/11273123234_7254f698a9_b.jpg	520	1024	http://farm6.staticflickr.com/5506/11273123234_6eb4be0116_o.jpg	817	1610
01		The Borders of the Tamar and the Tavy; their natural history, etc. A new edition	STOTHARD, afterwards BRAY, Anna Eliza.	lsidyv3c4640f3	London	003517963	ark:/81055/vdc_0000000591E4	1879	http://www.flickr.com/photos/britishlibrary/11273122534	1	000148	11273122534	http://farm6.staticflickr.com/5549/11273122534_44aaa26d12_m.jpg	221	240	http://farm6.staticflickr.com/5549/11273122534_44aaa26d12.jpg	460	500	http://farm6.staticflickr.com/5549/11273122534_44aaa26d12_b.jpg	942	1024	http://farm6.staticflickr.com/5549/11273122534_d743cb5353_o.jpg	993	1080
0	James Miller	Campaigns of the War of 1812-15, against Great Britain, sketched and criticised; with brief biographies of the American engineers	CULLUM, George Washington.		New York	000834094		1879	http://www.flickr.com/photos/britishlibrary/11273095886	1	000124	11273095886	http://farm4.staticflickr.com/3787/11273095886_edea3c2a95_m.jpg	169	240	http://farm4.staticflickr.com/3787/11273095886_edea3c2a95.jpg	353	500	http://farm4.staticflickr.com/3787/11273095886_edea3c2a95_b.jpg	723	1024	http://farm4.staticflickr.com/3787/11273095886_c2401bb2ac_o.jpg	995	1410
0		A Visit to the Court of Morocco ... With illustrations	LEARED, Arthur.	lsidyv3c4f9b99	London	002101542	ark:/81055/vdc_000000059A0C	1879	http://www.flickr.com/photos/britishlibrary/11273057075	1	000085	11273057075	http://farm3.staticflickr.com/2855/11273057075_025a2264ed_m.jpg	190	240	http://farm3.staticflickr.com/2855/11273057075_025a2264ed.jpg	395	500	http://farm3.staticflickr.com/2855/11273057075_025a2264ed_b.jpg	809	1024	http://farm3.staticflickr.com/2855/11273057075_a4c4713a67_o.jpg	1020	1291
0	C. R. Barns	Switzler's Illustrated History of Missouri, from 1541 to 1877, etc. [Edited by C. R. Barns. From the larger work edited by him, entitled: “The Commonwealth of Missouri.”]	BARNS, Chancy R.		Saint Louis	000206134		1879	http://www.flickr.com/photos/britishlibrary/11273120944	2	000109	11273120944	http://farm8.staticflickr.com/7438/11273120944_76e8eaaff4_m.jpg	196	240	http://farm8.staticflickr.com/7438/11273120944_76e8eaaff4.jpg	408	500	http://farm8.staticflickr.com/7438/11273120944_76e8eaaff4_b.jpg	836	1024	http://farm8.staticflickr.com/7438/11273120944_bef8a17fc2_o.jpg	1290	1581
02	Tinsley Brothers	Berlin under the New Empire, its institutions, inhabitants, industry ... With ... engravings, etc	VIZETELLY, Henry.		London	003807524		1879	http://www.flickr.com/photos/britishlibrary/11273055435	1	000312	11273055435	http://farm3.staticflickr.com/2869/11273055435_c50c4fe4d6_m.jpg	217	240	http://farm3.staticflickr.com/2869/11273055435_c50c4fe4d6.jpg	452	500	http://farm3.staticflickr.com/2869/11273055435_c50c4fe4d6_b.jpg	925	1024	http://farm3.staticflickr.com/2869/11273055435_4591e7fdd0_o.jpg	1266	1402
01	Tinsley Brothers	Berlin under the New Empire, its institutions, inhabitants, industry ... With ... engravings, etc	VIZETELLY, Henry.		London	003807524		1879	http://www.flickr.com/photos/britishlibrary/11273119844	1	000216	11273119844	http://farm4.staticflickr.com/3710/11273119844_8e40cf295c_m.jpg	240	236	http://farm4.staticflickr.com/3710/11273119844_8e40cf295c.jpg	500	493	http://farm4.staticflickr.com/3710/11273119844_8e40cf295c_b.jpg	1024	1009	http://farm4.staticflickr.com/3710/11273119844_20cdae0e60_o.jpg	1056	1041
01	Tinsley Brothers	Berlin under the New Empire, its institutions, inhabitants, industry ... With ... engravings, etc	VIZETELLY, Henry.		London	003807524		1879	http://www.flickr.com/photos/britishlibrary/11273166053	1	000456	11273166053	http://farm8.staticflickr.com/7454/11273166053_07398d5200_m.jpg	240	203	http://farm8.staticflickr.com/7454/11273166053_07398d5200.jpg	500	423	http://farm8.staticflickr.com/7454/11273166053_07398d5200_b.jpg	1024	867	http://farm8.staticflickr.com/7454/11273166053_9e051d1062_o.jpg	1243	1053
02		Old and New London, etc	Thornbury, Walter	lsidyv3c47ab1a	London	003628788	ark:/81055/vdc_000000059328	1879	http://www.flickr.com/photos/britishlibrary/11273118414	1	000072	11273118414	http://farm4.staticflickr.com/3694/11273118414_977450726e_m.jpg	240	234	http://farm4.staticflickr.com/3694/11273118414_977450726e.jpg	500	488	http://farm4.staticflickr.com/3694/11273118414_977450726e_b.jpg	1024	999	http://farm4.staticflickr.com/3694/11273118414_2a46a18a60_o.jpg	1338	1305
01	Tinsley Brothers	Berlin under the New Empire, its institutions, inhabitants, industry ... With ... engravings, etc	VIZETELLY, Henry.		London	003807524		1879	http://www.flickr.com/photos/britishlibrary/11273091376	2	000125	11273091376	http://farm6.staticflickr.com/5516/11273091376_c374a76b34_m.jpg	240	203	http://farm6.staticflickr.com/5516/11273091376_c374a76b34.jpg	500	422	http://farm6.staticflickr.com/5516/11273091376_c374a76b34_b.jpg	1024	864	http://farm6.staticflickr.com/5516/11273091376_265f0b2b02_o.jpg	1206	1018
0		The Illustrated Guide to Sheffield and the surrounding district, etc	TAYLOR, John of Sheffield		Sheffield	003589731		1879	http://www.flickr.com/photos/britishlibrary/11273052965	1	000146	11273052965	http://farm6.staticflickr.com/5538/11273052965_315b3ebf43_m.jpg	216	240	http://farm6.staticflickr.com/5538/11273052965_315b3ebf43.jpg	451	500	http://farm6.staticflickr.com/5538/11273052965_315b3ebf43_b.jpg	923	1024	http://farm6.staticflickr.com/5538/11273052965_4fc97a5857_o.jpg	1275	1415
0	[Ward, Lock & Co.	[Charles O'Malley, the Irish Dragoon. Edited by Harry Lorrequer. [By C. J. L.]]	LEVER, Charles James.		London,] Perth [printed	002150760		1879	http://www.flickr.com/photos/britishlibrary/11273163043	1	000258	11273163043	http://farm4.staticflickr.com/3821/11273163043_6b741322db_m.jpg	240	138	http://farm4.staticflickr.com/3821/11273163043_6b741322db.jpg	500	288	http://farm4.staticflickr.com/3821/11273163043_6b741322db_b.jpg	1024	590	http://farm4.staticflickr.com/3821/11273163043_fb90aa0114_o.jpg	1462	843
02	John Murray	Bedouin Tribes of the Euphrates ... Edited, with a preface and some account of the Arabs and their horses, by W. S. B. [i.e. W. S. Blunt] ... With map and sketches by the author	BLUNT, Anne Isabella Noel Baroness Wentworth	lsidyv3c8f4fb9	London	000382895	ark:/81055/vdc_00000005BBF6	1879	http://www.flickr.com/photos/britishlibrary/11273162623	1	000117	11273162623	http://farm6.staticflickr.com/5538/11273162623_bbaee8db4a_m.jpg	240	177	http://farm6.staticflickr.com/5538/11273162623_bbaee8db4a.jpg	500	369	http://farm6.staticflickr.com/5538/11273162623_bbaee8db4a_b.jpg	1024	756	http://farm6.staticflickr.com/5538/11273162623_abfd79b058_o.jpg	1295	956
0		The Children's fairy geography, or a merry trip round Europe	WINSLOW, Forbes Edward.	lsidyv3c92d153	London	003952456	ark:/81055/vdc_00000005BE18	1879	http://www.flickr.com/photos/britishlibrary/11273161743	1	000319	11273161743	http://farm8.staticflickr.com/7328/11273161743_ee677da663_m.jpg	240	220	http://farm8.staticflickr.com/7328/11273161743_ee677da663.jpg	500	458	http://farm8.staticflickr.com/7328/11273161743_ee677da663_b.jpg	1024	938	http://farm8.staticflickr.com/7328/11273161743_44393ffb27_o.jpg	1241	1137
02	D. Appleton & Co.	[Appleton's European Guide Book illustrated. Including England, Scotland, and Ireland, France, Belgium, Holland, Northern and Southern Germany, Switzerland, Italy, Spain and Portugal, Russia, Denmark, Norway, and Sweden. Containing ... maps, etc.]	APPLETON, Daniel AND CO	lsidyv3cbe7355	New York; Longmans & Co	000100280	ark:/81055/vdc_00000005D9DE	1879	http://www.flickr.com/photos/britishlibrary/11273050505	1	000418	11273050505	http://farm8.staticflickr.com/7440/11273050505_5a6bcfebec_m.jpg	151	240	http://farm8.staticflickr.com/7440/11273050505_5a6bcfebec.jpg	314	500	http://farm8.staticflickr.com/7440/11273050505_5a6bcfebec_b.jpg	644	1024	http://farm8.staticflickr.com/7440/11273050505_c41027344e_o.jpg	808	1284
0		The Children's fairy geography, or a merry trip round Europe	WINSLOW, Forbes Edward.	lsidyv3c92d153	London	003952456	ark:/81055/vdc_00000005BE18	1879	http://www.flickr.com/photos/britishlibrary/11273114854	1	000330	11273114854	http://farm4.staticflickr.com/3679/11273114854_bc4052b90d_m.jpg	168	240	http://farm4.staticflickr.com/3679/11273114854_bc4052b90d.jpg	351	500	http://farm4.staticflickr.com/3679/11273114854_bc4052b90d_b.jpg	718	1024	http://farm4.staticflickr.com/3679/11273114854_9feac5ef3a_o.jpg	966	1378
0	C. C. Chapman & Co.	History of Fulton County, together with sketches of its cities, villages and townships, ... and biographies ... History of Illinois ... Illustrated			Peoria	001341605		1879	http://www.flickr.com/photos/britishlibrary/11273160263	1	000063	11273160263	http://farm8.staticflickr.com/7339/11273160263_a3d81d27e3_m.jpg	177	240	http://farm8.staticflickr.com/7339/11273160263_a3d81d27e3.jpg	368	500	http://farm8.staticflickr.com/7339/11273160263_a3d81d27e3_b.jpg	754	1024	http://farm8.staticflickr.com/7339/11273160263_fdd4e2fbc1_o.jpg	1101	1496
0	Murray Williamson & Phelps	The History of Adams County, Illinois ... Illustrated			Chicago	000014468		1879	http://www.flickr.com/photos/britishlibrary/11273160443	1	001175	11273160443	http://farm3.staticflickr.com/2822/11273160443_d736990183_m.jpg	240	160	http://farm3.staticflickr.com/2822/11273160443_d736990183.jpg	500	333	http://farm3.staticflickr.com/2822/11273160443_d736990183_b.jpg	1024	681	http://farm3.staticflickr.com/2822/11273160443_2b9ee313ee_o.jpg	1500	997
0	Pickering & Co.	The History of the County of Monaghan	SHIRLEY, Evelyn Philip.		London	003370961		1879	http://www.flickr.com/photos/britishlibrary/11273112774	1	000402	11273112774	http://farm4.staticflickr.com/3791/11273112774_71e05be189_m.jpg	150	240	http://farm4.staticflickr.com/3791/11273112774_71e05be189.jpg	312	500	http://farm4.staticflickr.com/3791/11273112774_71e05be189_b.jpg	638	1024	http://farm4.staticflickr.com/3791/11273112774_7920ecd091_o.jpg	893	1433
02	American News Company	Round the world with General Grant. A narrative of the visit of General U. S. Grant ... to various countries ... in 1877, 1878, 1879. To which are added certain conversations with General Grant on questions connected with American politics and history ... With ... illustrations	YOUNG, John Russell.		New York	004002305		1879	http://www.flickr.com/photos/britishlibrary/11273112234	1	000160	11273112234	http://farm8.staticflickr.com/7427/11273112234_e5546a4923_m.jpg	144	240	http://farm8.staticflickr.com/7427/11273112234_e5546a4923.jpg	299	500	http://farm8.staticflickr.com/7427/11273112234_e5546a4923_b.jpg	613	1024	http://farm8.staticflickr.com/7427/11273112234_cde335ae42_o.jpg	985	1645
02	American News Company	Round the world with General Grant. A narrative of the visit of General U. S. Grant ... to various countries ... in 1877, 1878, 1879. To which are added certain conversations with General Grant on questions connected with American politics and history ... With ... illustrations	YOUNG, John Russell.		New York	004002305		1879	http://www.flickr.com/photos/britishlibrary/11273158833	1	000497	11273158833	http://farm4.staticflickr.com/3769/11273158833_bf33bd0292_m.jpg	240	182	http://farm4.staticflickr.com/3769/11273158833_bf33bd0292.jpg	500	379	http://farm4.staticflickr.com/3769/11273158833_bf33bd0292_b.jpg	1024	776	http://farm4.staticflickr.com/3769/11273158833_20e938fc2e_o.jpg	1452	1101
0	W. Le Baron, Jr., & Co.	The history of McLean County, Illinois, containing a history of the County [by C. P. Merriman], its cities, towns, etc. [by J. H. Burnham, H. H. Hill, and A. W. Kellogg]	HILL, H. H. Historian		Chicago	002326542		1879	http://www.flickr.com/photos/britishlibrary/11273046025	1	000429	11273046025	http://farm3.staticflickr.com/2808/11273046025_4832217ab6_m.jpg	189	240	http://farm3.staticflickr.com/2808/11273046025_4832217ab6.jpg	395	500	http://farm3.staticflickr.com/2808/11273046025_4832217ab6_b.jpg	808	1024	http://farm3.staticflickr.com/2808/11273046025_9014abdf68_o.jpg	1192	1511
0	Religious Tract Society	The Lands of Scripture: comprising “Those Holy Fields”; “The Land of the Pharaohs” [both by S. M.]; “Pictures from Bible Lands” (edited by S. G. Green. The illustrations by E. Whymper, etc.)	MANNING, Samuel LL.D		London	002369128		1879	http://www.flickr.com/photos/britishlibrary/11273111234	1	000043	11273111234	http://farm4.staticflickr.com/3745/11273111234_17d9913b41_m.jpg	165	240	http://farm4.staticflickr.com/3745/11273111234_17d9913b41.jpg	344	500	http://farm4.staticflickr.com/3745/11273111234_17d9913b41_b.jpg	704	1024	http://farm4.staticflickr.com/3745/11273111234_b96860628d_o.jpg	1040	1513
0	Harper & Bros.	What Mr. Darwin saw in his Voyage round The World in the Ship “Beagle.” [Compiled and adapted from “Journal of Researches into the Geology and Natural History of the Various Countries visited by H.M.S. Beagle, etc.”]	Darwin, Charles	lsidyv3c8ea4b0	New York	000868098	ark:/81055/vdc_00000005BB84	1879	http://www.flickr.com/photos/britishlibrary/11273084316	1	000115	11273084316	http://farm8.staticflickr.com/7437/11273084316_0d0e479e4d_m.jpg	188	240	http://farm8.staticflickr.com/7437/11273084316_0d0e479e4d.jpg	392	500	http://farm8.staticflickr.com/7437/11273084316_0d0e479e4d_b.jpg	803	1024	http://farm8.staticflickr.com/7437/11273084316_f4287960ca_o.jpg	1215	1550
0	Waterlow & Sons	Up the River from Westminster to Windsor and Oxford; a descriptive panorama of Thames Scenery			London	003606029		1879	http://www.flickr.com/photos/britishlibrary/11273155763	1	000048	11273155763	http://farm8.staticflickr.com/7438/11273155763_b5068841a2_m.jpg	225	240	http://farm8.staticflickr.com/7438/11273155763_b5068841a2.jpg	468	500	http://farm8.staticflickr.com/7438/11273155763_b5068841a2_b.jpg	958	1024	http://farm8.staticflickr.com/7438/11273155763_5b8cd5e85a_o.jpg	1126	1203
01	D. Appleton & Co.	[Appleton's European Guide Book illustrated. Including England, Scotland, and Ireland, France, Belgium, Holland, Northern and Southern Germany, Switzerland, Italy, Spain and Portugal, Russia, Denmark, Norway, and Sweden. Containing ... maps, etc.]	APPLETON, Daniel AND CO	lsidyv3cbe7355	New York; Longmans & Co	000100280	ark:/81055/vdc_00000005D9DE	1879	http://www.flickr.com/photos/britishlibrary/11273083426	1	000145	11273083426	http://farm4.staticflickr.com/3716/11273083426_2c5bdd924d_m.jpg	176	240	http://farm4.staticflickr.com/3716/11273083426_2c5bdd924d.jpg	366	500	http://farm4.staticflickr.com/3716/11273083426_2c5bdd924d_b.jpg	750	1024	http://farm4.staticflickr.com/3716/11273083426_4ba31f6987_o.jpg	965	1317
0	Religious Tract Society	The Lands of Scripture: comprising “Those Holy Fields”; “The Land of the Pharaohs” [both by S. M.]; “Pictures from Bible Lands” (edited by S. G. Green. The illustrations by E. Whymper, etc.)	MANNING, Samuel LL.D		London	002369128		1879	http://www.flickr.com/photos/britishlibrary/11273155043	1	000093	11273155043	http://farm8.staticflickr.com/7394/11273155043_e173142093_m.jpg	146	240	http://farm8.staticflickr.com/7394/11273155043_e173142093.jpg	305	500	http://farm8.staticflickr.com/7394/11273155043_e173142093_b.jpg	624	1024	http://farm8.staticflickr.com/7394/11273155043_77cb0a7440_o.jpg	933	1532
0	Everts & Ensign	History of Toga, Chemung, Tompkins, and Schuyler Counties, New York. With illustrations and biographical sketches of some of its prominent men and pioneers	PEIRCE, Henry B. and HURD (Duane Hamilton)		Philadelphia	002810116		1879	http://www.flickr.com/photos/britishlibrary/11273081786	2	000517	11273081786	http://farm4.staticflickr.com/3676/11273081786_c6931f7c8a_m.jpg	240	195	http://farm4.staticflickr.com/3676/11273081786_c6931f7c8a.jpg	500	407	http://farm4.staticflickr.com/3676/11273081786_c6931f7c8a_b.jpg	1024	833	http://farm4.staticflickr.com/3676/11273081786_200e9563de_o.jpg	1246	1013
0	N. D. Thompson & Co.	A Pictorial History of Texas, from the earliest visits of European adventurers to A.D. 1879 ... Third edition, ... revised	THRALL, Homer S.		St. Louis, Mo	003632148		1879	http://www.flickr.com/photos/britishlibrary/11273154223	1	000251	11273154223	http://farm6.staticflickr.com/5515/11273154223_eb5f13fc72_m.jpg	169	240	http://farm6.staticflickr.com/5515/11273154223_eb5f13fc72.jpg	353	500	http://farm6.staticflickr.com/5515/11273154223_eb5f13fc72_b.jpg	722	1024	http://farm6.staticflickr.com/5515/11273154223_3fc7fb8670_o.jpg	1097	1555
0		[Viaje á la Patagonia austral emprendido bajo los auspicios del Gobierno Nacional 1876-1877. tom. 1.]	MORENO, Francisco Josué Pascasio.		Buenos Aires	002546655		1879	http://www.flickr.com/photos/britishlibrary/11273081006	1	000380	11273081006	http://farm6.staticflickr.com/5489/11273081006_67519707c0_m.jpg	161	240	http://farm6.staticflickr.com/5489/11273081006_67519707c0.jpg	334	500	http://farm6.staticflickr.com/5489/11273081006_67519707c0_b.jpg	685	1024	http://farm6.staticflickr.com/5489/11273081006_549602e211_o.jpg	1037	1551
01	American News Company	Round the world with General Grant. A narrative of the visit of General U. S. Grant ... to various countries ... in 1877, 1878, 1879. To which are added certain conversations with General Grant on questions connected with American politics and history ... With ... illustrations	YOUNG, John Russell.		New York	004002305		1879	http://www.flickr.com/photos/britishlibrary/11273152543	1	000090	11273152543	http://farm6.staticflickr.com/5547/11273152543_b2169ab33b_m.jpg	240	172	http://farm6.staticflickr.com/5547/11273152543_b2169ab33b.jpg	500	357	http://farm6.staticflickr.com/5547/11273152543_b2169ab33b_b.jpg	1024	732	http://farm6.staticflickr.com/5547/11273152543_31aaf74248_o.jpg	1331	951
01		The Australian abroad. Branches from the Main Routes round the World. [Reprinted from the Melbourne “Argus.” With illustrations.] 2 series	HINGSTON, James.	lsidyv3cbf9abe	London	001689101	ark:/81055/vdc_00000005DA7A	1879	http://www.flickr.com/photos/britishlibrary/11273106894	1	000150	11273106894	http://farm8.staticflickr.com/7376/11273106894_b13d90ca1b_m.jpg	149	240	http://farm8.staticflickr.com/7376/11273106894_b13d90ca1b.jpg	311	500	http://farm8.staticflickr.com/7376/11273106894_b13d90ca1b_b.jpg	637	1024	http://farm8.staticflickr.com/7376/11273106894_58129fbb4c_o.jpg	836	1343
0	A. Williams & Co.	History of the town of Hollis, New Hampshire, from its first settlement to ... 1879. ... Illustrated, etc	WORCESTER, Samuel T.		Boston [Mass.]	003975907		1879	http://www.flickr.com/photos/britishlibrary/11273040835	2	000237	11273040835	http://farm3.staticflickr.com/2810/11273040835_e54ba51716_m.jpg	205	240	http://farm3.staticflickr.com/2810/11273040835_e54ba51716.jpg	428	500	http://farm3.staticflickr.com/2810/11273040835_e54ba51716_b.jpg	876	1024	http://farm3.staticflickr.com/2810/11273040835_d27077d5df_o.jpg	1025	1198
0	Religious Tract Society	English Pictures drawn with pen and pencil	MANNING, Samuel LL.D. and GREEN (Samuel Gosnell)	lsidyv3c492c1d	London	002369135	ark:/81055/vdc_000000059460	1879	http://www.flickr.com/photos/britishlibrary/11273151603	1	000165	11273151603	http://farm4.staticflickr.com/3765/11273151603_6363b54cbf_m.jpg	184	240	http://farm4.staticflickr.com/3765/11273151603_6363b54cbf.jpg	382	500	http://farm4.staticflickr.com/3765/11273151603_6363b54cbf_b.jpg	783	1024	http://farm4.staticflickr.com/3765/11273151603_4999f3d594_o.jpg	1290	1687
0	Everts & Ensign	History of Toga, Chemung, Tompkins, and Schuyler Counties, New York. With illustrations and biographical sketches of some of its prominent men and pioneers	PEIRCE, Henry B. and HURD (Duane Hamilton)		Philadelphia	002810116		1879	http://www.flickr.com/photos/britishlibrary/11273151333	1	000736	11273151333	http://farm3.staticflickr.com/2885/11273151333_410a004c8d_m.jpg	240	189	http://farm3.staticflickr.com/2885/11273151333_410a004c8d.jpg	500	393	http://farm3.staticflickr.com/2885/11273151333_410a004c8d_b.jpg	1024	805	http://farm3.staticflickr.com/2885/11273151333_54ec493876_o.jpg	1387	1091
0	Macmillan and Co.	A Ride in Egypt from Sioot to Luxor, in 1879, with notes on the present state and ancient history of the Nile Valley, etc	LOFTIE, William John.	lsidyv3c7695a9	London	002212574	ark:/81055/vdc_00000005B32C	1879	http://www.flickr.com/photos/britishlibrary/11273078276	1	000013	11273078276	http://farm4.staticflickr.com/3820/11273078276_851a7aed32_m.jpg	164	240	http://farm4.staticflickr.com/3820/11273078276_851a7aed32.jpg	342	500	http://farm4.staticflickr.com/3820/11273078276_851a7aed32_b.jpg	701	1024	http://farm4.staticflickr.com/3820/11273078276_9f148b488b_o.jpg	887	1296
02	American News Company	Round the world with General Grant. A narrative of the visit of General U. S. Grant ... to various countries ... in 1877, 1878, 1879. To which are added certain conversations with General Grant on questions connected with American politics and history ... With ... illustrations	YOUNG, John Russell.		New York	004002305		1879	http://www.flickr.com/photos/britishlibrary/11273037875	1	000445	11273037875	http://farm6.staticflickr.com/5517/11273037875_32b98aebcc_m.jpg	240	182	http://farm6.staticflickr.com/5517/11273037875_32b98aebcc.jpg	500	379	http://farm6.staticflickr.com/5517/11273037875_32b98aebcc_b.jpg	1024	776	http://farm6.staticflickr.com/5517/11273037875_ef48bfb379_o.jpg	1480	1121
04		[Histoire de la Révolution Française.]	Michelet, Jules		Paris	002483188		1879	http://www.flickr.com/photos/britishlibrary/11273103774	1	000002	11273103774	http://farm3.staticflickr.com/2864/11273103774_ebf01139ca_m.jpg	240	165	http://farm3.staticflickr.com/2864/11273103774_ebf01139ca.jpg	500	345	http://farm3.staticflickr.com/2864/11273103774_ebf01139ca_b.jpg	1024	706	http://farm3.staticflickr.com/2864/11273103774_d0be810f09_o.jpg	1288	888
02	Tinsley Brothers	Berlin under the New Empire, its institutions, inhabitants, industry ... With ... engravings, etc	VIZETELLY, Henry.		London	003807524		1879	http://www.flickr.com/photos/britishlibrary/11273149743	1	000388	11273149743	http://farm8.staticflickr.com/7341/11273149743_9fbfc40be5_m.jpg	240	234	http://farm8.staticflickr.com/7341/11273149743_9fbfc40be5.jpg	500	487	http://farm8.staticflickr.com/7341/11273149743_9fbfc40be5_b.jpg	1024	997	http://farm8.staticflickr.com/7341/11273149743_a32017c45a_o.jpg	1081	1053
01	American News Company	Round the world with General Grant. A narrative of the visit of General U. S. Grant ... to various countries ... in 1877, 1878, 1879. To which are added certain conversations with General Grant on questions connected with American politics and history ... With ... illustrations	YOUNG, John Russell.		New York	004002305		1879	http://www.flickr.com/photos/britishlibrary/11273075396	1	000143	11273075396	http://farm6.staticflickr.com/5498/11273075396_785267083a_m.jpg	240	166	http://farm6.staticflickr.com/5498/11273075396_785267083a.jpg	500	347	http://farm6.staticflickr.com/5498/11273075396_785267083a_b.jpg	1024	710	http://farm6.staticflickr.com/5498/11273075396_c8f99c9b52_o.jpg	1331	923
02		A magyar nemzet története. I. kötet írta Bodon J. és Dr. Szalay J. (II.-IV.) kötet, írta Dr. Szalay J.) [With portraits.]	BODON, József and SZALAY (József)		Budapest	000389221		1879	http://www.flickr.com/photos/britishlibrary/11273147943	1	000296	11273147943	http://farm6.staticflickr.com/5526/11273147943_98aa02cbe6_m.jpg	240	205	http://farm6.staticflickr.com/5526/11273147943_98aa02cbe6.jpg	500	426	http://farm6.staticflickr.com/5526/11273147943_98aa02cbe6_b.jpg	1024	873	http://farm6.staticflickr.com/5526/11273147943_b3edabd8a4_o.jpg	1590	1355
02	L. H. Everts	History of the Connecticut Valley in Massachusetts (by N. B. Sylvester), with illustrations and biographical sketches of some of its prominent men and pioneers [by other authors]	SYLVESTER, Nathaniel Bartlett.		Philadelphia	003562080		1879	http://www.flickr.com/photos/britishlibrary/11273036065	1	000778	11273036065	http://farm6.staticflickr.com/5529/11273036065_569ff9423a_m.jpg	240	164	http://farm6.staticflickr.com/5529/11273036065_569ff9423a.jpg	500	341	http://farm6.staticflickr.com/5529/11273036065_569ff9423a_b.jpg	1024	699	http://farm6.staticflickr.com/5529/11273036065_6c700e1c13_o.jpg	1756	1198
0		The Illustrated Guide to Sheffield and the surrounding district, etc	TAYLOR, John of Sheffield		Sheffield	003589731		1879	http://www.flickr.com/photos/britishlibrary/11273074016	1	000119	11273074016	http://farm6.staticflickr.com/5491/11273074016_b4c1efac29_m.jpg	165	240	http://farm6.staticflickr.com/5491/11273074016_b4c1efac29.jpg	343	500	http://farm6.staticflickr.com/5491/11273074016_b4c1efac29_b.jpg	703	1024	http://farm6.staticflickr.com/5491/11273074016_09ab1fdd6c_o.jpg	947	1380
0	W. Mullan & Son	Winifred Martin. A story of English family life ... With illustrations, etc	BROOK, afterwards ROSS, Ellen.		London & Belfast	000486054		1879	http://www.flickr.com/photos/britishlibrary/11273100534	1	000084	11273100534	http://farm4.staticflickr.com/3827/11273100534_3882cc8f74_m.jpg	191	240	http://farm4.staticflickr.com/3827/11273100534_3882cc8f74.jpg	397	500	http://farm4.staticflickr.com/3827/11273100534_3882cc8f74_b.jpg	814	1024	http://farm4.staticflickr.com/3827/11273100534_b1cd05aeb3_o.jpg	940	1182
01	American News Company	Round the world with General Grant. A narrative of the visit of General U. S. Grant ... to various countries ... in 1877, 1878, 1879. To which are added certain conversations with General Grant on questions connected with American politics and history ... With ... illustrations	YOUNG, John Russell.		New York	004002305		1879	http://www.flickr.com/photos/britishlibrary/11273033885	1	000477	11273033885	http://farm3.staticflickr.com/2813/11273033885_71078f1c3e_m.jpg	240	188	http://farm3.staticflickr.com/2813/11273033885_71078f1c3e.jpg	500	391	http://farm3.staticflickr.com/2813/11273033885_71078f1c3e_b.jpg	1024	801	http://farm3.staticflickr.com/2813/11273033885_a45a075886_o.jpg	1325	1037
0	O. L. Baskin Co.	The history of Menard and Mason Counties, Illinois, containing a history of the counties [by R. D. Miller and J. M. Ruggles], ... statistics, &c. Illustrated			Chicago	002456488		1879	http://www.flickr.com/photos/britishlibrary/11273033295	1	000027	11273033295	http://farm8.staticflickr.com/7335/11273033295_deffb1e955_m.jpg	219	240	http://farm8.staticflickr.com/7335/11273033295_deffb1e955.jpg	457	500	http://farm8.staticflickr.com/7335/11273033295_deffb1e955_b.jpg	935	1024	http://farm8.staticflickr.com/7335/11273033295_97a3971a72_o.jpg	1393	1526
0		Die amerikanische Nordpol-Expedition ... Mit zahlreichen Illustrationen in Holzschnitt, etc	BESSELS, Emil.		Leipzig	000303634		1879	http://www.flickr.com/photos/britishlibrary/11273099354	1	000586	11273099354	http://farm6.staticflickr.com/5545/11273099354_212fb9d43b_m.jpg	172	240	http://farm6.staticflickr.com/5545/11273099354_212fb9d43b.jpg	358	500	http://farm6.staticflickr.com/5545/11273099354_212fb9d43b_b.jpg	734	1024	http://farm6.staticflickr.com/5545/11273099354_87fd43eab5_o.jpg	1135	1584
0		Mœurs et caractères des peuples, Asie-Amérique-Océanie. Morceaux extraits de divers auteurs. [With illustrations.]	CORTAMBERT, Richard.		Paris	000791358		1879	http://www.flickr.com/photos/britishlibrary/11273097744	2	000117	11273097744	http://farm4.staticflickr.com/3832/11273097744_63ec4ff846_m.jpg	131	240	http://farm4.staticflickr.com/3832/11273097744_63ec4ff846.jpg	273	500	http://farm4.staticflickr.com/3832/11273097744_63ec4ff846_b.jpg	559	1024	http://farm4.staticflickr.com/3832/11273097744_0a71375b15_o.jpg	787	1441
0		The Illustrated Guide to Sheffield and the surrounding district, etc	TAYLOR, John of Sheffield		Sheffield	003589731		1879	http://www.flickr.com/photos/britishlibrary/11273142893	1	000151	11273142893	http://farm3.staticflickr.com/2810/11273142893_8890173a5b_m.jpg	240	199	http://farm3.staticflickr.com/2810/11273142893_8890173a5b.jpg	500	414	http://farm3.staticflickr.com/2810/11273142893_8890173a5b_b.jpg	1024	848	http://farm3.staticflickr.com/2810/11273142893_b92d418a51_o.jpg	1343	1112
0	Religious Tract Society	The Lands of Scripture: comprising “Those Holy Fields”; “The Land of the Pharaohs” [both by S. M.]; “Pictures from Bible Lands” (edited by S. G. Green. The illustrations by E. Whymper, etc.)	MANNING, Samuel LL.D		London	002369128		1879	http://www.flickr.com/photos/britishlibrary/11273142993	1	000052	11273142993	http://farm4.staticflickr.com/3735/11273142993_925edccd02_m.jpg	167	240	http://farm4.staticflickr.com/3735/11273142993_925edccd02.jpg	348	500	http://farm4.staticflickr.com/3735/11273142993_925edccd02_b.jpg	712	1024	http://farm4.staticflickr.com/3735/11273142993_26348ac221_o.jpg	1096	1576
0		[Brazil and the Brazilians ... in historical and descriptive sketches ... Engravings.]	KIDDER, Daniel Parish and FLETCHER (James C.)		London	001961854		1879	http://www.flickr.com/photos/britishlibrary/11273069846	1	000553	11273069846	http://farm8.staticflickr.com/7419/11273069846_05c564fcb5_m.jpg	132	240	http://farm8.staticflickr.com/7419/11273069846_05c564fcb5.jpg	275	500	http://farm8.staticflickr.com/7419/11273069846_05c564fcb5_b.jpg	563	1024	http://farm8.staticflickr.com/7419/11273069846_5660e160fc_o.jpg	788	1433
0		The Children's fairy geography, or a merry trip round Europe	WINSLOW, Forbes Edward.	lsidyv3c92d153	London	003952456	ark:/81055/vdc_00000005BE18	1879	http://www.flickr.com/photos/britishlibrary/11273095254	1	000190	11273095254	http://farm3.staticflickr.com/2847/11273095254_40218b2775_m.jpg	164	240	http://farm3.staticflickr.com/2847/11273095254_40218b2775.jpg	341	500	http://farm3.staticflickr.com/2847/11273095254_40218b2775_b.jpg	698	1024	http://farm3.staticflickr.com/2847/11273095254_1bca41f6bb_o.jpg	1068	1567
02	Tinsley Brothers	Berlin under the New Empire, its institutions, inhabitants, industry ... With ... engravings, etc	VIZETELLY, Henry.		London	003807524		1879	http://www.flickr.com/photos/britishlibrary/11273068546	1	000390	11273068546	http://farm8.staticflickr.com/7421/11273068546_9c3af5d5e3_m.jpg	240	203	http://farm8.staticflickr.com/7421/11273068546_9c3af5d5e3.jpg	500	423	http://farm8.staticflickr.com/7421/11273068546_9c3af5d5e3_b.jpg	1024	866	http://farm8.staticflickr.com/7421/11273068546_bc50be583d_o.jpg	1236	1045
0	Everts & Ensign	History of Toga, Chemung, Tompkins, and Schuyler Counties, New York. With illustrations and biographical sketches of some of its prominent men and pioneers	PEIRCE, Henry B. and HURD (Duane Hamilton)		Philadelphia	002810116		1879	http://www.flickr.com/photos/britishlibrary/11273068276	1	000181	11273068276	http://farm4.staticflickr.com/3834/11273068276_f7a13181e0_m.jpg	240	214	http://farm4.staticflickr.com/3834/11273068276_f7a13181e0.jpg	500	445	http://farm4.staticflickr.com/3834/11273068276_f7a13181e0_b.jpg	1024	912	http://farm4.staticflickr.com/3834/11273068276_5c330b9273_o.jpg	1431	1275
0	J. A. & R. A. Reid	The Past and the Present. Narragansett sea and shore. An illustrated guide to Providence, Newport, Narragansett Pier, Block Island, Watch Hill, Rocky Point, Silver Spring, and all the famous sea-side resorts of Rhode Island, with a map of Narragansett Bay	DENISON, Frederic.		Providence	000908069		1879	http://www.flickr.com/photos/britishlibrary/11273067416	1	000078	11273067416	http://farm4.staticflickr.com/3708/11273067416_d92ec601c9_m.jpg	240	239	http://farm4.staticflickr.com/3708/11273067416_d92ec601c9.jpg	500	498	http://farm4.staticflickr.com/3708/11273067416_d92ec601c9_b.jpg	1024	1020	http://farm4.staticflickr.com/3708/11273067416_2880eacd5a_o.jpg	1127	1123
0		Monuments religieux, civils et militaires du Gatinais, ... depuis le XIe jusqu'au XVIIe siècle. ... Ouvrage accompagné de planches, etc	MICHEL, Edmond.		Lyon	002482448		1879	http://www.flickr.com/photos/britishlibrary/11273027905	1	000489	11273027905	http://farm8.staticflickr.com/7383/11273027905_a975398f71_m.jpg	238	240	http://farm8.staticflickr.com/7383/11273027905_a975398f71.jpg	495	500	http://farm8.staticflickr.com/7383/11273027905_a975398f71_b.jpg	1014	1024	http://farm8.staticflickr.com/7383/11273027905_27887644d9_o.jpg	1467	1481
0		Up the Amazon and Madeira Rivers, through Bolivia and Peru	MATHEWS, Edward Davis.		London	002421157		1879	http://www.flickr.com/photos/britishlibrary/11273066376	1	000239	11273066376	http://farm4.staticflickr.com/3680/11273066376_10f9a18953_m.jpg	205	240	http://farm4.staticflickr.com/3680/11273066376_10f9a18953.jpg	427	500	http://farm4.staticflickr.com/3680/11273066376_10f9a18953_b.jpg	875	1024	http://farm4.staticflickr.com/3680/11273066376_15a47dae2f_o.jpg	1141	1335
01		Paris à travers les siècles. Histoire nationale de Paris et des Parisiens depuis la fondation de Lutèce jusqu'à nos jours, etc	GOURDON DE GENOUILLAC, Nicolas Jules Henri.		Paris	001476975		1879	http://www.flickr.com/photos/britishlibrary/11273066076	1	000558	11273066076	http://farm3.staticflickr.com/2891/11273066076_38dc4c367f_m.jpg	240	105	http://farm3.staticflickr.com/2891/11273066076_38dc4c367f.jpg	500	218	http://farm3.staticflickr.com/2891/11273066076_38dc4c367f_b.jpg	1024	446	http://farm3.staticflickr.com/2891/11273066076_d5a53e0b7e_o.jpg	1826	796
0	Edinburgh Publishing Company	Kennedy at the Cape, a professional tour through Cape Colony, the Orange Free State, the Diamond Fields, & Natal. A section of “Singing round the World.”	KENNEDY, David Vocalist, the Younger	lsidyv3c5c5997	Edinburgh	001948611	ark:/81055/vdc_00000005A276	1879	http://www.flickr.com/photos/britishlibrary/11273091844	1	000167	11273091844	http://farm8.staticflickr.com/7426/11273091844_dc7e9cfc63_m.jpg	142	240	http://farm8.staticflickr.com/7426/11273091844_dc7e9cfc63.jpg	296	500	http://farm8.staticflickr.com/7426/11273091844_dc7e9cfc63_b.jpg	607	1024	http://farm8.staticflickr.com/7426/11273091844_df4217c3c3_o.jpg	772	1303
02		[Histoire de la Révolution Française.]	Michelet, Jules		Paris	002483188		1879	http://www.flickr.com/photos/britishlibrary/11273091854	1	000002	11273091854	http://farm4.staticflickr.com/3816/11273091854_925d220647_m.jpg	240	164	http://farm4.staticflickr.com/3816/11273091854_925d220647.jpg	500	341	http://farm4.staticflickr.com/3816/11273091854_925d220647_b.jpg	1024	699	http://farm4.staticflickr.com/3816/11273091854_ab53d25608_o.jpg	1285	877
0		Les Vieilles Villes de Suisse. Notes et souvenirs. Ouvrage illustré de 105 dessins à la plume par A. Robida reproduits en fac-simile	ROBIDA, Albert.		Paris	003121715		1879	http://www.flickr.com/photos/britishlibrary/11273025745	1	000017	11273025745	http://farm4.staticflickr.com/3787/11273025745_8f10cca984_m.jpg	193	240	http://farm4.staticflickr.com/3787/11273025745_8f10cca984.jpg	402	500	http://farm4.staticflickr.com/3787/11273025745_8f10cca984_b.jpg	823	1024	http://farm4.staticflickr.com/3787/11273025745_2ea135d731_o.jpg	942	1172
0	James Miller	Campaigns of the War of 1812-15, against Great Britain, sketched and criticised; with brief biographies of the American engineers	CULLUM, George Washington.		New York	000834094		1879	http://www.flickr.com/photos/britishlibrary/11273024765	1	000281	11273024765	http://farm3.staticflickr.com/2825/11273024765_2e0c13c8cd_m.jpg	240	161	http://farm3.staticflickr.com/2825/11273024765_2e0c13c8cd.jpg	500	334	http://farm3.staticflickr.com/2825/11273024765_2e0c13c8cd_b.jpg	1024	685	http://farm3.staticflickr.com/2825/11273024765_04a0219627_o.jpg	1705	1141
0	D. W. Ensign & Co.	History of Columbiana County, Ohio, with illustrations and biographical sketches of its prominent men and pioneers	MACK, Horace.		Philadelphia	002319445		1879	http://www.flickr.com/photos/britishlibrary/11273063866	2	000205	11273063866	http://farm6.staticflickr.com/5504/11273063866_35bf1d4b3f_m.jpg	240	196	http://farm6.staticflickr.com/5504/11273063866_35bf1d4b3f.jpg	500	408	http://farm6.staticflickr.com/5504/11273063866_35bf1d4b3f_b.jpg	1024	835	http://farm6.staticflickr.com/5504/11273063866_c46603574b_o.jpg	1245	1015
02	Tinsley Brothers	Berlin under the New Empire, its institutions, inhabitants, industry ... With ... engravings, etc	VIZETELLY, Henry.		London	003807524		1879	http://www.flickr.com/photos/britishlibrary/11273063716	1	000042	11273063716	http://farm8.staticflickr.com/7395/11273063716_11abd4d39d_m.jpg	179	240	http://farm8.staticflickr.com/7395/11273063716_11abd4d39d.jpg	374	500	http://farm8.staticflickr.com/7395/11273063716_11abd4d39d_b.jpg	765	1024	http://farm8.staticflickr.com/7395/11273063716_5703659afe_o.jpg	1060	1418
0	Western Historical Company	The History of Muscatine County, Iowa ... Illustrated			Chicago	002592978		1879	http://www.flickr.com/photos/britishlibrary/11273062456	2	000092	11273062456	http://farm6.staticflickr.com/5546/11273062456_09eef400a2_m.jpg	156	240	http://farm6.staticflickr.com/5546/11273062456_09eef400a2.jpg	325	500	http://farm6.staticflickr.com/5546/11273062456_09eef400a2_b.jpg	666	1024	http://farm6.staticflickr.com/5546/11273062456_2d3d0f1208_o.jpg	1026	1577
0	E. Marlborough & Co.	Popular Guide up the Thames, to Kew, Richmond, Twickenham and Hampton Court			London	003605985		1879	http://www.flickr.com/photos/britishlibrary/11273135663	1	000013	11273135663	http://farm8.staticflickr.com/7415/11273135663_1ef6c84ba3_m.jpg	168	240	http://farm8.staticflickr.com/7415/11273135663_1ef6c84ba3.jpg	351	500	http://farm8.staticflickr.com/7415/11273135663_1ef6c84ba3_b.jpg	718	1024	http://farm8.staticflickr.com/7415/11273135663_b385075779_o.jpg	906	1293
0		Les États-Unis d'Amérique. Impressions de Voyage, abrégées [from “White Conquest”] par H. Vattemare. [With illustrations.]	DIXON, William Hepworth F.S.A		Paris	000953753		1879	http://www.flickr.com/photos/britishlibrary/11273133873	1	000128	11273133873	http://farm4.staticflickr.com/3699/11273133873_450246316f_m.jpg	237	240	http://farm4.staticflickr.com/3699/11273133873_450246316f.jpg	494	500	http://farm4.staticflickr.com/3699/11273133873_450246316f_b.jpg	1012	1024	http://farm4.staticflickr.com/3699/11273133873_a12fed1ff3_o.jpg	1245	1260
0	Religious Tract Society	The Lands of Scripture: comprising “Those Holy Fields”; “The Land of the Pharaohs” [both by S. M.]; “Pictures from Bible Lands” (edited by S. G. Green. The illustrations by E. Whymper, etc.)	MANNING, Samuel LL.D		London	002369128		1879	http://www.flickr.com/photos/britishlibrary/11273061066	1	000053	11273061066	http://farm3.staticflickr.com/2858/11273061066_41201390b8_m.jpg	66	240	http://farm3.staticflickr.com/2858/11273061066_41201390b8.jpg	138	500	http://farm3.staticflickr.com/2858/11273061066_41201390b8_b.jpg	283	1024	http://farm3.staticflickr.com/2858/11273061066_3fae5092ff_o.jpg	555	2008
0	John Murray	[The Student's Manual of Modern Geography. Mathematical, physical, and descriptive.]	BEVAN, William Latham.	lsidyv3ca2f2a9	London	000307737	ark:/81055/vdc_00000005C7F6	1879	http://www.flickr.com/photos/britishlibrary/11273060536	1	000373	11273060536	http://farm3.staticflickr.com/2869/11273060536_abf8821acc_m.jpg	187	240	http://farm3.staticflickr.com/2869/11273060536_abf8821acc.jpg	390	500	http://farm3.staticflickr.com/2869/11273060536_abf8821acc_b.jpg	798	1024	http://farm3.staticflickr.com/2869/11273060536_373ff0993b_o.jpg	955	1225
0	W. Le Baron, Jr., & Co.	The history of McLean County, Illinois, containing a history of the County [by C. P. Merriman], its cities, towns, etc. [by J. H. Burnham, H. H. Hill, and A. W. Kellogg]	HILL, H. H. Historian		Chicago	002326542		1879	http://www.flickr.com/photos/britishlibrary/11273132423	1	000318	11273132423	http://farm8.staticflickr.com/7383/11273132423_72e7ae3cc7_m.jpg	240	181	http://farm8.staticflickr.com/7383/11273132423_72e7ae3cc7.jpg	500	377	http://farm8.staticflickr.com/7383/11273132423_72e7ae3cc7_b.jpg	1024	772	http://farm8.staticflickr.com/7383/11273132423_3c07f16452_o.jpg	1618	1220
0	Western Historical Company	The History of Des Moines County, Iowa, containing a history of the county ... a biographical directory of citizens ... portraits of early settlers and prominent men ... history of Iowa, map of Des Moines County ... Illustrated			Chicago	000916004		1879	http://www.flickr.com/photos/britishlibrary/11273085724	1	000513	11273085724	http://farm6.staticflickr.com/5487/11273085724_0afafb5118_m.jpg	240	162	http://farm6.staticflickr.com/5487/11273085724_0afafb5118.jpg	500	337	http://farm6.staticflickr.com/5487/11273085724_0afafb5118_b.jpg	1024	691	http://farm6.staticflickr.com/5487/11273085724_45246404da_o.jpg	1471	992
0	Waterlow & Sons	Up the River from Westminster to Windsor and Oxford; a descriptive panorama of Thames Scenery			London	003606029		1879	http://www.flickr.com/photos/britishlibrary/11273059246	1	000116	11273059246	http://farm6.staticflickr.com/5535/11273059246_9c59db46a0_m.jpg	186	240	http://farm6.staticflickr.com/5535/11273059246_9c59db46a0.jpg	387	500	http://farm6.staticflickr.com/5535/11273059246_9c59db46a0_b.jpg	793	1024	http://farm6.staticflickr.com/5535/11273059246_66545c4010_o.jpg	943	1217
0	Wesleyan Conference Office	Rambles in Bible Lands	NEWTON, Richard D.D., Rector of St. Paul's Church, Philadelphia	lsidyv3ca35e3a	London	002646495	ark:/81055/vdc_00000005C826	1879	http://www.flickr.com/photos/britishlibrary/11273084384	1	000025	11273084384	http://farm8.staticflickr.com/7421/11273084384_2911bb9525_m.jpg	240	213	http://farm8.staticflickr.com/7421/11273084384_2911bb9525.jpg	500	444	http://farm8.staticflickr.com/7421/11273084384_2911bb9525_b.jpg	1024	910	http://farm8.staticflickr.com/7421/11273084384_65efcf0798_o.jpg	1533	1362
01	American News Company	Round the world with General Grant. A narrative of the visit of General U. S. Grant ... to various countries ... in 1877, 1878, 1879. To which are added certain conversations with General Grant on questions connected with American politics and history ... With ... illustrations	YOUNG, John Russell.		New York	004002305		1879	http://www.flickr.com/photos/britishlibrary/11273056096	1	000598	11273056096	http://farm4.staticflickr.com/3694/11273056096_a024db7ac3_m.jpg	168	240	http://farm4.staticflickr.com/3694/11273056096_a024db7ac3.jpg	351	500	http://farm4.staticflickr.com/3694/11273056096_a024db7ac3_b.jpg	718	1024	http://farm4.staticflickr.com/3694/11273056096_3b123fd832_o.jpg	1208	1723
02		Old and New London, etc	Thornbury, Walter	lsidyv3c47ab1a	London	003628788	ark:/81055/vdc_000000059328	1879	http://www.flickr.com/photos/britishlibrary/11273131133	1	000036	11273131133	http://farm4.staticflickr.com/3738/11273131133_fc02cbe010_m.jpg	193	240	http://farm4.staticflickr.com/3738/11273131133_fc02cbe010.jpg	402	500	http://farm4.staticflickr.com/3738/11273131133_fc02cbe010_b.jpg	824	1024	http://farm4.staticflickr.com/3738/11273131133_a416ea80f5_o.jpg	1000	1242
0	Pickering & Co.	The History of the County of Monaghan	SHIRLEY, Evelyn Philip.		London	003370961		1879	http://www.flickr.com/photos/britishlibrary/11273082664	1	000307	11273082664	http://farm3.staticflickr.com/2878/11273082664_3591d141f0_m.jpg	167	240	http://farm3.staticflickr.com/2878/11273082664_3591d141f0.jpg	348	500	http://farm3.staticflickr.com/2878/11273082664_3591d141f0_b.jpg	712	1024	http://farm3.staticflickr.com/2878/11273082664_874100243c_o.jpg	1200	1726
0	Waterlow & Sons	Up the River from Westminster to Windsor and Oxford; a descriptive panorama of Thames Scenery			London	003606029		1879	http://www.flickr.com/photos/britishlibrary/11273016765	1	000135	11273016765	http://farm8.staticflickr.com/7374/11273016765_8fb117ba4d_m.jpg	170	240	http://farm8.staticflickr.com/7374/11273016765_8fb117ba4d.jpg	355	500	http://farm8.staticflickr.com/7374/11273016765_8fb117ba4d_b.jpg	727	1024	http://farm8.staticflickr.com/7374/11273016765_1f7ac5321c_o.jpg	947	1333
0		The Wild Man at Home: or, pictures of life in savage lands ... With woodcuts ... and coloured illustrations	GREENWOOD, James Novelist	lsidyv2af6fa2f	London, Edinburgh	001503444	ark:/81055/vdc_0000000519A2	1879	http://www.flickr.com/photos/britishlibrary/11273054046	1	000064	11273054046	http://farm6.staticflickr.com/5502/11273054046_ef6a5a1e11_m.jpg	198	240	http://farm6.staticflickr.com/5502/11273054046_ef6a5a1e11.jpg	413	500	http://farm6.staticflickr.com/5502/11273054046_ef6a5a1e11_b.jpg	846	1024	http://farm6.staticflickr.com/5502/11273054046_2d0dbe6358_o.jpg	1143	1383
0	Waterlow & Sons	Up the River from Westminster to Windsor and Oxford; a descriptive panorama of Thames Scenery			London	003606029		1879	http://www.flickr.com/photos/britishlibrary/11273080794	1	000092	11273080794	http://farm8.staticflickr.com/7413/11273080794_3276577859_m.jpg	240	166	http://farm8.staticflickr.com/7413/11273080794_3276577859.jpg	500	346	http://farm8.staticflickr.com/7413/11273080794_3276577859_b.jpg	1024	708	http://farm8.staticflickr.com/7413/11273080794_718cb77284_o.jpg	1396	965
01	D. Appleton & Co.	[Appleton's European Guide Book illustrated. Including England, Scotland, and Ireland, France, Belgium, Holland, Northern and Southern Germany, Switzerland, Italy, Spain and Portugal, Russia, Denmark, Norway, and Sweden. Containing ... maps, etc.]	APPLETON, Daniel AND CO	lsidyv3cbe7355	New York; Longmans & Co	000100280	ark:/81055/vdc_00000005D9DE	1879	http://www.flickr.com/photos/britishlibrary/11273053426	1	000146	11273053426	http://farm3.staticflickr.com/2816/11273053426_91f7d77ddb_m.jpg	177	240	http://farm3.staticflickr.com/2816/11273053426_91f7d77ddb.jpg	368	500	http://farm3.staticflickr.com/2816/11273053426_91f7d77ddb_b.jpg	754	1024	http://farm3.staticflickr.com/2816/11273053426_663b611cc1_o.jpg	908	1233
0	F. W. Bird	History of the Town of Douglas, Massachusetts, from the earliest period to the close of 1878	EMERSON, William Andrew.		Boston [Mass.]	001065911		1879	http://www.flickr.com/photos/britishlibrary/11273052426	1	000139	11273052426	http://farm6.staticflickr.com/5517/11273052426_928b4e6e8b_m.jpg	140	240	http://farm6.staticflickr.com/5517/11273052426_928b4e6e8b.jpg	292	500	http://farm6.staticflickr.com/5517/11273052426_928b4e6e8b_b.jpg	599	1024	http://farm6.staticflickr.com/5517/11273052426_0a2ebb5499_o.jpg	843	1441
0	J. Tweed	The Annals of Dumfermline and vicinity ... 1069-1878. Interspersed with ... notes, ... and ... engravings	HENDERSON, Ebenezer LL.D., F.R.A.S		Glasgow	001648659		1879	http://www.flickr.com/photos/britishlibrary/11273013385	1	000314	11273013385	http://farm8.staticflickr.com/7312/11273013385_9249347e12_m.jpg	240	208	http://farm8.staticflickr.com/7312/11273013385_9249347e12.jpg	500	433	http://farm8.staticflickr.com/7312/11273013385_9249347e12_b.jpg	1024	886	http://farm8.staticflickr.com/7312/11273013385_bb76bdb176_o.jpg	1303	1127
01	Tinsley Brothers	Berlin under the New Empire, its institutions, inhabitants, industry ... With ... engravings, etc	VIZETELLY, Henry.		London	003807524		1879	http://www.flickr.com/photos/britishlibrary/11273124283	2	000139	11273124283	http://farm6.staticflickr.com/5534/11273124283_56fdacd79a_m.jpg	240	193	http://farm6.staticflickr.com/5534/11273124283_56fdacd79a.jpg	500	402	http://farm6.staticflickr.com/5534/11273124283_56fdacd79a_b.jpg	1024	823	http://farm6.staticflickr.com/5534/11273124283_4075658717_o.jpg	1166	937
0	Lewis, Peck & Co.	History of Steuben County, New York, with illustrations and biographical sketches of some of its prominent men and pioneers	CLAYTON, W. Woodford.		Philadelphia	000719876		1879	http://www.flickr.com/photos/britishlibrary/11273011945	1	000201	11273011945	http://farm6.staticflickr.com/5499/11273011945_d4ccc56740_m.jpg	240	166	http://farm6.staticflickr.com/5499/11273011945_d4ccc56740.jpg	500	346	http://farm6.staticflickr.com/5499/11273011945_d4ccc56740_b.jpg	1024	708	http://farm6.staticflickr.com/5499/11273011945_d61afb5219_o.jpg	1398	966
0	Cassell, Petter, Galpin & Co.	Morocco: its people and places ... Translated by C. Rollin-Tilton. With ... illustrations	AMICIS, Edmondo de.	lsidyv3c6b00d2	London	000070870	ark:/81055/vdc_00000005AC0C	1879	http://www.flickr.com/photos/britishlibrary/11273011585	1	000028	11273011585	http://farm6.staticflickr.com/5535/11273011585_88d9c62f87_m.jpg	240	229	http://farm6.staticflickr.com/5535/11273011585_88d9c62f87.jpg	500	478	http://farm6.staticflickr.com/5535/11273011585_88d9c62f87_b.jpg	1024	979	http://farm6.staticflickr.com/5535/11273011585_1c673c1c34_o.jpg	1098	1050
01	American News Company	Round the world with General Grant. A narrative of the visit of General U. S. Grant ... to various countries ... in 1877, 1878, 1879. To which are added certain conversations with General Grant on questions connected with American politics and history ... With ... illustrations	YOUNG, John Russell.		New York	004002305		1879	http://www.flickr.com/photos/britishlibrary/11273010215	1	000473	11273010215	http://farm8.staticflickr.com/7410/11273010215_9349415c08_m.jpg	240	167	http://farm8.staticflickr.com/7410/11273010215_9349415c08.jpg	500	348	http://farm8.staticflickr.com/7410/11273010215_9349415c08_b.jpg	1024	712	http://farm8.staticflickr.com/7410/11273010215_ef6910446f_o.jpg	1440	1001
0	Murray Williamson & Phelps	The History of Adams County, Illinois ... Illustrated			Chicago	000014468		1879	http://www.flickr.com/photos/britishlibrary/11273123163	2	000115	11273123163	http://farm4.staticflickr.com/3792/11273123163_ebaafa14d3_m.jpg	179	240	http://farm4.staticflickr.com/3792/11273123163_ebaafa14d3.jpg	373	500	http://farm4.staticflickr.com/3792/11273123163_ebaafa14d3_b.jpg	764	1024	http://farm4.staticflickr.com/3792/11273123163_2e4c6a9146_o.jpg	1166	1563
0	Religious Tract Society	English Pictures drawn with pen and pencil	MANNING, Samuel LL.D. and GREEN (Samuel Gosnell)	lsidyv3c492c1d	London	002369135	ark:/81055/vdc_000000059460	1879	http://www.flickr.com/photos/britishlibrary/11273122333	1	000030	11273122333	http://farm4.staticflickr.com/3798/11273122333_f2b083df0b_m.jpg	176	240	http://farm4.staticflickr.com/3798/11273122333_f2b083df0b.jpg	368	500	http://farm4.staticflickr.com/3798/11273122333_f2b083df0b_b.jpg	753	1024	http://farm4.staticflickr.com/3798/11273122333_3da26dd8d2_o.jpg	972	1322
0	H. Sotheran & Co.	The Annals of Newark-upon-Trent, comprising the history, curiosities, and antiquities of the borough ... Illustrated with engravings and autographs, etc	Brown, Cornelius.	lsidyv3c35d45e	London	000492164	ark:/81055/vdc_0000000580DA	1879	http://www.flickr.com/photos/britishlibrary/11273048136	1	000002	11273048136	http://farm3.staticflickr.com/2890/11273048136_dd452ea02e_m.jpg	240	154	http://farm3.staticflickr.com/2890/11273048136_dd452ea02e.jpg	500	321	http://farm3.staticflickr.com/2890/11273048136_dd452ea02e_b.jpg	1024	658	http://farm3.staticflickr.com/2890/11273048136_9859b6025a_o.jpg	1363	876
0	N. D. Thompson & Co.	A Pictorial History of Texas, from the earliest visits of European adventurers to A.D. 1879 ... Third edition, ... revised	THRALL, Homer S.		St. Louis, Mo	003632148		1879	http://www.flickr.com/photos/britishlibrary/11273048236	1	000787	11273048236	http://farm4.staticflickr.com/3775/11273048236_5e35e4732a_m.jpg	240	224	http://farm4.staticflickr.com/3775/11273048236_5e35e4732a.jpg	500	467	http://farm4.staticflickr.com/3775/11273048236_5e35e4732a_b.jpg	1024	956	http://farm4.staticflickr.com/3775/11273048236_44c1c6c8a0_o.jpg	1248	1165
0		Saint-Pierre de Rome. Ouvrage illustré, etc	LORBAC, Charles de.		Rome	002259706		1879	http://www.flickr.com/photos/britishlibrary/11273119773	1	000021	11273119773	http://farm6.staticflickr.com/5543/11273119773_3f19b51687_m.jpg	240	168	http://farm6.staticflickr.com/5543/11273119773_3f19b51687.jpg	500	350	http://farm6.staticflickr.com/5543/11273119773_3f19b51687_b.jpg	1024	716	http://farm6.staticflickr.com/5543/11273119773_2cf70bb32d_o.jpg	1631	1140
0		The Illustrated Guide to Sheffield and the surrounding district, etc	TAYLOR, John of Sheffield		Sheffield	003589731		1879	http://www.flickr.com/photos/britishlibrary/11273073304	2	000349	11273073304	http://farm3.staticflickr.com/2813/11273073304_dc2d7c5a8d_m.jpg	177	240	http://farm3.staticflickr.com/2813/11273073304_dc2d7c5a8d.jpg	369	500	http://farm3.staticflickr.com/2813/11273073304_dc2d7c5a8d_b.jpg	755	1024	http://farm3.staticflickr.com/2813/11273073304_52e9122204_o.jpg	1043	1415
0		The History of France, from the earliest times to the outbreak of the Revolution. Abridged from ... R. Black's translation of ... Guizot's larger history. With chronological index, ... tables, portraits ... By G. Masson, etc	GUIZOT, François Pierre Guillaume.		London	001541681		1879	http://www.flickr.com/photos/britishlibrary/11273072764	1	000078	11273072764	http://farm4.staticflickr.com/3697/11273072764_10a2be8c4c_m.jpg	171	240	http://farm4.staticflickr.com/3697/11273072764_10a2be8c4c.jpg	357	500	http://farm4.staticflickr.com/3697/11273072764_10a2be8c4c_b.jpg	731	1024	http://farm4.staticflickr.com/3697/11273072764_3fbfaf0f42_o.jpg	991	1389
0	John Murray	[The Student's Manual of Modern Geography. Mathematical, physical, and descriptive.]	BEVAN, William Latham.	lsidyv3ca2f2a9	London	000307737	ark:/81055/vdc_00000005C7F6	1879	http://www.flickr.com/photos/britishlibrary/11273006065	1	000385	11273006065	http://farm3.staticflickr.com/2815/11273006065_dd31b00720_m.jpg	191	240	http://farm3.staticflickr.com/2815/11273006065_dd31b00720.jpg	399	500	http://farm3.staticflickr.com/2815/11273006065_dd31b00720_b.jpg	817	1024	http://farm3.staticflickr.com/2815/11273006065_007bc8d993_o.jpg	977	1225
0	Religious Tract Society	The Lands of Scripture: comprising “Those Holy Fields”; “The Land of the Pharaohs” [both by S. M.]; “Pictures from Bible Lands” (edited by S. G. Green. The illustrations by E. Whymper, etc.)	MANNING, Samuel LL.D		London	002369128		1879	http://www.flickr.com/photos/britishlibrary/11273005725	1	000450	11273005725	http://farm4.staticflickr.com/3671/11273005725_d358574995_m.jpg	240	195	http://farm4.staticflickr.com/3671/11273005725_d358574995.jpg	500	406	http://farm4.staticflickr.com/3671/11273005725_d358574995_b.jpg	1024	831	http://farm4.staticflickr.com/3671/11273005725_50bea467f7_o.jpg	1357	1101
0		[Viaje á la Patagonia austral emprendido bajo los auspicios del Gobierno Nacional 1876-1877. tom. 1.]	MORENO, Francisco Josué Pascasio.		Buenos Aires	002546655		1879	http://www.flickr.com/photos/britishlibrary/11273117933	1	000322	11273117933	http://farm4.staticflickr.com/3690/11273117933_1dc6a52461_m.jpg	157	240	http://farm4.staticflickr.com/3690/11273117933_1dc6a52461.jpg	326	500	http://farm4.staticflickr.com/3690/11273117933_1dc6a52461_b.jpg	668	1024	http://farm4.staticflickr.com/3690/11273117933_9ab7fccde3_o.jpg	1023	1568
0	Western Historical Company	The history of Jefferson County ... Illustrated			Chicago	001859185		1879	http://www.flickr.com/photos/britishlibrary/11273069014	1	000089	11273069014	http://farm6.staticflickr.com/5476/11273069014_e82dae9054_m.jpg	240	114	http://farm6.staticflickr.com/5476/11273069014_e82dae9054.jpg	500	238	http://farm6.staticflickr.com/5476/11273069014_e82dae9054_b.jpg	1024	487	http://farm6.staticflickr.com/5476/11273069014_00c57de7f6_o.jpg	2126	1011
05		Old and New London, etc	Thornbury, Walter	lsidyv3c47ab1a	London	003628788	ark:/81055/vdc_000000059328	1879	http://www.flickr.com/photos/britishlibrary/11273115783	2	000303	11273115783	http://farm3.staticflickr.com/2872/11273115783_f796d2a84a_m.jpg	139	240	http://farm3.staticflickr.com/2872/11273115783_f796d2a84a.jpg	290	500	http://farm3.staticflickr.com/2872/11273115783_f796d2a84a_b.jpg	593	1024	http://farm3.staticflickr.com/2872/11273115783_0a74ce2633_o.jpg	876	1512
0	A. Williams & Co.	History of the town of Hollis, New Hampshire, from its first settlement to ... 1879. ... Illustrated, etc	WORCESTER, Samuel T.		Boston [Mass.]	003975907		1879	http://www.flickr.com/photos/britishlibrary/11273068914	1	000222	11273068914	http://farm6.staticflickr.com/5509/11273068914_e1c03ed2ec_m.jpg	240	191	http://farm6.staticflickr.com/5509/11273068914_e1c03ed2ec.jpg	500	397	http://farm6.staticflickr.com/5509/11273068914_e1c03ed2ec_b.jpg	1024	814	http://farm6.staticflickr.com/5509/11273068914_ccfeac4d41_o.jpg	1241	987
0	Harper & Bros.	From Egypt to Palestine through Sinai, the Wilderness and the South Country. Observations of a journey made with special reference to the history of the Israelites ... With maps and illustrations	BARTLETT, Samuel Colcord.	lsidyv3c53baba	New York	000216339	ark:/81055/vdc_000000059CA0	1879	http://www.flickr.com/photos/britishlibrary/11273115013	1	000073	11273115013	http://farm6.staticflickr.com/5505/11273115013_3db4d21376_m.jpg	240	119	http://farm6.staticflickr.com/5505/11273115013_3db4d21376.jpg	500	249	http://farm6.staticflickr.com/5505/11273115013_3db4d21376_b.jpg	1024	509	http://farm6.staticflickr.com/5505/11273115013_38930b4094_o.jpg	1687	838
0		[Brazil and the Brazilians ... in historical and descriptive sketches ... Engravings.]	KIDDER, Daniel Parish and FLETCHER (James C.)		London	001961854		1879	http://www.flickr.com/photos/britishlibrary/11273041366	1	000277	11273041366	http://farm4.staticflickr.com/3697/11273041366_167c081860_m.jpg	212	240	http://farm4.staticflickr.com/3697/11273041366_167c081860.jpg	442	500	http://farm4.staticflickr.com/3697/11273041366_167c081860_b.jpg	906	1024	http://farm4.staticflickr.com/3697/11273041366_12e5645cef_o.jpg	1261	1425
0	Lewis, Peck & Co.	History of Steuben County, New York, with illustrations and biographical sketches of some of its prominent men and pioneers	CLAYTON, W. Woodford.		Philadelphia	000719876		1879	http://www.flickr.com/photos/britishlibrary/11273040256	2	000644	11273040256	http://farm4.staticflickr.com/3765/11273040256_64ed734a69_m.jpg	240	177	http://farm4.staticflickr.com/3765/11273040256_64ed734a69.jpg	500	368	http://farm4.staticflickr.com/3765/11273040256_64ed734a69_b.jpg	1024	754	http://farm4.staticflickr.com/3765/11273040256_54e672d939_o.jpg	1416	1043
02		Paris à travers les siècles. Histoire nationale de Paris et des Parisiens depuis la fondation de Lutèce jusqu'à nos jours, etc	GOURDON DE GENOUILLAC, Nicolas Jules Henri.		Paris	001476975		1879	http://www.flickr.com/photos/britishlibrary/11273000765	1	001121	11273000765	http://farm4.staticflickr.com/3744/11273000765_af6322a94f_m.jpg	240	226	http://farm4.staticflickr.com/3744/11273000765_af6322a94f.jpg	500	472	http://farm4.staticflickr.com/3744/11273000765_af6322a94f_b.jpg	1024	966	http://farm4.staticflickr.com/3744/11273000765_40cb069f2f_o.jpg	1341	1265
0	Everts & Ensign	History of Toga, Chemung, Tompkins, and Schuyler Counties, New York. With illustrations and biographical sketches of some of its prominent men and pioneers	PEIRCE, Henry B. and HURD (Duane Hamilton)		Philadelphia	002810116		1879	http://www.flickr.com/photos/britishlibrary/11273039216	1	000666	11273039216	http://farm3.staticflickr.com/2854/11273039216_aef3abb72e_m.jpg	240	200	http://farm3.staticflickr.com/2854/11273039216_aef3abb72e.jpg	500	417	http://farm3.staticflickr.com/2854/11273039216_aef3abb72e_b.jpg	1024	854	http://farm3.staticflickr.com/2854/11273039216_e30a469e26_o.jpg	1521	1269
0		[Brazil and the Brazilians ... in historical and descriptive sketches ... Engravings.]	KIDDER, Daniel Parish and FLETCHER (James C.)		London	001961854		1879	http://www.flickr.com/photos/britishlibrary/11272999115	1	000590	11272999115	http://farm4.staticflickr.com/3776/11272999115_c04edde68c_m.jpg	193	240	http://farm4.staticflickr.com/3776/11272999115_c04edde68c.jpg	403	500	http://farm4.staticflickr.com/3776/11272999115_c04edde68c_b.jpg	825	1024	http://farm4.staticflickr.com/3776/11272999115_8bd4f9911c_o.jpg	955	1185
01	Tinsley Brothers	Berlin under the New Empire, its institutions, inhabitants, industry ... With ... engravings, etc	VIZETELLY, Henry.		London	003807524		1879	http://www.flickr.com/photos/britishlibrary/11273111813	1	000414	11273111813	http://farm8.staticflickr.com/7384/11273111813_4ec1c48a60_m.jpg	240	226	http://farm8.staticflickr.com/7384/11273111813_4ec1c48a60.jpg	500	470	http://farm8.staticflickr.com/7384/11273111813_4ec1c48a60_b.jpg	1024	963	http://farm8.staticflickr.com/7384/11273111813_067c23cd4a_o.jpg	1216	1143
02	Tinsley Brothers	Berlin under the New Empire, its institutions, inhabitants, industry ... With ... engravings, etc	VIZETELLY, Henry.		London	003807524		1879	http://www.flickr.com/photos/britishlibrary/11272998205	1	000274	11272998205	http://farm4.staticflickr.com/3698/11272998205_51807ee5a5_m.jpg	240	180	http://farm4.staticflickr.com/3698/11272998205_51807ee5a5.jpg	500	374	http://farm4.staticflickr.com/3698/11272998205_51807ee5a5_b.jpg	1024	766	http://farm4.staticflickr.com/3698/11272998205_7275ea0a29_o.jpg	1421	1063
0		[Brazil and the Brazilians ... in historical and descriptive sketches ... Engravings.]	KIDDER, Daniel Parish and FLETCHER (James C.)		London	001961854		1879	http://www.flickr.com/photos/britishlibrary/11273036426	1	000319	11273036426	http://farm4.staticflickr.com/3682/11273036426_3db746b886_m.jpg	218	240	http://farm4.staticflickr.com/3682/11273036426_3db746b886.jpg	453	500	http://farm4.staticflickr.com/3682/11273036426_3db746b886_b.jpg	928	1024	http://farm4.staticflickr.com/3682/11273036426_c20980156d_o.jpg	1281	1413
02		The Borders of the Tamar and the Tavy; their natural history, etc. A new edition	STOTHARD, afterwards BRAY, Anna Eliza.	lsidyv3c4640f3	London	003517963	ark:/81055/vdc_0000000591E4	1879	http://www.flickr.com/photos/britishlibrary/11273036936	1	000345	11273036936	http://farm4.staticflickr.com/3779/11273036936_1e17023e50_m.jpg	240	154	http://farm4.staticflickr.com/3779/11273036936_1e17023e50.jpg	500	321	http://farm4.staticflickr.com/3779/11273036936_1e17023e50_b.jpg	1024	657	http://farm4.staticflickr.com/3779/11273036936_f948a5023b_o.jpg	1321	847
0	Moses King	King's Handbook of Boston. Profusely illustrated. [With a map.]	KING, Moses.		Cambridge, Mass	001968594		1879	http://www.flickr.com/photos/britishlibrary/11273061224	1	000328	11273061224	http://farm6.staticflickr.com/5501/11273061224_db6c225da5_m.jpg	240	174	http://farm6.staticflickr.com/5501/11273061224_db6c225da5.jpg	500	362	http://farm6.staticflickr.com/5501/11273061224_db6c225da5_b.jpg	1024	741	http://farm6.staticflickr.com/5501/11273061224_82bd97b702_o.jpg	1551	1122
02	American News Company	Round the world with General Grant. A narrative of the visit of General U. S. Grant ... to various countries ... in 1877, 1878, 1879. To which are added certain conversations with General Grant on questions connected with American politics and history ... With ... illustrations	YOUNG, John Russell.		New York	004002305		1879	http://www.flickr.com/photos/britishlibrary/11273060734	1	000138	11273060734	http://farm4.staticflickr.com/3786/11273060734_79795cc3d6_m.jpg	178	240	http://farm4.staticflickr.com/3786/11273060734_79795cc3d6.jpg	371	500	http://farm4.staticflickr.com/3786/11273060734_79795cc3d6_b.jpg	759	1024	http://farm4.staticflickr.com/3786/11273060734_6ba4603511_o.jpg	1212	1635
0	Waterlow & Sons	Up the River from Westminster to Windsor and Oxford; a descriptive panorama of Thames Scenery			London	003606029		1879	http://www.flickr.com/photos/britishlibrary/11273034746	1	000151	11273034746	http://farm4.staticflickr.com/3821/11273034746_95b2950eef_m.jpg	161	240	http://farm4.staticflickr.com/3821/11273034746_95b2950eef.jpg	334	500	http://farm4.staticflickr.com/3821/11273034746_95b2950eef_b.jpg	685	1024	http://farm4.staticflickr.com/3821/11273034746_a56966c241_o.jpg	882	1318
0		Viaje á la Patagonia austral emprendido bajo los auspicios del Gobierno Nacional 1876-1877. tom. 1	MORENO, Francisco Josué Pascasio.		Buenos Aires	002546654		1879	http://www.flickr.com/photos/britishlibrary/11272994825	1	000427	11272994825	http://farm6.staticflickr.com/5518/11272994825_541ec22170_m.jpg	152	240	http://farm6.staticflickr.com/5518/11272994825_541ec22170.jpg	316	500	http://farm6.staticflickr.com/5518/11272994825_541ec22170_b.jpg	647	1024	http://farm6.staticflickr.com/5518/11272994825_d66d330b7d_o.jpg	980	1550
0	Waterlow & Sons	Up the River from Westminster to Windsor and Oxford; a descriptive panorama of Thames Scenery			London	003606029		1879	http://www.flickr.com/photos/britishlibrary/11272994495	1	000057	11272994495	http://farm8.staticflickr.com/7373/11272994495_c085527eb7_m.jpg	187	240	http://farm8.staticflickr.com/7373/11272994495_c085527eb7.jpg	389	500	http://farm8.staticflickr.com/7373/11272994495_c085527eb7_b.jpg	797	1024	http://farm8.staticflickr.com/7373/11272994495_a38acc572f_o.jpg	1028	1321
01		A magyar nemzet története. I. kötet írta Bodon J. és Dr. Szalay J. (II.-IV.) kötet, írta Dr. Szalay J.) [With portraits.]	BODON, József and SZALAY (József)		Budapest	000389221		1879	http://www.flickr.com/photos/britishlibrary/11273033556	1	000479	11273033556	http://farm6.staticflickr.com/5503/11273033556_3371cf9927_m.jpg	240	214	http://farm6.staticflickr.com/5503/11273033556_3371cf9927.jpg	500	445	http://farm6.staticflickr.com/5503/11273033556_3371cf9927_b.jpg	1024	912	http://farm6.staticflickr.com/5503/11273033556_a7e4018411_o.jpg	1562	1391
0	Everts & Abbott	History of Hillsdale County, Michigan, with illustrations and biographical sketches of some of its prominent men, etc	Johnson, Crisfield.		Philadelphia	001884500		1879	http://www.flickr.com/photos/britishlibrary/11273058564	1	000236	11273058564	http://farm6.staticflickr.com/5475/11273058564_5d3081a3a7_m.jpg	240	220	http://farm6.staticflickr.com/5475/11273058564_5d3081a3a7.jpg	500	458	http://farm6.staticflickr.com/5475/11273058564_5d3081a3a7_b.jpg	1024	938	http://farm6.staticflickr.com/5475/11273058564_80c26dfa6b_o.jpg	1125	1031
0	O. L. Baskin Co.	The history of Menard and Mason Counties, Illinois, containing a history of the counties [by R. D. Miller and J. M. Ruggles], ... statistics, &c. Illustrated			Chicago	002456488		1879	http://www.flickr.com/photos/britishlibrary/11273057204	1	000283	11273057204	http://farm3.staticflickr.com/2866/11273057204_a0e368cd1f_m.jpg	240	195	http://farm3.staticflickr.com/2866/11273057204_a0e368cd1f.jpg	500	407	http://farm3.staticflickr.com/2866/11273057204_a0e368cd1f_b.jpg	1024	834	http://farm3.staticflickr.com/2866/11273057204_8f4523e4ed_o.jpg	1526	1243
0	Moses King	King's Handbook of Boston. Profusely illustrated. [With a map.]	KING, Moses.		Cambridge, Mass	001968594		1879	http://www.flickr.com/photos/britishlibrary/11273057484	1	000042	11273057484	http://farm8.staticflickr.com/7354/11273057484_86766fa347_m.jpg	154	240	http://farm8.staticflickr.com/7354/11273057484_86766fa347.jpg	322	500	http://farm8.staticflickr.com/7354/11273057484_86766fa347_b.jpg	659	1024	http://farm8.staticflickr.com/7354/11273057484_92a04f4ae0_o.jpg	906	1408
0	Edward Stanford	Life in Asiatic Turkey. A journal of travel in Cilicia-Pedias and Trachœa-Isauria, and parts of Lycaonia and Cappadocia ... Map and illustrations, from original drawings by the author and Mr. Ancketill	DAVIS, Edwin John M.A		London	000878911		1879	http://www.flickr.com/photos/britishlibrary/11272992255	1	000476	11272992255	http://farm4.staticflickr.com/3833/11272992255_40bba32377_m.jpg	240	180	http://farm4.staticflickr.com/3833/11272992255_40bba32377.jpg	500	376	http://farm4.staticflickr.com/3833/11272992255_40bba32377_b.jpg	1024	770	http://farm4.staticflickr.com/3833/11272992255_de3315dfcf_o.jpg	1566	1177
01	Tinsley Brothers	Berlin under the New Empire, its institutions, inhabitants, industry ... With ... engravings, etc	VIZETELLY, Henry.		London	003807524		1879	http://www.flickr.com/photos/britishlibrary/11272990905	1	000283	11272990905	http://farm8.staticflickr.com/7372/11272990905_7f613f444c_m.jpg	141	240	http://farm8.staticflickr.com/7372/11272990905_7f613f444c.jpg	293	500	http://farm8.staticflickr.com/7372/11272990905_7f613f444c_b.jpg	601	1024	http://farm8.staticflickr.com/7372/11272990905_022b98d0f2_o.jpg	823	1402
0		The Illustrated Guide to Sheffield and the surrounding district, etc	TAYLOR, John of Sheffield		Sheffield	003589731		1879	http://www.flickr.com/photos/britishlibrary/11272991165	1	000572	11272991165	http://farm4.staticflickr.com/3703/11272991165_5b4c9b9851_m.jpg	240	187	http://farm4.staticflickr.com/3703/11272991165_5b4c9b9851.jpg	500	390	http://farm4.staticflickr.com/3703/11272991165_5b4c9b9851_b.jpg	1024	798	http://farm4.staticflickr.com/3703/11272991165_b27ae88b87_o.jpg	1435	1118
0	John Murray	[The Student's Manual of Modern Geography. Mathematical, physical, and descriptive.]	BEVAN, William Latham.	lsidyv3ca2f2a9	London	000307737	ark:/81055/vdc_00000005C7F6	1879	http://www.flickr.com/photos/britishlibrary/11272990365	1	000069	11272990365	http://farm4.staticflickr.com/3687/11272990365_b32c839c3d_m.jpg	176	240	http://farm4.staticflickr.com/3687/11272990365_b32c839c3d.jpg	368	500	http://farm4.staticflickr.com/3687/11272990365_b32c839c3d_b.jpg	753	1024	http://farm4.staticflickr.com/3687/11272990365_b0bf47b75e_o.jpg	901	1225
0	Cassell, Petter, Galpin & Co.	Morocco: its people and places ... Translated by C. Rollin-Tilton. With ... illustrations	AMICIS, Edmondo de.	lsidyv3c6b00d2	London	000070870	ark:/81055/vdc_00000005AC0C	1879	http://www.flickr.com/photos/britishlibrary/11272989375	1	000074	11272989375	http://farm6.staticflickr.com/5532/11272989375_fb92e1bf75_m.jpg	116	240	http://farm6.staticflickr.com/5532/11272989375_fb92e1bf75.jpg	241	500	http://farm6.staticflickr.com/5532/11272989375_fb92e1bf75_b.jpg	493	1024	http://farm6.staticflickr.com/5532/11272989375_ca5534ff7c_o.jpg	943	1957
0	Everts & Ensign	History of Toga, Chemung, Tompkins, and Schuyler Counties, New York. With illustrations and biographical sketches of some of its prominent men and pioneers	PEIRCE, Henry B. and HURD (Duane Hamilton)		Philadelphia	002810116		1879	http://www.flickr.com/photos/britishlibrary/11272989825	2	000440	11272989825	http://farm4.staticflickr.com/3799/11272989825_a5c6a54118_m.jpg	240	174	http://farm4.staticflickr.com/3799/11272989825_a5c6a54118.jpg	500	363	http://farm4.staticflickr.com/3799/11272989825_a5c6a54118_b.jpg	1024	743	http://farm4.staticflickr.com/3799/11272989825_e876a7ab58_o.jpg	1243	902
0	Moses King	King's Handbook of Boston. Profusely illustrated. [With a map.]	KING, Moses.		Cambridge, Mass	001968594		1879	http://www.flickr.com/photos/britishlibrary/11273054214	1	000231	11273054214	http://farm4.staticflickr.com/3826/11273054214_e698f2ec39_m.jpg	240	152	http://farm4.staticflickr.com/3826/11273054214_e698f2ec39.jpg	500	316	http://farm4.staticflickr.com/3826/11273054214_e698f2ec39_b.jpg	1024	648	http://farm4.staticflickr.com/3826/11273054214_20d2a68878_o.jpg	1291	817
0		Les Vieilles Villes de Suisse. Notes et souvenirs. Ouvrage illustré de 105 dessins à la plume par A. Robida reproduits en fac-simile	ROBIDA, Albert.		Paris	003121715		1879	http://www.flickr.com/photos/britishlibrary/11273100963	1	000071	11273100963	http://farm6.staticflickr.com/5487/11273100963_7a884cdc85_m.jpg	240	160	http://farm6.staticflickr.com/5487/11273100963_7a884cdc85.jpg	500	333	http://farm6.staticflickr.com/5487/11273100963_7a884cdc85_b.jpg	1024	683	http://farm6.staticflickr.com/5487/11273100963_b68bb25a2b_o.jpg	1406	938
01	L. H. Everts	History of the Connecticut Valley in Massachusetts (by N. B. Sylvester), with illustrations and biographical sketches of some of its prominent men and pioneers [by other authors]	SYLVESTER, Nathaniel Bartlett.		Philadelphia	003562080		1879	http://www.flickr.com/photos/britishlibrary/11273027086	1	000172	11273027086	http://farm4.staticflickr.com/3829/11273027086_4dd13826c2_m.jpg	240	211	http://farm4.staticflickr.com/3829/11273027086_4dd13826c2.jpg	500	439	http://farm4.staticflickr.com/3829/11273027086_4dd13826c2_b.jpg	1024	899	http://farm4.staticflickr.com/3829/11273027086_f523aa396e_o.jpg	1450	1273
0	O. L. Baskin Co.	The history of Menard and Mason Counties, Illinois, containing a history of the counties [by R. D. Miller and J. M. Ruggles], ... statistics, &c. Illustrated			Chicago	002456488		1879	http://www.flickr.com/photos/britishlibrary/11273100693	1	000081	11273100693	http://farm4.staticflickr.com/3680/11273100693_f678b41d26_m.jpg	170	240	http://farm4.staticflickr.com/3680/11273100693_f678b41d26.jpg	355	500	http://farm4.staticflickr.com/3680/11273100693_f678b41d26_b.jpg	727	1024	http://farm4.staticflickr.com/3680/11273100693_9a80f4be12_o.jpg	1121	1579
0	N. D. Thompson & Co.	A Pictorial History of Texas, from the earliest visits of European adventurers to A.D. 1879 ... Third edition, ... revised	THRALL, Homer S.		St. Louis, Mo	003632148		1879	http://www.flickr.com/photos/britishlibrary/11272986765	1	000191	11272986765	http://farm8.staticflickr.com/7387/11272986765_23b3ccc244_m.jpg	240	223	http://farm8.staticflickr.com/7387/11272986765_23b3ccc244.jpg	500	465	http://farm8.staticflickr.com/7387/11272986765_23b3ccc244_b.jpg	1024	953	http://farm8.staticflickr.com/7387/11272986765_0dc9deec1d_o.jpg	1371	1276
0	Everts & Ensign	History of Toga, Chemung, Tompkins, and Schuyler Counties, New York. With illustrations and biographical sketches of some of its prominent men and pioneers	PEIRCE, Henry B. and HURD (Duane Hamilton)		Philadelphia	002810116		1879	http://www.flickr.com/photos/britishlibrary/11273098723	1	000157	11273098723	http://farm4.staticflickr.com/3803/11273098723_4711af1c2d_m.jpg	240	181	http://farm4.staticflickr.com/3803/11273098723_4711af1c2d.jpg	500	377	http://farm4.staticflickr.com/3803/11273098723_4711af1c2d_b.jpg	1024	772	http://farm4.staticflickr.com/3803/11273098723_91297dc2a4_o.jpg	1453	1095
01	American News Company	Round the world with General Grant. A narrative of the visit of General U. S. Grant ... to various countries ... in 1877, 1878, 1879. To which are added certain conversations with General Grant on questions connected with American politics and history ... With ... illustrations	YOUNG, John Russell.		New York	004002305		1879	http://www.flickr.com/photos/britishlibrary/11273098903	1	000401	11273098903	http://farm4.staticflickr.com/3792/11273098903_43aea9e978_m.jpg	240	173	http://farm4.staticflickr.com/3792/11273098903_43aea9e978.jpg	500	359	http://farm4.staticflickr.com/3792/11273098903_43aea9e978_b.jpg	1024	736	http://farm4.staticflickr.com/3792/11273098903_3003048a6a_o.jpg	1378	990
0	Moses King	King's Handbook of Boston. Profusely illustrated. [With a map.]	KING, Moses.		Cambridge, Mass	001968594		1879	http://www.flickr.com/photos/britishlibrary/11273050374	1	000026	11273050374	http://farm4.staticflickr.com/3688/11273050374_54a326bc22_m.jpg	176	240	http://farm4.staticflickr.com/3688/11273050374_54a326bc22.jpg	367	500	http://farm4.staticflickr.com/3688/11273050374_54a326bc22_b.jpg	751	1024	http://farm4.staticflickr.com/3688/11273050374_5a692f3463_o.jpg	1032	1408
0		Saint-Pierre de Rome. Ouvrage illustré, etc	LORBAC, Charles de.		Rome	002259706		1879	http://www.flickr.com/photos/britishlibrary/11272984885	1	000031	11272984885	http://farm8.staticflickr.com/7316/11272984885_2e39e57ea9_m.jpg	240	210	http://farm8.staticflickr.com/7316/11272984885_2e39e57ea9.jpg	500	438	http://farm8.staticflickr.com/7316/11272984885_2e39e57ea9_b.jpg	1024	898	http://farm8.staticflickr.com/7316/11272984885_c47281b107_o.jpg	1186	1040
02	John Wiley & Sons	The Middle Kingdom; a survey of the geography, government, education, social life, arts, religion, &c. of the Chinese Empire and its inhabitants. With a new map of the Empire	WILLIAMS, Samuel Wells.		New York	003936389		1879	http://www.flickr.com/photos/britishlibrary/11273024016	1	000050	11273024016	http://farm8.staticflickr.com/7454/11273024016_0246a9eb2b_m.jpg	167	240	http://farm8.staticflickr.com/7454/11273024016_0246a9eb2b.jpg	348	500	http://farm8.staticflickr.com/7454/11273024016_0246a9eb2b_b.jpg	712	1024	http://farm8.staticflickr.com/7454/11273024016_66da1d0b48_o.jpg	882	1268
0		Saint-Pierre de Rome. Ouvrage illustré, etc	LORBAC, Charles de.		Rome	002259706		1879	http://www.flickr.com/photos/britishlibrary/11273048294	1	000125	11273048294	http://farm3.staticflickr.com/2865/11273048294_cdfc338c33_m.jpg	144	240	http://farm3.staticflickr.com/2865/11273048294_cdfc338c33.jpg	299	500	http://farm3.staticflickr.com/2865/11273048294_cdfc338c33_b.jpg	613	1024	http://farm3.staticflickr.com/2865/11273048294_188f645877_o.jpg	892	1491
03		Old and New London, etc	Thornbury, Walter	lsidyv3c47ab1a	London	003628788	ark:/81055/vdc_000000059328	1879	http://www.flickr.com/photos/britishlibrary/11273022896	1	000035	11273022896	http://farm6.staticflickr.com/5499/11273022896_983f4c1b20_m.jpg	240	164	http://farm6.staticflickr.com/5499/11273022896_983f4c1b20.jpg	500	341	http://farm6.staticflickr.com/5499/11273022896_983f4c1b20_b.jpg	1024	698	http://farm6.staticflickr.com/5499/11273022896_55401a6905_o.jpg	1566	1067
0	The Mission Press	The manners and customs of the Chinese of the Straits Settlements	VAUGHAN, Jonas Daniel.	lsidyv3c6920e3	Singapore	003763775	ark:/81055/vdc_00000005AABC	1879	http://www.flickr.com/photos/britishlibrary/11273095443	2	000092	11273095443	http://farm3.staticflickr.com/2867/11273095443_ecbd1c7fd8_m.jpg	181	240	http://farm3.staticflickr.com/2867/11273095443_ecbd1c7fd8.jpg	376	500	http://farm3.staticflickr.com/2867/11273095443_ecbd1c7fd8_b.jpg	771	1024	http://farm3.staticflickr.com/2867/11273095443_a9fcc1eff3_o.jpg	1110	1475
0		A journey round the World in the years 1875-1877	GRAY, John Henry Archdeacon of Hong Kong	lsidyv3c8f1782	London	001493737	ark:/81055/vdc_00000005BBD8	1879	http://www.flickr.com/photos/britishlibrary/11273046584	1	000041	11273046584	http://farm3.staticflickr.com/2876/11273046584_9621c6431f_m.jpg	188	240	http://farm3.staticflickr.com/2876/11273046584_9621c6431f.jpg	391	500	http://farm3.staticflickr.com/2876/11273046584_9621c6431f_b.jpg	801	1024	http://farm3.staticflickr.com/2876/11273046584_2d115206e3_o.jpg	1012	1293
0	J. A. & R. A. Reid	The Past and the Present. Narragansett sea and shore. An illustrated guide to Providence, Newport, Narragansett Pier, Block Island, Watch Hill, Rocky Point, Silver Spring, and all the famous sea-side resorts of Rhode Island, with a map of Narragansett Bay	DENISON, Frederic.		Providence	000908069		1879	http://www.flickr.com/photos/britishlibrary/11273094773	1	000041	11273094773	http://farm4.staticflickr.com/3799/11273094773_d20107116e_m.jpg	240	184	http://farm4.staticflickr.com/3799/11273094773_d20107116e.jpg	500	384	http://farm4.staticflickr.com/3799/11273094773_d20107116e_b.jpg	1024	787	http://farm4.staticflickr.com/3799/11273094773_d8815d4cfb_o.jpg	1478	1136
01	L. H. Everts	History of the Connecticut Valley in Massachusetts (by N. B. Sylvester), with illustrations and biographical sketches of some of its prominent men and pioneers [by other authors]	SYLVESTER, Nathaniel Bartlett.		Philadelphia	003562080		1879	http://www.flickr.com/photos/britishlibrary/11273045914	1	000652	11273045914	http://farm6.staticflickr.com/5501/11273045914_0ac7c6c812_m.jpg	240	211	http://farm6.staticflickr.com/5501/11273045914_0ac7c6c812.jpg	500	439	http://farm6.staticflickr.com/5501/11273045914_0ac7c6c812_b.jpg	1024	899	http://farm6.staticflickr.com/5501/11273045914_613b41d61b_o.jpg	1415	1242
0		Очерки Русской Исторіи въ памятникахъ быта. pt. 1, 2	POLEVOI, Petr Nikolaevich.		С.-Петербургъ	002948284		1879	http://www.flickr.com/photos/britishlibrary/11273045104	1	000069	11273045104	http://farm8.staticflickr.com/7327/11273045104_9f714479ed_m.jpg	240	81	http://farm8.staticflickr.com/7327/11273045104_9f714479ed.jpg	500	168	http://farm8.staticflickr.com/7327/11273045104_9f714479ed_b.jpg	1024	344	http://farm8.staticflickr.com/7327/11273045104_eda7262918_o.jpg	2061	692
01	Tinsley Brothers	Berlin under the New Empire, its institutions, inhabitants, industry ... With ... engravings, etc	VIZETELLY, Henry.		London	003807524		1879	http://www.flickr.com/photos/britishlibrary/11273092863	1	000363	11273092863	http://farm4.staticflickr.com/3717/11273092863_7e88aedb6a_m.jpg	240	197	http://farm4.staticflickr.com/3717/11273092863_7e88aedb6a.jpg	500	411	http://farm4.staticflickr.com/3717/11273092863_7e88aedb6a_b.jpg	1024	842	http://farm4.staticflickr.com/3717/11273092863_d765d70c4b_o.jpg	1526	1255
0		The Illustrated Guide to Sheffield and the surrounding district, etc	TAYLOR, John of Sheffield		Sheffield	003589731		1879	http://www.flickr.com/photos/britishlibrary/11273020256	1	000027	11273020256	http://farm6.staticflickr.com/5523/11273020256_213766233b_m.jpg	128	240	http://farm6.staticflickr.com/5523/11273020256_213766233b.jpg	266	500	http://farm6.staticflickr.com/5523/11273020256_213766233b_b.jpg	544	1024	http://farm6.staticflickr.com/5523/11273020256_48228fb575_o.jpg	752	1415
0	Everts & Ensign	History of Toga, Chemung, Tompkins, and Schuyler Counties, New York. With illustrations and biographical sketches of some of its prominent men and pioneers	PEIRCE, Henry B. and HURD (Duane Hamilton)		Philadelphia	002810116		1879	http://www.flickr.com/photos/britishlibrary/11273043684	2	000447	11273043684	http://farm3.staticflickr.com/2843/11273043684_2fb5b3bdc1_m.jpg	240	192	http://farm3.staticflickr.com/2843/11273043684_2fb5b3bdc1.jpg	500	400	http://farm3.staticflickr.com/2843/11273043684_2fb5b3bdc1_b.jpg	1024	819	http://farm3.staticflickr.com/2843/11273043684_a53c5668a6_o.jpg	1248	998
0		La Grecia moderna. Ricordi ... Con 31 incisioni	PENNAZZI, Luigi Count		Milano	002815965		1879	http://www.flickr.com/photos/britishlibrary/11273018366	1	000186	11273018366	http://farm8.staticflickr.com/7399/11273018366_6412db5509_m.jpg	240	159	http://farm8.staticflickr.com/7399/11273018366_6412db5509.jpg	500	331	http://farm8.staticflickr.com/7399/11273018366_6412db5509_b.jpg	1024	678	http://farm8.staticflickr.com/7399/11273018366_57618b9b15_o.jpg	1782	1180
01	Tinsley Brothers	Berlin under the New Empire, its institutions, inhabitants, industry ... With ... engravings, etc	VIZETELLY, Henry.		London	003807524		1879	http://www.flickr.com/photos/britishlibrary/11273091133	1	000386	11273091133	http://farm3.staticflickr.com/2865/11273091133_ca32b5516e_m.jpg	148	240	http://farm3.staticflickr.com/2865/11273091133_ca32b5516e.jpg	309	500	http://farm3.staticflickr.com/2865/11273091133_ca32b5516e_b.jpg	632	1024	http://farm3.staticflickr.com/2865/11273091133_053821927b_o.jpg	868	1406
0	Marcus Ward & Co.	Our Native Land, its scenery and associations. A series of 36 water-colour sketches after Rowbotham, Read, Needham, and other eminent artists. With descriptive notes. [The author of the text identified on the wrapper of pt. 1 as “the author of By Loch and by Land”, i.e. Jean L. Watson.]	WATSON, Jean L.		London	001140593		1879	http://www.flickr.com/photos/britishlibrary/11272977535	1	000217	11272977535	http://farm6.staticflickr.com/5494/11272977535_e9686d129c_m.jpg	82	240	http://farm6.staticflickr.com/5494/11272977535_e9686d129c.jpg	171	500	http://farm6.staticflickr.com/5494/11272977535_e9686d129c_b.jpg	351	1024	http://farm6.staticflickr.com/5494/11272977535_66965b9345_o.jpg	702	2048
0	Religious Tract Society	English Pictures drawn with pen and pencil	MANNING, Samuel LL.D. and GREEN (Samuel Gosnell)	lsidyv3c492c1d	London	002369135	ark:/81055/vdc_000000059460	1879	http://www.flickr.com/photos/britishlibrary/11272976525	1	000162	11272976525	http://farm6.staticflickr.com/5476/11272976525_16d4d66d0b_m.jpg	161	240	http://farm6.staticflickr.com/5476/11272976525_16d4d66d0b.jpg	335	500	http://farm6.staticflickr.com/5476/11272976525_16d4d66d0b_b.jpg	686	1024	http://farm6.staticflickr.com/5476/11272976525_998f605edd_o.jpg	1102	1645
0		[Brazil and the Brazilians ... in historical and descriptive sketches ... Engravings.]	KIDDER, Daniel Parish and FLETCHER (James C.)		London	001961854		1879	http://www.flickr.com/photos/britishlibrary/11273015956	1	000472	11273015956	http://farm6.staticflickr.com/5533/11273015956_1efbce7a0f_m.jpg	240	159	http://farm6.staticflickr.com/5533/11273015956_1efbce7a0f.jpg	500	331	http://farm6.staticflickr.com/5533/11273015956_1efbce7a0f_b.jpg	1024	677	http://farm6.staticflickr.com/5533/11273015956_68e4fcc5c9_o.jpg	1298	858
0	Lee & Shepard	A summer jaunt through the old world: a record of an excursion made to and through Europe by the Tourgée educational party of 1878	HOLDEN, Luther L.	lsidyv3c9a5a21	Boston [Mass.]	001711043	ark:/81055/vdc_00000005C31C	1879	http://www.flickr.com/photos/britishlibrary/11273016026	1	000474	11273016026	http://farm8.staticflickr.com/7361/11273016026_629c779f02_m.jpg	240	173	http://farm8.staticflickr.com/7361/11273016026_629c779f02.jpg	500	360	http://farm8.staticflickr.com/7361/11273016026_629c779f02_b.jpg	1024	737	http://farm8.staticflickr.com/7361/11273016026_d5524a7cc7_o.jpg	1431	1030
02	American News Company	Round the world with General Grant. A narrative of the visit of General U. S. Grant ... to various countries ... in 1877, 1878, 1879. To which are added certain conversations with General Grant on questions connected with American politics and history ... With ... illustrations	YOUNG, John Russell.		New York	004002305		1879	http://www.flickr.com/photos/britishlibrary/11273088373	1	000416	11273088373	http://farm4.staticflickr.com/3730/11273088373_ec82a4fa62_m.jpg	159	240	http://farm4.staticflickr.com/3730/11273088373_ec82a4fa62.jpg	331	500	http://farm4.staticflickr.com/3730/11273088373_ec82a4fa62_b.jpg	677	1024	http://farm4.staticflickr.com/3730/11273088373_79df1160a4_o.jpg	1078	1631
01	American News Company	Round the world with General Grant. A narrative of the visit of General U. S. Grant ... to various countries ... in 1877, 1878, 1879. To which are added certain conversations with General Grant on questions connected with American politics and history ... With ... illustrations	YOUNG, John Russell.		New York	004002305		1879	http://www.flickr.com/photos/britishlibrary/11272974325	1	000545	11272974325	http://farm4.staticflickr.com/3747/11272974325_143322ef12_m.jpg	240	180	http://farm4.staticflickr.com/3747/11272974325_143322ef12.jpg	500	374	http://farm4.staticflickr.com/3747/11272974325_143322ef12_b.jpg	1024	766	http://farm4.staticflickr.com/3747/11272974325_5f777329fa_o.jpg	1290	965
01	American News Company	Round the world with General Grant. A narrative of the visit of General U. S. Grant ... to various countries ... in 1877, 1878, 1879. To which are added certain conversations with General Grant on questions connected with American politics and history ... With ... illustrations	YOUNG, John Russell.		New York	004002305		1879	http://www.flickr.com/photos/britishlibrary/11273038514	1	000397	11273038514	http://farm3.staticflickr.com/2850/11273038514_7e6a7a7060_m.jpg	240	203	http://farm3.staticflickr.com/2850/11273038514_7e6a7a7060.jpg	500	423	http://farm3.staticflickr.com/2850/11273038514_7e6a7a7060_b.jpg	1024	867	http://farm3.staticflickr.com/2850/11273038514_33f7309122_o.jpg	1157	980
01	American News Company	Round the world with General Grant. A narrative of the visit of General U. S. Grant ... to various countries ... in 1877, 1878, 1879. To which are added certain conversations with General Grant on questions connected with American politics and history ... With ... illustrations	YOUNG, John Russell.		New York	004002305		1879	http://www.flickr.com/photos/britishlibrary/11273038034	1	000343	11273038034	http://farm8.staticflickr.com/7332/11273038034_7e568e12db_m.jpg	240	123	http://farm8.staticflickr.com/7332/11273038034_7e568e12db.jpg	500	255	http://farm8.staticflickr.com/7332/11273038034_7e568e12db_b.jpg	1024	523	http://farm8.staticflickr.com/7332/11273038034_232049cbab_o.jpg	1810	925
0	John Murray	A Lady's Life in the Rocky Mountains ... With illustrations	BIRD, afterwards BISHOP, Isabella Lucy.		London	000356186		1879	http://www.flickr.com/photos/britishlibrary/11273012976	1	000130	11273012976	http://farm8.staticflickr.com/7295/11273012976_a0bbe9f05c_m.jpg	240	225	http://farm8.staticflickr.com/7295/11273012976_a0bbe9f05c.jpg	500	469	http://farm8.staticflickr.com/7295/11273012976_a0bbe9f05c_b.jpg	1024	960	http://farm8.staticflickr.com/7295/11273012976_a0dd5be3e8_o.jpg	1225	1148
01	American News Company	Round the world with General Grant. A narrative of the visit of General U. S. Grant ... to various countries ... in 1877, 1878, 1879. To which are added certain conversations with General Grant on questions connected with American politics and history ... With ... illustrations	YOUNG, John Russell.		New York	004002305		1879	http://www.flickr.com/photos/britishlibrary/11273011866	1	000184	11273011866	http://farm3.staticflickr.com/2827/11273011866_2d7ca1d081_m.jpg	160	240	http://farm3.staticflickr.com/2827/11273011866_2d7ca1d081.jpg	334	500	http://farm3.staticflickr.com/2827/11273011866_2d7ca1d081_b.jpg	684	1024	http://farm3.staticflickr.com/2827/11273011866_62b3cf9550_o.jpg	1113	1667
0	N. D. Thompson & Co.	A Pictorial History of Texas, from the earliest visits of European adventurers to A.D. 1879 ... Third edition, ... revised	THRALL, Homer S.		St. Louis, Mo	003632148		1879	http://www.flickr.com/photos/britishlibrary/11273084763	1	000179	11273084763	http://farm6.staticflickr.com/5523/11273084763_1520f86309_m.jpg	240	202	http://farm6.staticflickr.com/5523/11273084763_1520f86309.jpg	500	421	http://farm6.staticflickr.com/5523/11273084763_1520f86309_b.jpg	1024	863	http://farm6.staticflickr.com/5523/11273084763_c0ab5db9be_o.jpg	1347	1135
01	American News Company	Round the world with General Grant. A narrative of the visit of General U. S. Grant ... to various countries ... in 1877, 1878, 1879. To which are added certain conversations with General Grant on questions connected with American politics and history ... With ... illustrations	YOUNG, John Russell.		New York	004002305		1879	http://www.flickr.com/photos/britishlibrary/11273036174	1	000674	11273036174	http://farm3.staticflickr.com/2819/11273036174_f1b531ac5c_m.jpg	169	240	http://farm3.staticflickr.com/2819/11273036174_f1b531ac5c.jpg	352	500	http://farm3.staticflickr.com/2819/11273036174_f1b531ac5c_b.jpg	720	1024	http://farm3.staticflickr.com/2819/11273036174_639eda119e_o.jpg	1203	1710
02	Tinsley Brothers	Berlin under the New Empire, its institutions, inhabitants, industry ... With ... engravings, etc	VIZETELLY, Henry.		London	003807524		1879	http://www.flickr.com/photos/britishlibrary/11273083523	1	000300	11273083523	http://farm4.staticflickr.com/3785/11273083523_5df3760e4a_m.jpg	240	188	http://farm4.staticflickr.com/3785/11273083523_5df3760e4a.jpg	500	393	http://farm4.staticflickr.com/3785/11273083523_5df3760e4a_b.jpg	1024	804	http://farm4.staticflickr.com/3785/11273083523_1ca7d202fc_o.jpg	1210	950
0		Mœurs et caractères des peuples, Asie-Amérique-Océanie. Morceaux extraits de divers auteurs. [With illustrations.]	CORTAMBERT, Richard.		Paris	000791358		1879	http://www.flickr.com/photos/britishlibrary/11272970525	1	000119	11272970525	http://farm3.staticflickr.com/2854/11272970525_0f43376cf9_m.jpg	128	240	http://farm3.staticflickr.com/2854/11272970525_0f43376cf9.jpg	268	500	http://farm3.staticflickr.com/2854/11272970525_0f43376cf9_b.jpg	548	1024	http://farm3.staticflickr.com/2854/11272970525_632af07c06_o.jpg	777	1453
0	Western Historical Company	The history of Henry County, Iowa. ... Illustrated			Chicago	001653329		1879	http://www.flickr.com/photos/britishlibrary/11273083163	1	000413	11273083163	http://farm4.staticflickr.com/3671/11273083163_4bc644f50a_m.jpg	240	187	http://farm4.staticflickr.com/3671/11273083163_4bc644f50a.jpg	500	389	http://farm4.staticflickr.com/3671/11273083163_4bc644f50a_b.jpg	1024	796	http://farm4.staticflickr.com/3671/11273083163_0948ed91b3_o.jpg	1631	1268
0	Lee & Shepard	A summer jaunt through the old world: a record of an excursion made to and through Europe by the Tourgée educational party of 1878	HOLDEN, Luther L.	lsidyv3c9a5a21	Boston [Mass.]	001711043	ark:/81055/vdc_00000005C31C	1879	http://www.flickr.com/photos/britishlibrary/11273008086	1	000403	11273008086	http://farm8.staticflickr.com/7335/11273008086_9ca64b0230_m.jpg	240	139	http://farm8.staticflickr.com/7335/11273008086_9ca64b0230.jpg	500	289	http://farm8.staticflickr.com/7335/11273008086_9ca64b0230_b.jpg	1024	591	http://farm8.staticflickr.com/7335/11273008086_b79beef62a_o.jpg	1743	1006
0		Viaje á la Patagonia austral emprendido bajo los auspicios del Gobierno Nacional 1876-1877. tom. 1	MORENO, Francisco Josué Pascasio.		Buenos Aires	002546654		1879	http://www.flickr.com/photos/britishlibrary/11273008786	1	000322	11273008786	http://farm3.staticflickr.com/2837/11273008786_bfed877910_m.jpg	159	240	http://farm3.staticflickr.com/2837/11273008786_bfed877910.jpg	331	500	http://farm3.staticflickr.com/2837/11273008786_bfed877910_b.jpg	678	1024	http://farm3.staticflickr.com/2837/11273008786_13054401e7_o.jpg	1030	1555
01		Narrative of a journey through the province of Khorassan and on the N.W. frontier of Afghanistan in 1875 ... With illustrations	MacGregor, Charles Metcalfe Sir	lsidyv3c71d1bc	London	002315775	ark:/81055/vdc_00000005B032	1879	http://www.flickr.com/photos/britishlibrary/11272969285	1	000175	11272969285	http://farm3.staticflickr.com/2809/11272969285_0a3a690057_m.jpg	210	240	http://farm3.staticflickr.com/2809/11272969285_0a3a690057.jpg	438	500	http://farm3.staticflickr.com/2809/11272969285_0a3a690057_b.jpg	898	1024	http://farm3.staticflickr.com/2809/11272969285_c80ee2412c_o.jpg	1127	1285
0	The Mission Press	The manners and customs of the Chinese of the Straits Settlements	VAUGHAN, Jonas Daniel.	lsidyv3c6920e3	Singapore	003763775	ark:/81055/vdc_00000005AABC	1879	http://www.flickr.com/photos/britishlibrary/11273032464	1	000087	11273032464	http://farm6.staticflickr.com/5490/11273032464_4e24c2016c_m.jpg	184	240	http://farm6.staticflickr.com/5490/11273032464_4e24c2016c.jpg	382	500	http://farm6.staticflickr.com/5490/11273032464_4e24c2016c_b.jpg	783	1024	http://farm6.staticflickr.com/5490/11273032464_da15e999bf_o.jpg	1102	1441
0		Monuments religieux, civils et militaires du Gatinais, ... depuis le XIe jusqu'au XVIIe siècle. ... Ouvrage accompagné de planches, etc	MICHEL, Edmond.		Lyon	002482448		1879	http://www.flickr.com/photos/britishlibrary/11273007076	4	000427	11273007076	http://farm3.staticflickr.com/2843/11273007076_41c8c16589_m.jpg	240	202	http://farm3.staticflickr.com/2843/11273007076_41c8c16589.jpg	500	420	http://farm3.staticflickr.com/2843/11273007076_41c8c16589_b.jpg	1024	861	http://farm3.staticflickr.com/2843/11273007076_c6a3f8309d_o.jpg	1306	1098
0		The Black Forest, its people and legends. [With maps and illustrations.]	SÉGUIN, afterwards STRAHAN, Lisbeth Gooch.	lsidyv3bbdd558	London, Edinburgh	003328570	ark:/81055/vdc_000000053B26	1879	http://www.flickr.com/photos/britishlibrary/11273006426	1	000175	11273006426	http://farm6.staticflickr.com/5494/11273006426_3ebf921c40_m.jpg	240	175	http://farm6.staticflickr.com/5494/11273006426_3ebf921c40.jpg	500	365	http://farm6.staticflickr.com/5494/11273006426_3ebf921c40_b.jpg	1024	748	http://farm6.staticflickr.com/5494/11273006426_a6acf89c60_o.jpg	1576	1151
02	American News Company	Round the world with General Grant. A narrative of the visit of General U. S. Grant ... to various countries ... in 1877, 1878, 1879. To which are added certain conversations with General Grant on questions connected with American politics and history ... With ... illustrations	YOUNG, John Russell.		New York	004002305		1879	http://www.flickr.com/photos/britishlibrary/11273030824	1	000648	11273030824	http://farm6.staticflickr.com/5510/11273030824_c6a681dbb1_m.jpg	240	174	http://farm6.staticflickr.com/5510/11273030824_c6a681dbb1.jpg	500	362	http://farm6.staticflickr.com/5510/11273030824_c6a681dbb1_b.jpg	1024	742	http://farm6.staticflickr.com/5510/11273030824_14c81fe733_o.jpg	1505	1090
02	D. Appleton & Co.	[Appleton's European Guide Book illustrated. Including England, Scotland, and Ireland, France, Belgium, Holland, Northern and Southern Germany, Switzerland, Italy, Spain and Portugal, Russia, Denmark, Norway, and Sweden. Containing ... maps, etc.]	APPLETON, Daniel AND CO	lsidyv3cbe7355	New York; Longmans & Co	000100280	ark:/81055/vdc_00000005D9DE	1879	http://www.flickr.com/photos/britishlibrary/11272965015	1	000628	11272965015	http://farm4.staticflickr.com/3725/11272965015_99b3d7192d_m.jpg	240	233	http://farm4.staticflickr.com/3725/11272965015_99b3d7192d.jpg	500	486	http://farm4.staticflickr.com/3725/11272965015_99b3d7192d_b.jpg	1024	996	http://farm4.staticflickr.com/3725/11272965015_b3a3646a58_o.jpg	1320	1284
0		Viaje al pais de los Tehuelches, pt. I. Exploraciones en la Patagonia austral. [With map.]	LISTA, Ramon.		Buenos Aires	002182842		1879	http://www.flickr.com/photos/britishlibrary/11272964675	1	000077	11272964675	http://farm4.staticflickr.com/3817/11272964675_3809df9e21_m.jpg	147	240	http://farm4.staticflickr.com/3817/11272964675_3809df9e21.jpg	306	500	http://farm4.staticflickr.com/3817/11272964675_3809df9e21_b.jpg	627	1024	http://farm4.staticflickr.com/3817/11272964675_7da9611565_o.jpg	912	1490
0		The Wild Man at Home: or, pictures of life in savage lands ... With woodcuts ... and coloured illustrations	GREENWOOD, James Novelist	lsidyv2af6fa2f	London, Edinburgh	001503444	ark:/81055/vdc_0000000519A2	1879	http://www.flickr.com/photos/britishlibrary/11273077473	1	000148	11273077473	http://farm4.staticflickr.com/3699/11273077473_2c059723c8_m.jpg	240	208	http://farm4.staticflickr.com/3699/11273077473_2c059723c8.jpg	500	433	http://farm4.staticflickr.com/3699/11273077473_2c059723c8_b.jpg	1024	886	http://farm4.staticflickr.com/3699/11273077473_2474d77f3f_o.jpg	1326	1147
0	John Murray	[The Student's Manual of Modern Geography. Mathematical, physical, and descriptive.]	BEVAN, William Latham.	lsidyv3ca2f2a9	London	000307737	ark:/81055/vdc_00000005C7F6	1879	http://www.flickr.com/photos/britishlibrary/11273003296	1	000348	11273003296	http://farm4.staticflickr.com/3700/11273003296_7894eddec6_m.jpg	240	202	http://farm4.staticflickr.com/3700/11273003296_7894eddec6.jpg	500	420	http://farm4.staticflickr.com/3700/11273003296_7894eddec6_b.jpg	1024	860	http://farm4.staticflickr.com/3700/11273003296_10d6323592_o.jpg	1126	946
0	W. H. Luke	Illustrated Handbook to Plymouth, Stonehouse & Devonport, with a new map ... New and enlarged edition	WRIGHT, William Henry Kearley.		Plymouth	003985100		1879	http://www.flickr.com/photos/britishlibrary/11273075833	1	000068	11273075833	http://farm6.staticflickr.com/5539/11273075833_595b0d8dcc_m.jpg	174	240	http://farm6.staticflickr.com/5539/11273075833_595b0d8dcc.jpg	363	500	http://farm6.staticflickr.com/5539/11273075833_595b0d8dcc_b.jpg	744	1024	http://farm6.staticflickr.com/5539/11273075833_963e768be5_o.jpg	921	1267
0		Trois Voyages dans l'Afrique Occidentale ... Ouvrage contenant 24 gravures et une carte	MARCHE, Alfred.		Paris	002377164		1879	http://www.flickr.com/photos/britishlibrary/11272963385	1	000391	11272963385	http://farm4.staticflickr.com/3802/11272963385_ee8e5a9041_m.jpg	240	141	http://farm4.staticflickr.com/3802/11272963385_ee8e5a9041.jpg	500	294	http://farm4.staticflickr.com/3802/11272963385_ee8e5a9041_b.jpg	1024	602	http://farm4.staticflickr.com/3802/11272963385_0aa729e34b_o.jpg	1763	1037
0	A. Williams & Co.	History of the town of Hollis, New Hampshire, from its first settlement to ... 1879. ... Illustrated, etc	WORCESTER, Samuel T.		Boston [Mass.]	003975907		1879	http://www.flickr.com/photos/britishlibrary/11273001596	1	000231	11273001596	http://farm8.staticflickr.com/7355/11273001596_06eff3a727_m.jpg	192	240	http://farm8.staticflickr.com/7355/11273001596_06eff3a727.jpg	400	500	http://farm8.staticflickr.com/7355/11273001596_06eff3a727_b.jpg	820	1024	http://farm8.staticflickr.com/7355/11273001596_e2bed23b35_o.jpg	1178	1471
01	American News Company	Round the world with General Grant. A narrative of the visit of General U. S. Grant ... to various countries ... in 1877, 1878, 1879. To which are added certain conversations with General Grant on questions connected with American politics and history ... With ... illustrations	YOUNG, John Russell.		New York	004002305		1879	http://www.flickr.com/photos/britishlibrary/11273026394	1	000115	11273026394	http://farm4.staticflickr.com/3725/11273026394_33d6773838_m.jpg	154	240	http://farm4.staticflickr.com/3725/11273026394_33d6773838.jpg	321	500	http://farm4.staticflickr.com/3725/11273026394_33d6773838_b.jpg	657	1024	http://farm4.staticflickr.com/3725/11273026394_cc36f22453_o.jpg	1097	1711
0		The Illustrated Guide to Sheffield and the surrounding district, etc	TAYLOR, John of Sheffield		Sheffield	003589731		1879	http://www.flickr.com/photos/britishlibrary/11273074123	1	000499	11273074123	http://farm8.staticflickr.com/7338/11273074123_f3849ac691_m.jpg	122	240	http://farm8.staticflickr.com/7338/11273074123_f3849ac691.jpg	255	500	http://farm8.staticflickr.com/7338/11273074123_f3849ac691_b.jpg	522	1024	http://farm8.staticflickr.com/7338/11273074123_05e307a4a6_o.jpg	722	1415
0	Union Historical Co.	The History of Warren County ... Illustrated			Des Moines	003854638		1879	http://www.flickr.com/photos/britishlibrary/11272960495	1	000078	11272960495	http://farm8.staticflickr.com/7412/11272960495_14a04cca4c_m.jpg	202	240	http://farm8.staticflickr.com/7412/11272960495_14a04cca4c.jpg	420	500	http://farm8.staticflickr.com/7412/11272960495_14a04cca4c_b.jpg	860	1024	http://farm8.staticflickr.com/7412/11272960495_2a5889a156_o.jpg	1277	1520
0	Religious Tract Society	English Pictures drawn with pen and pencil	MANNING, Samuel LL.D. and GREEN (Samuel Gosnell)	lsidyv3c492c1d	London	002369135	ark:/81055/vdc_000000059460	1879	http://www.flickr.com/photos/britishlibrary/11272999456	1	000081	11272999456	http://farm4.staticflickr.com/3741/11272999456_df0233ec70_m.jpg	182	240	http://farm4.staticflickr.com/3741/11272999456_df0233ec70.jpg	378	500	http://farm4.staticflickr.com/3741/11272999456_df0233ec70_b.jpg	775	1024	http://farm4.staticflickr.com/3741/11272999456_b028a5cccc_o.jpg	1252	1655
0		[Brazil and the Brazilians ... in historical and descriptive sketches ... Engravings.]	KIDDER, Daniel Parish and FLETCHER (James C.)		London	001961854		1879	http://www.flickr.com/photos/britishlibrary/11273024064	1	000560	11273024064	http://farm4.staticflickr.com/3830/11273024064_33ed37fbd8_m.jpg	164	240	http://farm4.staticflickr.com/3830/11273024064_33ed37fbd8.jpg	341	500	http://farm4.staticflickr.com/3830/11273024064_33ed37fbd8_b.jpg	698	1024	http://farm4.staticflickr.com/3830/11273024064_47fb6dfb12_o.jpg	906	1330
0		Les Rues du vieux Paris. Galerie populaire et pittoresque ... Ouvrage illustré de 165 gravures sur bois	FOURNEL, Victor.		Paris	001279089		1879	http://www.flickr.com/photos/britishlibrary/11273023754	1	000675	11273023754	http://farm4.staticflickr.com/3670/11273023754_4a59eebedd_m.jpg	240	219	http://farm4.staticflickr.com/3670/11273023754_4a59eebedd.jpg	500	457	http://farm4.staticflickr.com/3670/11273023754_4a59eebedd_b.jpg	1024	935	http://farm4.staticflickr.com/3670/11273023754_9f43aec393_o.jpg	1533	1400
02		Memorials of the Civil War between King Charles I. and the Parliament of England as it affected Herefordshire and the adjacent counties ... Edited and completed by ... T. W. Webb ... with an appendix of documents. [With illustrations.]	WEBB, John Rector of Tretyre, Herefordshire		London	003870802		1879	http://www.flickr.com/photos/britishlibrary/11273022644	1	000119	11273022644	http://farm3.staticflickr.com/2824/11273022644_3c63a1526a_m.jpg	210	240	http://farm3.staticflickr.com/2824/11273022644_3c63a1526a.jpg	438	500	http://farm3.staticflickr.com/2824/11273022644_3c63a1526a_b.jpg	898	1024	http://farm3.staticflickr.com/2824/11273022644_0d7a47b13a_o.jpg	1260	1437
02	American News Company	Round the world with General Grant. A narrative of the visit of General U. S. Grant ... to various countries ... in 1877, 1878, 1879. To which are added certain conversations with General Grant on questions connected with American politics and history ... With ... illustrations	YOUNG, John Russell.		New York	004002305		1879	http://www.flickr.com/photos/britishlibrary/11273022524	1	000202	11273022524	http://farm4.staticflickr.com/3752/11273022524_09dc6f517f_m.jpg	161	240	http://farm4.staticflickr.com/3752/11273022524_09dc6f517f.jpg	335	500	http://farm4.staticflickr.com/3752/11273022524_09dc6f517f_b.jpg	687	1024	http://farm4.staticflickr.com/3752/11273022524_779c16ac35_o.jpg	933	1390
0		[Brazil and the Brazilians ... in historical and descriptive sketches ... Engravings.]	KIDDER, Daniel Parish and FLETCHER (James C.)		London	001961854		1879	http://www.flickr.com/photos/britishlibrary/11272957595	1	000605	11272957595	http://farm6.staticflickr.com/5502/11272957595_f289c46b11_m.jpg	201	240	http://farm6.staticflickr.com/5502/11272957595_f289c46b11.jpg	418	500	http://farm6.staticflickr.com/5502/11272957595_f289c46b11_b.jpg	857	1024	http://farm6.staticflickr.com/5502/11272957595_1283160840_o.jpg	978	1168
03		Paris à travers les siècles. Histoire nationale de Paris et des Parisiens depuis la fondation de Lutèce jusqu'à nos jours, etc	GOURDON DE GENOUILLAC, Nicolas Jules Henri.		Paris	001476975		1879	http://www.flickr.com/photos/britishlibrary/11272996616	1	000362	11272996616	http://farm4.staticflickr.com/3733/11272996616_e56bcd09ea_m.jpg	240	200	http://farm4.staticflickr.com/3733/11272996616_e56bcd09ea.jpg	500	417	http://farm4.staticflickr.com/3733/11272996616_e56bcd09ea_b.jpg	1024	855	http://farm4.staticflickr.com/3733/11272996616_d417ea354a_o.jpg	1187	991
0		Les Rues du vieux Paris. Galerie populaire et pittoresque ... Ouvrage illustré de 165 gravures sur bois	FOURNEL, Victor.		Paris	001279089		1879	http://www.flickr.com/photos/britishlibrary/11273020744	1	000547	11273020744	http://farm6.staticflickr.com/5508/11273020744_b2fd5fa8c0_m.jpg	240	167	http://farm6.staticflickr.com/5508/11273020744_b2fd5fa8c0.jpg	500	348	http://farm6.staticflickr.com/5508/11273020744_b2fd5fa8c0_b.jpg	1024	712	http://farm6.staticflickr.com/5508/11273020744_80c0122e9b_o.jpg	1333	927
0	Moses King	King's Handbook of Boston. Profusely illustrated. [With a map.]	KING, Moses.		Cambridge, Mass	001968594		1879	http://www.flickr.com/photos/britishlibrary/11273068853	1	000063	11273068853	http://farm6.staticflickr.com/5474/11273068853_bda39a5083_m.jpg	162	240	http://farm6.staticflickr.com/5474/11273068853_bda39a5083.jpg	338	500	http://farm6.staticflickr.com/5474/11273068853_bda39a5083_b.jpg	692	1024	http://farm6.staticflickr.com/5474/11273068853_ceb4ca091a_o.jpg	951	1408
02	Tinsley Brothers	Berlin under the New Empire, its institutions, inhabitants, industry ... With ... engravings, etc	VIZETELLY, Henry.		London	003807524		1879	http://www.flickr.com/photos/britishlibrary/11272955095	1	000209	11272955095	http://farm6.staticflickr.com/5497/11272955095_f54dbf335f_m.jpg	240	195	http://farm6.staticflickr.com/5497/11272955095_f54dbf335f.jpg	500	406	http://farm6.staticflickr.com/5497/11272955095_f54dbf335f_b.jpg	1024	831	http://farm6.staticflickr.com/5497/11272955095_2a2aa4595a_o.jpg	1161	942
0	Moses King	King's Handbook of Boston. Profusely illustrated. [With a map.]	KING, Moses.		Cambridge, Mass	001968594		1879	http://www.flickr.com/photos/britishlibrary/11272955075	1	000272	11272955075	http://farm8.staticflickr.com/7314/11272955075_fdb490010b_m.jpg	154	240	http://farm8.staticflickr.com/7314/11272955075_fdb490010b.jpg	321	500	http://farm8.staticflickr.com/7314/11272955075_fdb490010b_b.jpg	657	1024	http://farm8.staticflickr.com/7314/11272955075_99cbac91b9_o.jpg	848	1322
0		The Illustrated Guide to Sheffield and the surrounding district, etc	TAYLOR, John of Sheffield		Sheffield	003589731		1879	http://www.flickr.com/photos/britishlibrary/11273067563	1	000158	11273067563	http://farm4.staticflickr.com/3691/11273067563_cd4c269a67_m.jpg	195	240	http://farm4.staticflickr.com/3691/11273067563_cd4c269a67.jpg	407	500	http://farm4.staticflickr.com/3691/11273067563_cd4c269a67_b.jpg	834	1024	http://farm4.staticflickr.com/3691/11273067563_69202930fa_o.jpg	1152	1415
0		The Illustrated Guide to Sheffield and the surrounding district, etc	TAYLOR, John of Sheffield		Sheffield	003589731		1879	http://www.flickr.com/photos/britishlibrary/11273017984	4	000450	11273017984	http://farm4.staticflickr.com/3787/11273017984_113a204f7d_m.jpg	192	240	http://farm4.staticflickr.com/3787/11273017984_113a204f7d.jpg	400	500	http://farm4.staticflickr.com/3787/11273017984_113a204f7d_b.jpg	819	1024	http://farm4.staticflickr.com/3787/11273017984_8287da17da_o.jpg	962	1203
0	W. Le Baron, Jr., & Co.	The history of McLean County, Illinois, containing a history of the County [by C. P. Merriman], its cities, towns, etc. [by J. H. Burnham, H. H. Hill, and A. W. Kellogg]	HILL, H. H. Historian		Chicago	002326542		1879	http://www.flickr.com/photos/britishlibrary/11272953675	1	000058	11272953675	http://farm4.staticflickr.com/3769/11272953675_ddef36ddfe_m.jpg	174	240	http://farm4.staticflickr.com/3769/11272953675_ddef36ddfe.jpg	363	500	http://farm4.staticflickr.com/3769/11272953675_ddef36ddfe_b.jpg	744	1024	http://farm4.staticflickr.com/3769/11272953675_86c8bd5dc6_o.jpg	1161	1597
0	James Miller	Campaigns of the War of 1812-15, against Great Britain, sketched and criticised; with brief biographies of the American engineers	CULLUM, George Washington.		New York	000834094		1879	http://www.flickr.com/photos/britishlibrary/11273017324	1	000175	11273017324	http://farm6.staticflickr.com/5518/11273017324_a77f435173_m.jpg	187	240	http://farm6.staticflickr.com/5518/11273017324_a77f435173.jpg	389	500	http://farm6.staticflickr.com/5518/11273017324_a77f435173_b.jpg	796	1024	http://farm6.staticflickr.com/5518/11273017324_99810940ef_o.jpg	1090	1402
0	Everts & Abbott	History of Hillsdale County, Michigan, with illustrations and biographical sketches of some of its prominent men, etc	Johnson, Crisfield.		Philadelphia	001884500		1879	http://www.flickr.com/photos/britishlibrary/11272992026	4	000278	11272992026	http://farm4.staticflickr.com/3753/11272992026_14c6bc76b4_m.jpg	240	228	http://farm4.staticflickr.com/3753/11272992026_14c6bc76b4.jpg	500	475	http://farm4.staticflickr.com/3753/11272992026_14c6bc76b4_b.jpg	1024	972	http://farm4.staticflickr.com/3753/11272992026_6e2fc1e8dc_o.jpg	1093	1037
0		[Brazil and the Brazilians ... in historical and descriptive sketches ... Engravings.]	KIDDER, Daniel Parish and FLETCHER (James C.)		London	001961854		1879	http://www.flickr.com/photos/britishlibrary/11272991226	1	000046	11272991226	http://farm8.staticflickr.com/7307/11272991226_2335f26944_m.jpg	141	240	http://farm8.staticflickr.com/7307/11272991226_2335f26944.jpg	294	500	http://farm8.staticflickr.com/7307/11272991226_2335f26944_b.jpg	602	1024	http://farm8.staticflickr.com/7307/11272991226_fe9bee15c3_o.jpg	828	1409
02	Tinsley Brothers	Berlin under the New Empire, its institutions, inhabitants, industry ... With ... engravings, etc	VIZETELLY, Henry.		London	003807524		1879	http://www.flickr.com/photos/britishlibrary/11272991166	2	000404	11272991166	http://farm4.staticflickr.com/3830/11272991166_37f403341e_m.jpg	240	209	http://farm4.staticflickr.com/3830/11272991166_37f403341e.jpg	500	436	http://farm4.staticflickr.com/3830/11272991166_37f403341e_b.jpg	1024	893	http://farm4.staticflickr.com/3830/11272991166_1b49457f17_o.jpg	1108	966
0	Published by the Author	History of Grafton, Worcester County, Massachusetts ... Including the genealogies of seventy-nine of the older families	PEIRCE, Frederick Clifton.		Worcester [Mass.]	002810106		1879	http://www.flickr.com/photos/britishlibrary/11272950205	1	000375	11272950205	http://farm3.staticflickr.com/2844/11272950205_83b3f28b34_m.jpg	200	240	http://farm3.staticflickr.com/2844/11272950205_83b3f28b34.jpg	416	500	http://farm3.staticflickr.com/2844/11272950205_83b3f28b34_b.jpg	852	1024	http://farm3.staticflickr.com/2844/11272950205_a60a76a070_o.jpg	1176	1413
01	American News Company	Round the world with General Grant. A narrative of the visit of General U. S. Grant ... to various countries ... in 1877, 1878, 1879. To which are added certain conversations with General Grant on questions connected with American politics and history ... With ... illustrations	YOUNG, John Russell.		New York	004002305		1879	http://www.flickr.com/photos/britishlibrary/11273062263	1	000435	11273062263	http://farm6.staticflickr.com/5521/11273062263_1c7a389c1d_m.jpg	171	240	http://farm6.staticflickr.com/5521/11273062263_1c7a389c1d.jpg	356	500	http://farm6.staticflickr.com/5521/11273062263_1c7a389c1d_b.jpg	730	1024	http://farm6.staticflickr.com/5521/11273062263_f72545a83f_o.jpg	1221	1713
01		The Australian abroad. Branches from the Main Routes round the World. [Reprinted from the Melbourne “Argus.” With illustrations.] 2 series	HINGSTON, James.	lsidyv3cbf9abe	London	001689101	ark:/81055/vdc_00000005DA7A	1879	http://www.flickr.com/photos/britishlibrary/11273013974	1	000200	11273013974	http://farm3.staticflickr.com/2836/11273013974_f024bfd482_m.jpg	141	240	http://farm3.staticflickr.com/2836/11273013974_f024bfd482.jpg	293	500	http://farm3.staticflickr.com/2836/11273013974_f024bfd482_b.jpg	601	1024	http://farm3.staticflickr.com/2836/11273013974_b214762bfc_o.jpg	822	1400
0		The History of France, from the earliest times to the outbreak of the Revolution. Abridged from ... R. Black's translation of ... Guizot's larger history. With chronological index, ... tables, portraits ... By G. Masson, etc	GUIZOT, François Pierre Guillaume.		London	001541681		1879	http://www.flickr.com/photos/britishlibrary/11272988146	1	000602	11272988146	http://farm6.staticflickr.com/5514/11272988146_86f1232007_m.jpg	167	240	http://farm6.staticflickr.com/5514/11272988146_86f1232007.jpg	348	500	http://farm6.staticflickr.com/5514/11272988146_86f1232007_b.jpg	712	1024	http://farm6.staticflickr.com/5514/11272988146_8e942dea9e_o.jpg	971	1396
0	John Murray	[The Student's Manual of Modern Geography. Mathematical, physical, and descriptive.]	BEVAN, William Latham.	lsidyv3ca2f2a9	London	000307737	ark:/81055/vdc_00000005C7F6	1879	http://www.flickr.com/photos/britishlibrary/11273012394	1	000464	11273012394	http://farm8.staticflickr.com/7302/11273012394_33b368a1e7_m.jpg	185	240	http://farm8.staticflickr.com/7302/11273012394_33b368a1e7.jpg	386	500	http://farm8.staticflickr.com/7302/11273012394_33b368a1e7_b.jpg	790	1024	http://farm8.staticflickr.com/7302/11273012394_87dd0f1c51_o.jpg	945	1225
0	John Murray	[The Student's Manual of Modern Geography. Mathematical, physical, and descriptive.]	BEVAN, William Latham.	lsidyv3ca2f2a9	London	000307737	ark:/81055/vdc_00000005C7F6	1879	http://www.flickr.com/photos/britishlibrary/11272988206	1	000522	11272988206	http://farm8.staticflickr.com/7435/11272988206_689e6a9454_m.jpg	190	240	http://farm8.staticflickr.com/7435/11272988206_689e6a9454.jpg	396	500	http://farm8.staticflickr.com/7435/11272988206_689e6a9454_b.jpg	811	1024	http://farm8.staticflickr.com/7435/11272988206_3b8ec00e29_o.jpg	970	1225
0	D. & J. Allen	Irish Lyrics, Songs & Poems	CORRY, Thomas Charles Stewart.		Belfast	000790832		1879	http://www.flickr.com/photos/britishlibrary/11272945145	1	000097	11272945145	http://farm8.staticflickr.com/7363/11272945145_4f07f8bc5b_m.jpg	240	153	http://farm8.staticflickr.com/7363/11272945145_4f07f8bc5b.jpg	500	318	http://farm8.staticflickr.com/7363/11272945145_4f07f8bc5b_b.jpg	1024	651	http://farm8.staticflickr.com/7363/11272945145_9c9de5fde2_o.jpg	1616	1028
0		Saint-Pierre de Rome. Ouvrage illustré, etc	LORBAC, Charles de.		Rome	002259706		1879	http://www.flickr.com/photos/britishlibrary/11272986466	1	000154	11272986466	http://farm6.staticflickr.com/5497/11272986466_97502b95dd_m.jpg	146	240	http://farm6.staticflickr.com/5497/11272986466_97502b95dd.jpg	304	500	http://farm6.staticflickr.com/5497/11272986466_97502b95dd_b.jpg	623	1024	http://farm6.staticflickr.com/5497/11272986466_bf24ebd437_o.jpg	906	1488
0	J. A. & R. A. Reid	The Past and the Present. Narragansett sea and shore. An illustrated guide to Providence, Newport, Narragansett Pier, Block Island, Watch Hill, Rocky Point, Silver Spring, and all the famous sea-side resorts of Rhode Island, with a map of Narragansett Bay	DENISON, Frederic.		Providence	000908069		1879	http://www.flickr.com/photos/britishlibrary/11272946335	1	000121	11272946335	http://farm6.staticflickr.com/5484/11272946335_3dedc89702_m.jpg	240	163	http://farm6.staticflickr.com/5484/11272946335_3dedc89702.jpg	500	340	http://farm6.staticflickr.com/5484/11272946335_3dedc89702_b.jpg	1024	697	http://farm6.staticflickr.com/5484/11272946335_e60241dd23_o.jpg	1268	863
0	Everts & Abbott	History of Hillsdale County, Michigan, with illustrations and biographical sketches of some of its prominent men, etc	Johnson, Crisfield.		Philadelphia	001884500		1879	http://www.flickr.com/photos/britishlibrary/11272945395	2	000254	11272945395	http://farm3.staticflickr.com/2826/11272945395_eb53c993ed_m.jpg	240	199	http://farm3.staticflickr.com/2826/11272945395_eb53c993ed.jpg	500	415	http://farm3.staticflickr.com/2826/11272945395_eb53c993ed_b.jpg	1024	849	http://farm3.staticflickr.com/2826/11272945395_316f2d68c8_o.jpg	1146	950
01	D. Appleton & Co.	[Appleton's European Guide Book illustrated. Including England, Scotland, and Ireland, France, Belgium, Holland, Northern and Southern Germany, Switzerland, Italy, Spain and Portugal, Russia, Denmark, Norway, and Sweden. Containing ... maps, etc.]	APPLETON, Daniel AND CO	lsidyv3cbe7355	New York; Longmans & Co	000100280	ark:/81055/vdc_00000005D9DE	1879	http://www.flickr.com/photos/britishlibrary/11272984326	1	000117	11272984326	http://farm4.staticflickr.com/3691/11272984326_7d9a261b42_m.jpg	170	240	http://farm4.staticflickr.com/3691/11272984326_7d9a261b42.jpg	354	500	http://farm4.staticflickr.com/3691/11272984326_7d9a261b42_b.jpg	724	1024	http://farm4.staticflickr.com/3691/11272984326_560127fa3e_o.jpg	872	1233
02	Tinsley Brothers	Berlin under the New Empire, its institutions, inhabitants, industry ... With ... engravings, etc	VIZETELLY, Henry.		London	003807524		1879	http://www.flickr.com/photos/britishlibrary/11273056203	1	000232	11273056203	http://farm6.staticflickr.com/5493/11273056203_9fa732d304_m.jpg	240	201	http://farm6.staticflickr.com/5493/11273056203_9fa732d304.jpg	500	418	http://farm6.staticflickr.com/5493/11273056203_9fa732d304_b.jpg	1024	857	http://farm6.staticflickr.com/5493/11273056203_d54721bf1b_o.jpg	1228	1028
0	Netherton & Worth	[Peeps into the Haunts and Homes of the Rural Population of Cornwall. Being reminiscences of Cornish character and characteristics, etc.]	TREGELLAS, John Tabois.	lsidyv3c0f7179	Truro	003669474	ark:/81055/vdc_00000005644E	1879	http://www.flickr.com/photos/britishlibrary/11273055873	1	000075	11273055873	http://farm8.staticflickr.com/7296/11273055873_37430d21cf_m.jpg	223	240	http://farm8.staticflickr.com/7296/11273055873_37430d21cf.jpg	465	500	http://farm8.staticflickr.com/7296/11273055873_37430d21cf_b.jpg	953	1024	http://farm8.staticflickr.com/7296/11273055873_4c10d0b039_o.jpg	1131	1215
02	American News Company	Round the world with General Grant. A narrative of the visit of General U. S. Grant ... to various countries ... in 1877, 1878, 1879. To which are added certain conversations with General Grant on questions connected with American politics and history ... With ... illustrations	YOUNG, John Russell.		New York	004002305		1879	http://www.flickr.com/photos/britishlibrary/11273055133	1	000553	11273055133	http://farm4.staticflickr.com/3748/11273055133_5c1bce104a_m.jpg	161	240	http://farm4.staticflickr.com/3748/11273055133_5c1bce104a.jpg	336	500	http://farm4.staticflickr.com/3748/11273055133_5c1bce104a_b.jpg	688	1024	http://farm4.staticflickr.com/3748/11273055133_ef925be740_o.jpg	1117	1663
0	J. A. & R. A. Reid	The Past and the Present. Narragansett sea and shore. An illustrated guide to Providence, Newport, Narragansett Pier, Block Island, Watch Hill, Rocky Point, Silver Spring, and all the famous sea-side resorts of Rhode Island, with a map of Narragansett Bay	DENISON, Frederic.		Providence	000908069		1879	http://www.flickr.com/photos/britishlibrary/11272941895	1	000055	11272941895	http://farm6.staticflickr.com/5491/11272941895_13ef17c134_m.jpg	240	151	http://farm6.staticflickr.com/5491/11272941895_13ef17c134.jpg	500	314	http://farm6.staticflickr.com/5491/11272941895_13ef17c134_b.jpg	1024	644	http://farm6.staticflickr.com/5491/11272941895_011c6bdac7_o.jpg	1481	932
02	Tinsley Brothers	Berlin under the New Empire, its institutions, inhabitants, industry ... With ... engravings, etc	VIZETELLY, Henry.		London	003807524		1879	http://www.flickr.com/photos/britishlibrary/11272942235	1	000374	11272942235	http://farm6.staticflickr.com/5514/11272942235_b02851f9e0_m.jpg	240	168	http://farm6.staticflickr.com/5514/11272942235_b02851f9e0.jpg	500	350	http://farm6.staticflickr.com/5514/11272942235_b02851f9e0_b.jpg	1024	717	http://farm6.staticflickr.com/5514/11272942235_e10e99f9c1_o.jpg	1500	1051
01	American News Company	Round the world with General Grant. A narrative of the visit of General U. S. Grant ... to various countries ... in 1877, 1878, 1879. To which are added certain conversations with General Grant on questions connected with American politics and history ... With ... illustrations	YOUNG, John Russell.		New York	004002305		1879	http://www.flickr.com/photos/britishlibrary/11272980846	1	000027	11272980846	http://farm4.staticflickr.com/3736/11272980846_794b8141ca_m.jpg	146	240	http://farm4.staticflickr.com/3736/11272980846_794b8141ca.jpg	304	500	http://farm4.staticflickr.com/3736/11272980846_794b8141ca_b.jpg	623	1024	http://farm4.staticflickr.com/3736/11272980846_e0fcd6bce0_o.jpg	1050	1727
01	D. Appleton & Co.	[Appleton's European Guide Book illustrated. Including England, Scotland, and Ireland, France, Belgium, Holland, Northern and Southern Germany, Switzerland, Italy, Spain and Portugal, Russia, Denmark, Norway, and Sweden. Containing ... maps, etc.]	APPLETON, Daniel AND CO	lsidyv3cbe7355	New York; Longmans & Co	000100280	ark:/81055/vdc_00000005D9DE	1879	http://www.flickr.com/photos/britishlibrary/11273005014	1	000697	11273005014	http://farm4.staticflickr.com/3687/11273005014_9e793b710e_m.jpg	189	240	http://farm4.staticflickr.com/3687/11273005014_9e793b710e.jpg	394	500	http://farm4.staticflickr.com/3687/11273005014_9e793b710e_b.jpg	806	1024	http://farm4.staticflickr.com/3687/11273005014_8da58ca361_o.jpg	970	1233
02		The Australian abroad. Branches from the Main Routes round the World. [Reprinted from the Melbourne “Argus.” With illustrations.] 2 series	HINGSTON, James.	lsidyv3cbf9abe	London	001689101	ark:/81055/vdc_00000005DA7A	1879	http://www.flickr.com/photos/britishlibrary/11272940525	1	000474	11272940525	http://farm8.staticflickr.com/7407/11272940525_0da14f9e76_m.jpg	200	240	http://farm8.staticflickr.com/7407/11272940525_0da14f9e76.jpg	416	500	http://farm8.staticflickr.com/7407/11272940525_0da14f9e76_b.jpg	852	1024	http://farm8.staticflickr.com/7407/11272940525_021b62099c_o.jpg	1192	1432
0	J. A. & R. A. Reid	The Past and the Present. Narragansett sea and shore. An illustrated guide to Providence, Newport, Narragansett Pier, Block Island, Watch Hill, Rocky Point, Silver Spring, and all the famous sea-side resorts of Rhode Island, with a map of Narragansett Bay	DENISON, Frederic.		Providence	000908069		1879	http://www.flickr.com/photos/britishlibrary/11273051563	1	000017	11273051563	http://farm6.staticflickr.com/5479/11273051563_0f627a0423_m.jpg	168	240	http://farm6.staticflickr.com/5479/11273051563_0f627a0423.jpg	351	500	http://farm6.staticflickr.com/5479/11273051563_0f627a0423_b.jpg	718	1024	http://farm6.staticflickr.com/5479/11273051563_1896a0af45_o.jpg	1200	1711
0	Harper & Bros.	What Mr. Darwin saw in his Voyage round The World in the Ship “Beagle.” [Compiled and adapted from “Journal of Researches into the Geology and Natural History of the Various Countries visited by H.M.S. Beagle, etc.”]	Darwin, Charles	lsidyv3c8ea4b0	New York	000868098	ark:/81055/vdc_00000005BB84	1879	http://www.flickr.com/photos/britishlibrary/11272938945	1	000167	11272938945	http://farm8.staticflickr.com/7309/11272938945_1325a46fa9_m.jpg	240	240	http://farm8.staticflickr.com/7309/11272938945_1325a46fa9.jpg	500	499	http://farm8.staticflickr.com/7309/11272938945_1325a46fa9_b.jpg	1024	1022	http://farm8.staticflickr.com/7309/11272938945_c2ec5eec96_o.jpg	1286	1283
0		The Wild Man at Home: or, pictures of life in savage lands ... With woodcuts ... and coloured illustrations	GREENWOOD, James Novelist	lsidyv2af6fa2f	London, Edinburgh	001503444	ark:/81055/vdc_0000000519A2	1879	http://www.flickr.com/photos/britishlibrary/11272978906	1	000385	11272978906	http://farm8.staticflickr.com/7319/11272978906_f4e22e3126_m.jpg	202	240	http://farm8.staticflickr.com/7319/11272978906_f4e22e3126.jpg	420	500	http://farm8.staticflickr.com/7319/11272978906_f4e22e3126_b.jpg	861	1024	http://farm8.staticflickr.com/7319/11272978906_159dea7d5b_o.jpg	985	1172
0		The Illustrated Guide to Sheffield and the surrounding district, etc	TAYLOR, John of Sheffield		Sheffield	003589731		1879	http://www.flickr.com/photos/britishlibrary/11273050363	1	000374	11273050363	http://farm6.staticflickr.com/5498/11273050363_ddb85aa703_m.jpg	240	184	http://farm6.staticflickr.com/5498/11273050363_ddb85aa703.jpg	500	383	http://farm6.staticflickr.com/5498/11273050363_ddb85aa703_b.jpg	1024	785	http://farm6.staticflickr.com/5498/11273050363_12c19e573c_o.jpg	1672	1282
02	L. H. Everts	History of the Connecticut Valley in Massachusetts (by N. B. Sylvester), with illustrations and biographical sketches of some of its prominent men and pioneers [by other authors]	SYLVESTER, Nathaniel Bartlett.		Philadelphia	003562080		1879	http://www.flickr.com/photos/britishlibrary/11272936555	1	000142	11272936555	http://farm3.staticflickr.com/2807/11272936555_f6bd7e1ac7_m.jpg	240	170	http://farm3.staticflickr.com/2807/11272936555_f6bd7e1ac7.jpg	500	355	http://farm3.staticflickr.com/2807/11272936555_f6bd7e1ac7_b.jpg	1024	727	http://farm3.staticflickr.com/2807/11272936555_eab5f73501_o.jpg	1697	1205
0	Everts & Ensign	History of Toga, Chemung, Tompkins, and Schuyler Counties, New York. With illustrations and biographical sketches of some of its prominent men and pioneers	PEIRCE, Henry B. and HURD (Duane Hamilton)		Philadelphia	002810116		1879	http://www.flickr.com/photos/britishlibrary/11273001884	1	000173	11273001884	http://farm4.staticflickr.com/3695/11273001884_d604003f91_m.jpg	240	173	http://farm4.staticflickr.com/3695/11273001884_d604003f91.jpg	500	360	http://farm4.staticflickr.com/3695/11273001884_d604003f91_b.jpg	1024	737	http://farm4.staticflickr.com/3695/11273001884_4a0632805b_o.jpg	1586	1141
04		Old and New London, etc	Thornbury, Walter	lsidyv3c47ab1a	London	003628788	ark:/81055/vdc_000000059328	1879	http://www.flickr.com/photos/britishlibrary/11272977086	1	000253	11272977086	http://farm8.staticflickr.com/7434/11272977086_728a99733f_m.jpg	240	180	http://farm8.staticflickr.com/7434/11272977086_728a99733f.jpg	500	376	http://farm8.staticflickr.com/7434/11272977086_728a99733f_b.jpg	1024	770	http://farm8.staticflickr.com/7434/11272977086_54c7166ba8_o.jpg	1686	1267
0	Everts & Ensign	History of Toga, Chemung, Tompkins, and Schuyler Counties, New York. With illustrations and biographical sketches of some of its prominent men and pioneers	PEIRCE, Henry B. and HURD (Duane Hamilton)		Philadelphia	002810116		1879	http://www.flickr.com/photos/britishlibrary/11273047603	1	000404	11273047603	http://farm3.staticflickr.com/2867/11273047603_cce2b917fe_m.jpg	240	200	http://farm3.staticflickr.com/2867/11273047603_cce2b917fe.jpg	500	416	http://farm3.staticflickr.com/2867/11273047603_cce2b917fe_b.jpg	1024	852	http://farm3.staticflickr.com/2867/11273047603_949fbb7f18_o.jpg	1422	1183
01	American News Company	Round the world with General Grant. A narrative of the visit of General U. S. Grant ... to various countries ... in 1877, 1878, 1879. To which are added certain conversations with General Grant on questions connected with American politics and history ... With ... illustrations	YOUNG, John Russell.		New York	004002305		1879	http://www.flickr.com/photos/britishlibrary/11272935205	1	000176	11272935205	http://farm6.staticflickr.com/5494/11272935205_b6f593740d_m.jpg	170	240	http://farm6.staticflickr.com/5494/11272935205_b6f593740d.jpg	354	500	http://farm6.staticflickr.com/5494/11272935205_b6f593740d_b.jpg	725	1024	http://farm6.staticflickr.com/5494/11272935205_f71a006a6c_o.jpg	1221	1725
01	American News Company	Round the world with General Grant. A narrative of the visit of General U. S. Grant ... to various countries ... in 1877, 1878, 1879. To which are added certain conversations with General Grant on questions connected with American politics and history ... With ... illustrations	YOUNG, John Russell.		New York	004002305		1879	http://www.flickr.com/photos/britishlibrary/11272975266	1	000057	11272975266	http://farm4.staticflickr.com/3713/11272975266_c60854cc02_m.jpg	155	240	http://farm4.staticflickr.com/3713/11272975266_c60854cc02.jpg	322	500	http://farm4.staticflickr.com/3713/11272975266_c60854cc02_b.jpg	660	1024	http://farm4.staticflickr.com/3713/11272975266_6f68704525_o.jpg	1102	1711
0	Religious Tract Society	The Lands of Scripture: comprising “Those Holy Fields”; “The Land of the Pharaohs” [both by S. M.]; “Pictures from Bible Lands” (edited by S. G. Green. The illustrations by E. Whymper, etc.)	MANNING, Samuel LL.D		London	002369128		1879	http://www.flickr.com/photos/britishlibrary/11273045973	1	000431	11273045973	http://farm4.staticflickr.com/3671/11273045973_31dddee5c2_m.jpg	76	240	http://farm4.staticflickr.com/3671/11273045973_31dddee5c2.jpg	159	500	http://farm4.staticflickr.com/3671/11273045973_31dddee5c2_b.jpg	326	1024	http://farm4.staticflickr.com/3671/11273045973_8cf82ea3fe_o.jpg	640	2008
01	D. Appleton & Co.	[Appleton's European Guide Book illustrated. Including England, Scotland, and Ireland, France, Belgium, Holland, Northern and Southern Germany, Switzerland, Italy, Spain and Portugal, Russia, Denmark, Norway, and Sweden. Containing ... maps, etc.]	APPLETON, Daniel AND CO	lsidyv3cbe7355	New York; Longmans & Co	000100280	ark:/81055/vdc_00000005D9DE	1879	http://www.flickr.com/photos/britishlibrary/11272973516	1	000630	11272973516	http://farm8.staticflickr.com/7292/11272973516_ec815d3e4e_m.jpg	158	240	http://farm8.staticflickr.com/7292/11272973516_ec815d3e4e.jpg	329	500	http://farm8.staticflickr.com/7292/11272973516_ec815d3e4e_b.jpg	674	1024	http://farm8.staticflickr.com/7292/11272973516_6f64faa759_o.jpg	812	1233
0		The Black Forest, its people and legends. [With maps and illustrations.]	SÉGUIN, afterwards STRAHAN, Lisbeth Gooch.	lsidyv3bbdd558	London, Edinburgh	003328570	ark:/81055/vdc_000000053B26	1879	http://www.flickr.com/photos/britishlibrary/11272973626	1	000054	11272973626	http://farm4.staticflickr.com/3691/11272973626_e68cfb5510_m.jpg	240	201	http://farm4.staticflickr.com/3691/11272973626_e68cfb5510.jpg	500	418	http://farm4.staticflickr.com/3691/11272973626_e68cfb5510_b.jpg	1024	856	http://farm4.staticflickr.com/3691/11272973626_6d65416307_o.jpg	1463	1223
02	Tinsley Brothers	Berlin under the New Empire, its institutions, inhabitants, industry ... With ... engravings, etc	VIZETELLY, Henry.		London	003807524		1879	http://www.flickr.com/photos/britishlibrary/11272997114	1	000452	11272997114	http://farm4.staticflickr.com/3675/11272997114_5db7e8d633_m.jpg	211	240	http://farm4.staticflickr.com/3675/11272997114_5db7e8d633.jpg	440	500	http://farm4.staticflickr.com/3675/11272997114_5db7e8d633_b.jpg	902	1024	http://farm4.staticflickr.com/3675/11272997114_57d11a8e26_o.jpg	1095	1243
0	E. Marlborough & Co.	Popular Guide up the Thames, to Kew, Richmond, Twickenham and Hampton Court			London	003605985		1879	http://www.flickr.com/photos/britishlibrary/11272971846	1	000033	11272971846	http://farm3.staticflickr.com/2806/11272971846_a8c89f654b_m.jpg	199	240	http://farm3.staticflickr.com/2806/11272971846_a8c89f654b.jpg	415	500	http://farm3.staticflickr.com/2806/11272971846_a8c89f654b_b.jpg	850	1024	http://farm3.staticflickr.com/2806/11272971846_504a1e3fe2_o.jpg	998	1203
01	William Mackenzie	The National Burns. Edited by Rev. George Gilfillan, including the airs of all the songs, and an original life of Burns by the editor. [With plates, including portraits.]	Burns, Robert		Glasgow	000543200		1879	http://www.flickr.com/photos/britishlibrary/11272931885	1	000172	11272931885	http://farm8.staticflickr.com/7388/11272931885_674392ccbe_m.jpg	153	240	http://farm8.staticflickr.com/7388/11272931885_674392ccbe.jpg	318	500	http://farm8.staticflickr.com/7388/11272931885_674392ccbe_b.jpg	651	1024	http://farm8.staticflickr.com/7388/11272931885_841051014f_o.jpg	935	1471
0		Viaje al pais de los Tehuelches, pt. I. Exploraciones en la Patagonia austral. [With map.]	LISTA, Ramon.		Buenos Aires	002182842		1879	http://www.flickr.com/photos/britishlibrary/11273043433	1	000047	11273043433	http://farm6.staticflickr.com/5544/11273043433_3ac4009102_m.jpg	149	240	http://farm6.staticflickr.com/5544/11273043433_3ac4009102.jpg	311	500	http://farm6.staticflickr.com/5544/11273043433_3ac4009102_b.jpg	637	1024	http://farm6.staticflickr.com/5544/11273043433_5c312db94d_o.jpg	950	1528
0		The Illustrated Guide to Sheffield and the surrounding district, etc	TAYLOR, John of Sheffield		Sheffield	003589731		1879	http://www.flickr.com/photos/britishlibrary/11272995534	1	000594	11272995534	http://farm8.staticflickr.com/7402/11272995534_9f101f3903_m.jpg	174	240	http://farm8.staticflickr.com/7402/11272995534_9f101f3903.jpg	363	500	http://farm8.staticflickr.com/7402/11272995534_9f101f3903_b.jpg	744	1024	http://farm8.staticflickr.com/7402/11272995534_5a0593fae7_o.jpg	878	1208
0		Die amerikanische Nordpol-Expedition ... Mit zahlreichen Illustrationen in Holzschnitt, etc	BESSELS, Emil.		Leipzig	000303634		1879	http://www.flickr.com/photos/britishlibrary/11272970606	1	000360	11272970606	http://farm6.staticflickr.com/5537/11272970606_13325d974d_m.jpg	225	240	http://farm6.staticflickr.com/5537/11272970606_13325d974d.jpg	468	500	http://farm6.staticflickr.com/5537/11272970606_13325d974d_b.jpg	958	1024	http://farm6.staticflickr.com/5537/11272970606_0ee6cabdd6_o.jpg	1381	1476
02	L. H. Everts	History of the Connecticut Valley in Massachusetts (by N. B. Sylvester), with illustrations and biographical sketches of some of its prominent men and pioneers [by other authors]	SYLVESTER, Nathaniel Bartlett.		Philadelphia	003562080		1879	http://www.flickr.com/photos/britishlibrary/11273041743	1	000184	11273041743	http://farm8.staticflickr.com/7427/11273041743_f9795a5321_m.jpg	240	163	http://farm8.staticflickr.com/7427/11273041743_f9795a5321.jpg	500	340	http://farm8.staticflickr.com/7427/11273041743_f9795a5321_b.jpg	1024	697	http://farm8.staticflickr.com/7427/11273041743_6cb4988f2d_o.jpg	1752	1192
0	Lewis, Peck & Co.	History of Steuben County, New York, with illustrations and biographical sketches of some of its prominent men and pioneers	CLAYTON, W. Woodford.		Philadelphia	000719876		1879	http://www.flickr.com/photos/britishlibrary/11272929175	1	000437	11272929175	http://farm8.staticflickr.com/7364/11272929175_03c5277275_m.jpg	240	171	http://farm8.staticflickr.com/7364/11272929175_03c5277275.jpg	500	357	http://farm8.staticflickr.com/7364/11272929175_03c5277275_b.jpg	1024	731	http://farm8.staticflickr.com/7364/11272929175_31be06a0b8_o.jpg	1658	1183
0		[Brazil and the Brazilians ... in historical and descriptive sketches ... Engravings.]	KIDDER, Daniel Parish and FLETCHER (James C.)		London	001961854		1879	http://www.flickr.com/photos/britishlibrary/11272929155	1	000607	11272929155	http://farm6.staticflickr.com/5472/11272929155_21fc0006fa_m.jpg	199	240	http://farm6.staticflickr.com/5472/11272929155_21fc0006fa.jpg	416	500	http://farm6.staticflickr.com/5472/11272929155_21fc0006fa_b.jpg	851	1024	http://farm6.staticflickr.com/5472/11272929155_6430b91af5_o.jpg	957	1151
02		Danmarks og Norges Historie i Slutningen af det 16de Aarhundrede	TROELS-LUND, Troels Frederik.		Kjøbenhavn	003677661		1879	http://www.flickr.com/photos/britishlibrary/11272968306	1	000456	11272968306	http://farm4.staticflickr.com/3757/11272968306_629bbf0112_m.jpg	203	240	http://farm4.staticflickr.com/3757/11272968306_629bbf0112.jpg	424	500	http://farm4.staticflickr.com/3757/11272968306_629bbf0112_b.jpg	868	1024	http://farm4.staticflickr.com/3757/11272968306_bef3dc6751_o.jpg	1142	1348
01	John Wiley & Sons	The Middle Kingdom; a survey of the geography, government, education, social life, arts, religion, &c. of the Chinese Empire and its inhabitants. With a new map of the Empire	WILLIAMS, Samuel Wells.		New York	003936389		1879	http://www.flickr.com/photos/britishlibrary/11272968096	1	000234	11272968096	http://farm6.staticflickr.com/5473/11272968096_135ffc9264_m.jpg	192	240	http://farm6.staticflickr.com/5473/11272968096_135ffc9264.jpg	399	500	http://farm6.staticflickr.com/5473/11272968096_135ffc9264_b.jpg	818	1024	http://farm6.staticflickr.com/5473/11272968096_408ae62989_o.jpg	928	1162
01	American News Company	Round the world with General Grant. A narrative of the visit of General U. S. Grant ... to various countries ... in 1877, 1878, 1879. To which are added certain conversations with General Grant on questions connected with American politics and history ... With ... illustrations	YOUNG, John Russell.		New York	004002305		1879	http://www.flickr.com/photos/britishlibrary/11272926865	1	000418	11272926865	http://farm3.staticflickr.com/2817/11272926865_ab14bf78e4_m.jpg	160	240	http://farm3.staticflickr.com/2817/11272926865_ab14bf78e4.jpg	333	500	http://farm3.staticflickr.com/2817/11272926865_ab14bf78e4_b.jpg	683	1024	http://farm3.staticflickr.com/2817/11272926865_de964dcc66_o.jpg	1131	1695
0	Western Historical Company	The History of Muscatine County, Iowa ... Illustrated			Chicago	002592978		1879	http://www.flickr.com/photos/britishlibrary/11272926955	1	000057	11272926955	http://farm3.staticflickr.com/2891/11272926955_5baa0beb5e_m.jpg	122	240	http://farm3.staticflickr.com/2891/11272926955_5baa0beb5e.jpg	253	500	http://farm3.staticflickr.com/2891/11272926955_5baa0beb5e_b.jpg	519	1024	http://farm3.staticflickr.com/2891/11272926955_ac06375c31_o.jpg	803	1585
0	Waterlow & Sons	Up the River from Westminster to Windsor and Oxford; a descriptive panorama of Thames Scenery			London	003606029		1879	http://www.flickr.com/photos/britishlibrary/11272926435	1	000084	11272926435	http://farm8.staticflickr.com/7359/11272926435_999a043768_m.jpg	115	240	http://farm8.staticflickr.com/7359/11272926435_999a043768.jpg	240	500	http://farm8.staticflickr.com/7359/11272926435_999a043768_b.jpg	491	1024	http://farm8.staticflickr.com/7359/11272926435_62ef2a054b_o.jpg	742	1548
0	Waterlow & Sons	Up the River from Westminster to Windsor and Oxford; a descriptive panorama of Thames Scenery			London	003606029		1879	http://www.flickr.com/photos/britishlibrary/11272925085	1	000074	11272925085	http://farm8.staticflickr.com/7298/11272925085_6da538ca46_m.jpg	141	240	http://farm8.staticflickr.com/7298/11272925085_6da538ca46.jpg	294	500	http://farm8.staticflickr.com/7298/11272925085_6da538ca46_b.jpg	603	1024	http://farm8.staticflickr.com/7298/11272925085_70303cf3a7_o.jpg	897	1523
01		Knaresborough Castle Yard. (The Microcosm: and, Malcolm, a holiday-walk. A few occasional pieces.) [In verse.]			London, Bristol [printed]	001987484		1879	http://www.flickr.com/photos/britishlibrary/11272925485	1	000019	11272925485	http://farm4.staticflickr.com/3682/11272925485_59b68d8864_m.jpg	209	240	http://farm4.staticflickr.com/3682/11272925485_59b68d8864.jpg	435	500	http://farm4.staticflickr.com/3682/11272925485_59b68d8864_b.jpg	890	1024	http://farm4.staticflickr.com/3682/11272925485_cbd17f41e0_o.jpg	1098	1264
01	William Mackenzie	The National Burns. Edited by Rev. George Gilfillan, including the airs of all the songs, and an original life of Burns by the editor. [With plates, including portraits.]	Burns, Robert		Glasgow	000543200		1879	http://www.flickr.com/photos/britishlibrary/11272924545	1	000326	11272924545	http://farm8.staticflickr.com/7327/11272924545_5ae6faa257_m.jpg	240	234	http://farm8.staticflickr.com/7327/11272924545_5ae6faa257.jpg	500	488	http://farm8.staticflickr.com/7327/11272924545_5ae6faa257_b.jpg	1024	999	http://farm8.staticflickr.com/7327/11272924545_46eed359d4_o.jpg	1353	1320
01	American News Company	Round the world with General Grant. A narrative of the visit of General U. S. Grant ... to various countries ... in 1877, 1878, 1879. To which are added certain conversations with General Grant on questions connected with American politics and history ... With ... illustrations	YOUNG, John Russell.		New York	004002305		1879	http://www.flickr.com/photos/britishlibrary/11272988724	1	000431	11272988724	http://farm3.staticflickr.com/2837/11272988724_c74f488540_m.jpg	240	189	http://farm3.staticflickr.com/2837/11272988724_c74f488540.jpg	500	393	http://farm3.staticflickr.com/2837/11272988724_c74f488540_b.jpg	1024	805	http://farm3.staticflickr.com/2837/11272988724_87f15e3bec_o.jpg	1321	1038
01	D. Appleton & Co.	[Appleton's European Guide Book illustrated. Including England, Scotland, and Ireland, France, Belgium, Holland, Northern and Southern Germany, Switzerland, Italy, Spain and Portugal, Russia, Denmark, Norway, and Sweden. Containing ... maps, etc.]	APPLETON, Daniel AND CO	lsidyv3cbe7355	New York; Longmans & Co	000100280	ark:/81055/vdc_00000005D9DE	1879	http://www.flickr.com/photos/britishlibrary/11273035933	1	000702	11273035933	http://farm3.staticflickr.com/2857/11273035933_98d1b8a166_m.jpg	152	240	http://farm3.staticflickr.com/2857/11273035933_98d1b8a166.jpg	317	500	http://farm3.staticflickr.com/2857/11273035933_98d1b8a166_b.jpg	650	1024	http://farm3.staticflickr.com/2857/11273035933_89e1e581a3_o.jpg	825	1300
0	Religious Tract Society	English Pictures drawn with pen and pencil	MANNING, Samuel LL.D. and GREEN (Samuel Gosnell)	lsidyv3c492c1d	London	002369135	ark:/81055/vdc_000000059460	1879	http://www.flickr.com/photos/britishlibrary/11272962646	1	000108	11272962646	http://farm8.staticflickr.com/7336/11272962646_9ba1d7dbc5_m.jpg	240	209	http://farm8.staticflickr.com/7336/11272962646_9ba1d7dbc5.jpg	500	436	http://farm8.staticflickr.com/7336/11272962646_9ba1d7dbc5_b.jpg	1024	892	http://farm8.staticflickr.com/7336/11272962646_bc2d84b82d_o.jpg	1301	1133
01	D. Appleton & Co.	[Appleton's European Guide Book illustrated. Including England, Scotland, and Ireland, France, Belgium, Holland, Northern and Southern Germany, Switzerland, Italy, Spain and Portugal, Russia, Denmark, Norway, and Sweden. Containing ... maps, etc.]	APPLETON, Daniel AND CO	lsidyv3cbe7355	New York; Longmans & Co	000100280	ark:/81055/vdc_00000005D9DE	1879	http://www.flickr.com/photos/britishlibrary/11272962086	1	000406	11272962086	http://farm8.staticflickr.com/7359/11272962086_55c050fe19_m.jpg	204	240	http://farm8.staticflickr.com/7359/11272962086_55c050fe19.jpg	424	500	http://farm8.staticflickr.com/7359/11272962086_55c050fe19_b.jpg	869	1024	http://farm8.staticflickr.com/7359/11272962086_4135f80c9e_o.jpg	1046	1233
0	N. D. Thompson & Co.	A Pictorial History of Texas, from the earliest visits of European adventurers to A.D. 1879 ... Third edition, ... revised	THRALL, Homer S.		St. Louis, Mo	003632148		1879	http://www.flickr.com/photos/britishlibrary/11272921665	1	000159	11272921665	http://farm8.staticflickr.com/7342/11272921665_6bdea7d178_m.jpg	218	240	http://farm8.staticflickr.com/7342/11272921665_6bdea7d178.jpg	454	500	http://farm8.staticflickr.com/7342/11272921665_6bdea7d178_b.jpg	929	1024	http://farm8.staticflickr.com/7342/11272921665_9652a681ba_o.jpg	1046	1153
02	D. Appleton & Co.	[Appleton's European Guide Book illustrated. Including England, Scotland, and Ireland, France, Belgium, Holland, Northern and Southern Germany, Switzerland, Italy, Spain and Portugal, Russia, Denmark, Norway, and Sweden. Containing ... maps, etc.]	APPLETON, Daniel AND CO	lsidyv3cbe7355	New York; Longmans & Co	000100280	ark:/81055/vdc_00000005D9DE	1879	http://www.flickr.com/photos/britishlibrary/11272960666	1	000667	11272960666	http://farm6.staticflickr.com/5507/11272960666_96c49aef0d_m.jpg	194	240	http://farm6.staticflickr.com/5507/11272960666_96c49aef0d.jpg	404	500	http://farm6.staticflickr.com/5507/11272960666_96c49aef0d_b.jpg	827	1024	http://farm6.staticflickr.com/5507/11272960666_d01c5ae12c_o.jpg	1038	1285
02		Danmarks og Norges Historie i Slutningen af det 16de Aarhundrede	TROELS-LUND, Troels Frederik.		Kjøbenhavn	003677661		1879	http://www.flickr.com/photos/britishlibrary/11272960296	1	000492	11272960296	http://farm4.staticflickr.com/3817/11272960296_1b9163ef19_m.jpg	240	218	http://farm4.staticflickr.com/3817/11272960296_1b9163ef19.jpg	500	454	http://farm4.staticflickr.com/3817/11272960296_1b9163ef19_b.jpg	1024	930	http://farm4.staticflickr.com/3817/11272960296_80174fc07a_o.jpg	1167	1060
01		The Australian abroad. Branches from the Main Routes round the World. [Reprinted from the Melbourne “Argus.” With illustrations.] 2 series	HINGSTON, James.	lsidyv3cbf9abe	London	001689101	ark:/81055/vdc_00000005DA7A	1879	http://www.flickr.com/photos/britishlibrary/11272985504	1	000239	11272985504	http://farm8.staticflickr.com/7366/11272985504_1496cc082d_m.jpg	149	240	http://farm8.staticflickr.com/7366/11272985504_1496cc082d.jpg	311	500	http://farm8.staticflickr.com/7366/11272985504_1496cc082d_b.jpg	637	1024	http://farm8.staticflickr.com/7366/11272985504_0b42b3c12d_o.jpg	853	1371
0	Union Historical Co.	The History of Madison County ... Illustrated			Des Moines	002336728		1879	http://www.flickr.com/photos/britishlibrary/11272918875	1	000119	11272918875	http://farm3.staticflickr.com/2865/11272918875_1d2d41a282_m.jpg	194	240	http://farm3.staticflickr.com/2865/11272918875_1d2d41a282.jpg	404	500	http://farm3.staticflickr.com/2865/11272918875_1d2d41a282_b.jpg	827	1024	http://farm3.staticflickr.com/2865/11272918875_79abaf6735_o.jpg	1287	1593
0	W. & R. Chambers	Story of St. Giles' Cathedral Church, Edinburgh. [With a plan.]	Chambers, William		Edinburgh	000655296		1879	http://www.flickr.com/photos/britishlibrary/11272984114	1	000010	11272984114	http://farm3.staticflickr.com/2854/11272984114_3dcd612697_m.jpg	240	178	http://farm3.staticflickr.com/2854/11272984114_3dcd612697.jpg	500	371	http://farm3.staticflickr.com/2854/11272984114_3dcd612697_b.jpg	1024	760	http://farm3.staticflickr.com/2854/11272984114_428745d1ea_o.jpg	1212	900
01	American News Company	Round the world with General Grant. A narrative of the visit of General U. S. Grant ... to various countries ... in 1877, 1878, 1879. To which are added certain conversations with General Grant on questions connected with American politics and history ... With ... illustrations	YOUNG, John Russell.		New York	004002305		1879	http://www.flickr.com/photos/britishlibrary/11272983274	1	000539	11272983274	http://farm6.staticflickr.com/5485/11272983274_f49daa05f3_m.jpg	174	240	http://farm6.staticflickr.com/5485/11272983274_f49daa05f3.jpg	363	500	http://farm6.staticflickr.com/5485/11272983274_f49daa05f3_b.jpg	743	1024	http://farm6.staticflickr.com/5485/11272983274_747c00ce80_o.jpg	1243	1713
02	John Wiley & Sons	The Middle Kingdom; a survey of the geography, government, education, social life, arts, religion, &c. of the Chinese Empire and its inhabitants. With a new map of the Empire	WILLIAMS, Samuel Wells.		New York	003936389		1879	http://www.flickr.com/photos/britishlibrary/11273029493	1	000340	11273029493	http://farm8.staticflickr.com/7402/11273029493_3792c6d2c4_m.jpg	240	229	http://farm8.staticflickr.com/7402/11273029493_3792c6d2c4.jpg	500	478	http://farm8.staticflickr.com/7402/11273029493_3792c6d2c4_b.jpg	1024	978	http://farm8.staticflickr.com/7402/11273029493_82381ef087_o.jpg	1365	1304
0	A. Williams & Co.	History of the town of Hollis, New Hampshire, from its first settlement to ... 1879. ... Illustrated, etc	WORCESTER, Samuel T.		Boston [Mass.]	003975907		1879	http://www.flickr.com/photos/britishlibrary/11272957036	1	000337	11272957036	http://farm4.staticflickr.com/3668/11272957036_05958d6f23_m.jpg	240	199	http://farm4.staticflickr.com/3668/11272957036_05958d6f23.jpg	500	416	http://farm4.staticflickr.com/3668/11272957036_05958d6f23_b.jpg	1024	851	http://farm4.staticflickr.com/3668/11272957036_6201b6557b_o.jpg	1252	1040
0		Materialien für den Unterricht in der Geographie nach der constructiven Methode	WENZ, Gustav Geographer		München	003889554		1879	http://www.flickr.com/photos/britishlibrary/11272916035	2	000097	11272916035	http://farm3.staticflickr.com/2847/11272916035_9f6b1cd7f1_m.jpg	183	240	http://farm3.staticflickr.com/2847/11272916035_9f6b1cd7f1.jpg	381	500	http://farm3.staticflickr.com/2847/11272916035_9f6b1cd7f1_b.jpg	781	1024	http://farm3.staticflickr.com/2847/11272916035_87128f4783_o.jpg	1137	1491
0		Materialien für den Unterricht in der Geographie nach der constructiven Methode	WENZ, Gustav Geographer		München	003889554		1879	http://www.flickr.com/photos/britishlibrary/11273028803	1	000093	11273028803	http://farm4.staticflickr.com/3756/11273028803_b775e668f7_m.jpg	161	240	http://farm4.staticflickr.com/3756/11273028803_b775e668f7.jpg	336	500	http://farm4.staticflickr.com/3756/11273028803_b775e668f7_b.jpg	689	1024	http://farm4.staticflickr.com/3756/11273028803_96cf5f9ff6_o.jpg	1003	1491
01	William Mackenzie	The National Burns. Edited by Rev. George Gilfillan, including the airs of all the songs, and an original life of Burns by the editor. [With plates, including portraits.]	Burns, Robert		Glasgow	000543200		1879	http://www.flickr.com/photos/britishlibrary/11272915515	1	000164	11272915515	http://farm6.staticflickr.com/5534/11272915515_163b58f2f5_m.jpg	240	207	http://farm6.staticflickr.com/5534/11272915515_163b58f2f5.jpg	500	432	http://farm6.staticflickr.com/5534/11272915515_163b58f2f5_b.jpg	1024	885	http://farm6.staticflickr.com/5534/11272915515_343b7d4071_o.jpg	1288	1113
0	Wesleyan Conference Office	Rambles in Bible Lands	NEWTON, Richard D.D., Rector of St. Paul's Church, Philadelphia	lsidyv3ca35e3a	London	002646495	ark:/81055/vdc_00000005C826	1879	http://www.flickr.com/photos/britishlibrary/11272946526	1	000172	11272946526	http://farm8.staticflickr.com/7427/11272946526_dc388a93b8_m.jpg	240	222	http://farm8.staticflickr.com/7427/11272946526_dc388a93b8.jpg	500	462	http://farm8.staticflickr.com/7427/11272946526_dc388a93b8_b.jpg	1024	947	http://farm8.staticflickr.com/7427/11272946526_51914d2b85_o.jpg	1466	1356
02	American News Company	Round the world with General Grant. A narrative of the visit of General U. S. Grant ... to various countries ... in 1877, 1878, 1879. To which are added certain conversations with General Grant on questions connected with American politics and history ... With ... illustrations	YOUNG, John Russell.		New York	004002305		1879	http://www.flickr.com/photos/britishlibrary/11272980334	1	000095	11272980334	http://farm6.staticflickr.com/5502/11272980334_274d8daae0_m.jpg	162	240	http://farm6.staticflickr.com/5502/11272980334_274d8daae0.jpg	338	500	http://farm6.staticflickr.com/5502/11272980334_274d8daae0_b.jpg	692	1024	http://farm6.staticflickr.com/5502/11272980334_ba40317899_o.jpg	1115	1650
02		Danmarks og Norges Historie i Slutningen af det 16de Aarhundrede	TROELS-LUND, Troels Frederik.		Kjøbenhavn	003677661		1879	http://www.flickr.com/photos/britishlibrary/11272953036	1	000330	11272953036	http://farm3.staticflickr.com/2848/11272953036_b079d49679_m.jpg	240	221	http://farm3.staticflickr.com/2848/11272953036_b079d49679.jpg	500	460	http://farm3.staticflickr.com/2848/11272953036_b079d49679_b.jpg	1024	943	http://farm3.staticflickr.com/2848/11272953036_c4363365d7_o.jpg	1461	1345
0	Marcus Ward & Co.	Our Native Land, its scenery and associations. A series of 36 water-colour sketches after Rowbotham, Read, Needham, and other eminent artists. With descriptive notes. [The author of the text identified on the wrapper of pt. 1 as “the author of By Loch and by Land”, i.e. Jean L. Watson.]	WATSON, Jean L.		London	001140593		1879	http://www.flickr.com/photos/britishlibrary/11272952286	1	000304	11272952286	http://farm6.staticflickr.com/5508/11272952286_331687bef4_m.jpg	240	152	http://farm6.staticflickr.com/5508/11272952286_331687bef4.jpg	500	316	http://farm6.staticflickr.com/5508/11272952286_331687bef4_b.jpg	1024	648	http://farm6.staticflickr.com/5508/11272952286_3af969c4e3_o.jpg	1691	1070
0	Cassell, Petter, Galpin & Co.	Morocco: its people and places ... Translated by C. Rollin-Tilton. With ... illustrations	AMICIS, Edmondo de.	lsidyv3c6b00d2	London	000070870	ark:/81055/vdc_00000005AC0C	1879	http://www.flickr.com/photos/britishlibrary/11272912505	1	000202	11272912505	http://farm4.staticflickr.com/3814/11272912505_f9af8ab6c9_m.jpg	156	240	http://farm4.staticflickr.com/3814/11272912505_f9af8ab6c9.jpg	324	500	http://farm4.staticflickr.com/3814/11272912505_f9af8ab6c9_b.jpg	664	1024	http://farm4.staticflickr.com/3814/11272912505_4eb780d4cf_o.jpg	1016	1568
0	Moses King	King's Handbook of Boston. Profusely illustrated. [With a map.]	KING, Moses.		Cambridge, Mass	001968594		1879	http://www.flickr.com/photos/britishlibrary/11272911665	1	000224	11272911665	http://farm4.staticflickr.com/3794/11272911665_92f8033184_m.jpg	219	240	http://farm4.staticflickr.com/3794/11272911665_92f8033184.jpg	457	500	http://farm4.staticflickr.com/3794/11272911665_92f8033184_b.jpg	935	1024	http://farm4.staticflickr.com/3794/11272911665_9659e4c86e_o.jpg	1051	1151
01		Paris à travers les siècles. Histoire nationale de Paris et des Parisiens depuis la fondation de Lutèce jusqu'à nos jours, etc	GOURDON DE GENOUILLAC, Nicolas Jules Henri.		Paris	001476975		1879	http://www.flickr.com/photos/britishlibrary/11272911285	1	000138	11272911285	http://farm8.staticflickr.com/7423/11272911285_62b27655a8_m.jpg	240	165	http://farm8.staticflickr.com/7423/11272911285_62b27655a8.jpg	500	344	http://farm8.staticflickr.com/7423/11272911285_62b27655a8_b.jpg	1024	705	http://farm8.staticflickr.com/7423/11272911285_4aae34b81e_o.jpg	1353	931
0	F. W. Bird	History of the Town of Douglas, Massachusetts, from the earliest period to the close of 1878	EMERSON, William Andrew.		Boston [Mass.]	001065911		1879	http://www.flickr.com/photos/britishlibrary/11273021923	2	000063	11273021923	http://farm8.staticflickr.com/7444/11273021923_c1650bed88_m.jpg	188	240	http://farm8.staticflickr.com/7444/11273021923_c1650bed88.jpg	392	500	http://farm8.staticflickr.com/7444/11273021923_c1650bed88_b.jpg	803	1024	http://farm8.staticflickr.com/7444/11273021923_39623b9cea_o.jpg	1128	1438
0	C. R. Barns	Switzler's Illustrated History of Missouri, from 1541 to 1877, etc. [Edited by C. R. Barns. From the larger work edited by him, entitled: “The Commonwealth of Missouri.”]	BARNS, Chancy R.		Saint Louis	000206134		1879	http://www.flickr.com/photos/britishlibrary/11273022443	1	000068	11273022443	http://farm8.staticflickr.com/7312/11273022443_a63f45b73e_m.jpg	145	240	http://farm8.staticflickr.com/7312/11273022443_a63f45b73e.jpg	301	500	http://farm8.staticflickr.com/7312/11273022443_a63f45b73e_b.jpg	617	1024	http://farm8.staticflickr.com/7312/11273022443_171f29ce80_o.jpg	955	1584
0	C. R. Barns	Switzler's Illustrated History of Missouri, from 1541 to 1877, etc. [Edited by C. R. Barns. From the larger work edited by him, entitled: “The Commonwealth of Missouri.”]	BARNS, Chancy R.		Saint Louis	000206134		1879	http://www.flickr.com/photos/britishlibrary/11272948076	1	000041	11272948076	http://farm3.staticflickr.com/2869/11272948076_5333f4e103_m.jpg	167	240	http://farm3.staticflickr.com/2869/11272948076_5333f4e103.jpg	347	500	http://farm3.staticflickr.com/2869/11272948076_5333f4e103_b.jpg	711	1024	http://farm3.staticflickr.com/2869/11272948076_5472fabcc1_o.jpg	876	1261
0	Waterlow & Sons	Up the River from Westminster to Windsor and Oxford; a descriptive panorama of Thames Scenery			London	003606029		1879	http://www.flickr.com/photos/britishlibrary/11272974134	1	000051	11272974134	http://farm6.staticflickr.com/5492/11272974134_8b837f4716_m.jpg	147	240	http://farm6.staticflickr.com/5492/11272974134_8b837f4716.jpg	307	500	http://farm6.staticflickr.com/5492/11272974134_8b837f4716_b.jpg	629	1024	http://farm6.staticflickr.com/5492/11272974134_f6306c4763_o.jpg	951	1548
0	Houghton & Hammond	Some Account of Colton and of the De Wasteney's Family. [By F. P. Parker. With plates and a map.]	PARKER, Frederick Perrot.		Birmingham	000753966		1879	http://www.flickr.com/photos/britishlibrary/11272973714	1	000124	11272973714	http://farm3.staticflickr.com/2820/11272973714_fc20d10391_m.jpg	240	222	http://farm3.staticflickr.com/2820/11272973714_fc20d10391.jpg	500	463	http://farm3.staticflickr.com/2820/11272973714_fc20d10391_b.jpg	1024	949	http://farm3.staticflickr.com/2820/11272973714_e0546e1ef5_o.jpg	1208	1120
01	American News Company	Round the world with General Grant. A narrative of the visit of General U. S. Grant ... to various countries ... in 1877, 1878, 1879. To which are added certain conversations with General Grant on questions connected with American politics and history ... With ... illustrations	YOUNG, John Russell.		New York	004002305		1879	http://www.flickr.com/photos/britishlibrary/11272906085	1	000541	11272906085	http://farm4.staticflickr.com/3698/11272906085_e34b162762_m.jpg	180	240	http://farm4.staticflickr.com/3698/11272906085_e34b162762.jpg	374	500	http://farm4.staticflickr.com/3698/11272906085_e34b162762_b.jpg	766	1024	http://farm4.staticflickr.com/3698/11272906085_d2f4dcf9a1_o.jpg	1235	1650
0		Saint-Pierre de Rome. Ouvrage illustré, etc	LORBAC, Charles de.		Rome	002259706		1879	http://www.flickr.com/photos/britishlibrary/11273019073	1	000071	11273019073	http://farm6.staticflickr.com/5532/11273019073_eb6c3f02ef_m.jpg	240	234	http://farm6.staticflickr.com/5532/11273019073_eb6c3f02ef.jpg	500	487	http://farm6.staticflickr.com/5532/11273019073_eb6c3f02ef_b.jpg	1024	997	http://farm6.staticflickr.com/5532/11273019073_6456f4d22c_o.jpg	1043	1016
01	John Wiley & Sons	The Middle Kingdom; a survey of the geography, government, education, social life, arts, religion, &c. of the Chinese Empire and its inhabitants. With a new map of the Empire	WILLIAMS, Samuel Wells.		New York	003936389		1879	http://www.flickr.com/photos/britishlibrary/11272945066	1	000455	11272945066	http://farm8.staticflickr.com/7419/11272945066_9f5eee4cf4_m.jpg	216	240	http://farm8.staticflickr.com/7419/11272945066_9f5eee4cf4.jpg	450	500	http://farm8.staticflickr.com/7419/11272945066_9f5eee4cf4_b.jpg	921	1024	http://farm8.staticflickr.com/7419/11272945066_26f45ab892_o.jpg	1045	1162
0		Saint-Pierre de Rome. Ouvrage illustré, etc	LORBAC, Charles de.		Rome	002259706		1879	http://www.flickr.com/photos/britishlibrary/11272971404	1	000112	11272971404	http://farm3.staticflickr.com/2882/11272971404_710cc683fd_m.jpg	240	150	http://farm3.staticflickr.com/2882/11272971404_710cc683fd.jpg	500	313	http://farm3.staticflickr.com/2882/11272971404_710cc683fd_b.jpg	1024	640	http://farm3.staticflickr.com/2882/11272971404_fefe121ec7_o.jpg	1836	1148
02	American News Company	Round the world with General Grant. A narrative of the visit of General U. S. Grant ... to various countries ... in 1877, 1878, 1879. To which are added certain conversations with General Grant on questions connected with American politics and history ... With ... illustrations	YOUNG, John Russell.		New York	004002305		1879	http://www.flickr.com/photos/britishlibrary/11272904695	1	000576	11272904695	http://farm4.staticflickr.com/3791/11272904695_0e62d08bfc_m.jpg	179	240	http://farm4.staticflickr.com/3791/11272904695_0e62d08bfc.jpg	372	500	http://farm4.staticflickr.com/3791/11272904695_0e62d08bfc_b.jpg	762	1024	http://farm4.staticflickr.com/3791/11272904695_18e4c9daa6_o.jpg	1242	1670
01	American News Company	Round the world with General Grant. A narrative of the visit of General U. S. Grant ... to various countries ... in 1877, 1878, 1879. To which are added certain conversations with General Grant on questions connected with American politics and history ... With ... illustrations	YOUNG, John Russell.		New York	004002305		1879	http://www.flickr.com/photos/britishlibrary/11273017613	1	000416	11273017613	http://farm4.staticflickr.com/3691/11273017613_a5f8e1b156_m.jpg	240	166	http://farm4.staticflickr.com/3691/11273017613_a5f8e1b156.jpg	500	346	http://farm4.staticflickr.com/3691/11273017613_a5f8e1b156_b.jpg	1024	708	http://farm4.staticflickr.com/3691/11273017613_4fc881458a_o.jpg	1591	1100
0	W. Le Baron, Jr., & Co.	The history of McLean County, Illinois, containing a history of the County [by C. P. Merriman], its cities, towns, etc. [by J. H. Burnham, H. H. Hill, and A. W. Kellogg]	HILL, H. H. Historian		Chicago	002326542		1879	http://www.flickr.com/photos/britishlibrary/11272942356	1	000377	11272942356	http://farm4.staticflickr.com/3693/11272942356_1085be1d74_m.jpg	199	240	http://farm4.staticflickr.com/3693/11272942356_1085be1d74.jpg	414	500	http://farm4.staticflickr.com/3693/11272942356_1085be1d74_b.jpg	848	1024	http://farm4.staticflickr.com/3693/11272942356_6cea4bc04f_o.jpg	1298	1567
0		Guide to the District of Craven and the Settle and Carlisle Railway. With illustrations ... Second edition	THOMSON, John Radford.	lsidyv3c2e77e2	London	003626824	ark:/81055/vdc_0000000577BC	1879	http://www.flickr.com/photos/britishlibrary/11273016543	1	000057	11273016543	http://farm3.staticflickr.com/2838/11273016543_f076ab7789_m.jpg	202	240	http://farm3.staticflickr.com/2838/11273016543_f076ab7789.jpg	421	500	http://farm3.staticflickr.com/2838/11273016543_f076ab7789_b.jpg	862	1024	http://farm3.staticflickr.com/2838/11273016543_2c9b2e2f13_o.jpg	1058	1257
0	W. H. Luke	Illustrated Handbook to Plymouth, Stonehouse & Devonport, with a new map ... New and enlarged edition	WRIGHT, William Henry Kearley.		Plymouth	003985100		1879	http://www.flickr.com/photos/britishlibrary/11272902785	1	000045	11272902785	http://farm8.staticflickr.com/7364/11272902785_371709c3bf_m.jpg	213	240	http://farm8.staticflickr.com/7364/11272902785_371709c3bf.jpg	444	500	http://farm8.staticflickr.com/7364/11272902785_371709c3bf_b.jpg	909	1024	http://farm8.staticflickr.com/7364/11272902785_eba1559f9d_o.jpg	1125	1267
0	Harper & Bros.	What Mr. Darwin saw in his Voyage round The World in the Ship “Beagle.” [Compiled and adapted from “Journal of Researches into the Geology and Natural History of the Various Countries visited by H.M.S. Beagle, etc.”]	Darwin, Charles	lsidyv3c8ea4b0	New York	000868098	ark:/81055/vdc_00000005BB84	1879	http://www.flickr.com/photos/britishlibrary/11272940766	1	000148	11272940766	http://farm3.staticflickr.com/2818/11272940766_672bdb8af3_m.jpg	173	240	http://farm3.staticflickr.com/2818/11272940766_672bdb8af3.jpg	361	500	http://farm3.staticflickr.com/2818/11272940766_672bdb8af3_b.jpg	739	1024	http://farm3.staticflickr.com/2818/11272940766_b02febc12c_o.jpg	1061	1471
02	D. Appleton & Co.	[Appleton's European Guide Book illustrated. Including England, Scotland, and Ireland, France, Belgium, Holland, Northern and Southern Germany, Switzerland, Italy, Spain and Portugal, Russia, Denmark, Norway, and Sweden. Containing ... maps, etc.]	APPLETON, Daniel AND CO	lsidyv3cbe7355	New York; Longmans & Co	000100280	ark:/81055/vdc_00000005D9DE	1879	http://www.flickr.com/photos/britishlibrary/11272940556	1	000624	11272940556	http://farm4.staticflickr.com/3679/11272940556_31eb61e2ca_m.jpg	193	240	http://farm4.staticflickr.com/3679/11272940556_31eb61e2ca.jpg	401	500	http://farm4.staticflickr.com/3679/11272940556_31eb61e2ca_b.jpg	822	1024	http://farm4.staticflickr.com/3679/11272940556_8105f2281b_o.jpg	1031	1284
01	Tinsley Brothers	Berlin under the New Empire, its institutions, inhabitants, industry ... With ... engravings, etc	VIZETELLY, Henry.		London	003807524		1879	http://www.flickr.com/photos/britishlibrary/11272967184	2	000242	11272967184	http://farm6.staticflickr.com/5485/11272967184_33b048063c_m.jpg	188	240	http://farm6.staticflickr.com/5485/11272967184_33b048063c.jpg	391	500	http://farm6.staticflickr.com/5485/11272967184_33b048063c_b.jpg	800	1024	http://farm6.staticflickr.com/5485/11272967184_cc17e99eae_o.jpg	1072	1373
0	Cassell, Petter, Galpin & Co.	Morocco: its people and places ... Translated by C. Rollin-Tilton. With ... illustrations	AMICIS, Edmondo de.	lsidyv3c6b00d2	London	000070870	ark:/81055/vdc_00000005AC0C	1879	http://www.flickr.com/photos/britishlibrary/11272900065	1	000154	11272900065	http://farm6.staticflickr.com/5471/11272900065_379607910c_m.jpg	240	167	http://farm6.staticflickr.com/5471/11272900065_379607910c.jpg	500	348	http://farm6.staticflickr.com/5471/11272900065_379607910c_b.jpg	1024	713	http://farm6.staticflickr.com/5471/11272900065_70d37bc65e_o.jpg	1470	1023
0		[Brazil and the Brazilians ... in historical and descriptive sketches ... Engravings.]	KIDDER, Daniel Parish and FLETCHER (James C.)		London	001961854		1879	http://www.flickr.com/photos/britishlibrary/11273013203	1	000516	11273013203	http://farm4.staticflickr.com/3737/11273013203_d3c8a756ff_m.jpg	240	75	http://farm4.staticflickr.com/3737/11273013203_d3c8a756ff.jpg	500	157	http://farm4.staticflickr.com/3737/11273013203_d3c8a756ff_b.jpg	1024	321	http://farm4.staticflickr.com/3737/11273013203_2a0f2e6306_o.jpg	2298	720
0		The Children's fairy geography, or a merry trip round Europe	WINSLOW, Forbes Edward.	lsidyv3c92d153	London	003952456	ark:/81055/vdc_00000005BE18	1879	http://www.flickr.com/photos/britishlibrary/11272965484	1	000035	11272965484	http://farm8.staticflickr.com/7388/11272965484_5eb8b6261e_m.jpg	238	240	http://farm8.staticflickr.com/7388/11272965484_5eb8b6261e.jpg	495	500	http://farm8.staticflickr.com/7388/11272965484_5eb8b6261e_b.jpg	1014	1024	http://farm8.staticflickr.com/7388/11272965484_239a757821_o.jpg	1036	1046
0		Monuments religieux, civils et militaires du Gatinais, ... depuis le XIe jusqu'au XVIIe siècle. ... Ouvrage accompagné de planches, etc	MICHEL, Edmond.		Lyon	002482448		1879	http://www.flickr.com/photos/britishlibrary/11272963904	1	000585	11272963904	http://farm8.staticflickr.com/7425/11272963904_4bc1e9773e_m.jpg	240	137	http://farm8.staticflickr.com/7425/11272963904_4bc1e9773e.jpg	500	286	http://farm8.staticflickr.com/7425/11272963904_4bc1e9773e_b.jpg	1024	586	http://farm8.staticflickr.com/7425/11272963904_9e4cc15c72_o.jpg	1442	825
0	[Ward, Lock & Co.	[Charles O'Malley, the Irish Dragoon. Edited by Harry Lorrequer. [By C. J. L.]]	LEVER, Charles James.		London,] Perth [printed	002150760		1879	http://www.flickr.com/photos/britishlibrary/11272937606	1	000488	11272937606	http://farm4.staticflickr.com/3713/11272937606_0d142ee2df_m.jpg	218	240	http://farm4.staticflickr.com/3713/11272937606_0d142ee2df.jpg	453	500	http://farm4.staticflickr.com/3713/11272937606_0d142ee2df_b.jpg	928	1024	http://farm4.staticflickr.com/3713/11272937606_42e23f64b3_o.jpg	983	1085
01	D. Appleton & Co.	[Appleton's European Guide Book illustrated. Including England, Scotland, and Ireland, France, Belgium, Holland, Northern and Southern Germany, Switzerland, Italy, Spain and Portugal, Russia, Denmark, Norway, and Sweden. Containing ... maps, etc.]	APPLETON, Daniel AND CO	lsidyv3cbe7355	New York; Longmans & Co	000100280	ark:/81055/vdc_00000005D9DE	1879	http://www.flickr.com/photos/britishlibrary/11272936836	1	000131	11272936836	http://farm6.staticflickr.com/5488/11272936836_760bdfe18f_m.jpg	240	199	http://farm6.staticflickr.com/5488/11272936836_760bdfe18f.jpg	500	415	http://farm6.staticflickr.com/5488/11272936836_760bdfe18f_b.jpg	1024	849	http://farm6.staticflickr.com/5488/11272936836_9487b25030_o.jpg	1488	1233
0	Harper & Bros.	From Egypt to Palestine through Sinai, the Wilderness and the South Country. Observations of a journey made with special reference to the history of the Israelites ... With maps and illustrations	BARTLETT, Samuel Colcord.	lsidyv3c53baba	New York	000216339	ark:/81055/vdc_000000059CA0	1879	http://www.flickr.com/photos/britishlibrary/11273010293	1	000287	11273010293	http://farm3.staticflickr.com/2808/11273010293_3c41e7d02e_m.jpg	175	240	http://farm3.staticflickr.com/2808/11273010293_3c41e7d02e.jpg	365	500	http://farm3.staticflickr.com/2808/11273010293_3c41e7d02e_b.jpg	748	1024	http://farm3.staticflickr.com/2808/11273010293_2734480f16_o.jpg	983	1346
01		The Australian abroad. Branches from the Main Routes round the World. [Reprinted from the Melbourne “Argus.” With illustrations.] 2 series	HINGSTON, James.	lsidyv3cbf9abe	London	001689101	ark:/81055/vdc_00000005DA7A	1879	http://www.flickr.com/photos/britishlibrary/11272935946	1	000139	11272935946	http://farm4.staticflickr.com/3704/11272935946_128ea0ef4d_m.jpg	179	240	http://farm4.staticflickr.com/3704/11272935946_128ea0ef4d.jpg	372	500	http://farm4.staticflickr.com/3704/11272935946_128ea0ef4d_b.jpg	762	1024	http://farm4.staticflickr.com/3704/11272935946_61770fed53_o.jpg	972	1306
0	John Murray	[The Student's Manual of Modern Geography. Mathematical, physical, and descriptive.]	BEVAN, William Latham.	lsidyv3ca2f2a9	London	000307737	ark:/81055/vdc_00000005C7F6	1879	http://www.flickr.com/photos/britishlibrary/11272962204	1	000151	11272962204	http://farm4.staticflickr.com/3711/11272962204_6e7611369d_m.jpg	170	240	http://farm4.staticflickr.com/3711/11272962204_6e7611369d.jpg	355	500	http://farm4.staticflickr.com/3711/11272962204_6e7611369d_b.jpg	727	1024	http://farm4.staticflickr.com/3711/11272962204_8863faa7d2_o.jpg	870	1225
0	Everts & Ensign	History of Toga, Chemung, Tompkins, and Schuyler Counties, New York. With illustrations and biographical sketches of some of its prominent men and pioneers	PEIRCE, Henry B. and HURD (Duane Hamilton)		Philadelphia	002810116		1879	http://www.flickr.com/photos/britishlibrary/11272895695	1	000699	11272895695	http://farm3.staticflickr.com/2848/11272895695_406fda42b3_m.jpg	240	186	http://farm3.staticflickr.com/2848/11272895695_406fda42b3.jpg	500	388	http://farm3.staticflickr.com/2848/11272895695_406fda42b3_b.jpg	1024	794	http://farm3.staticflickr.com/2848/11272895695_9b6e9fabd4_o.jpg	1267	983
0	Macmillan and Co.	The Arctic Voyages of A. E. Nordenskiöld. 1858-1879. With illustrations and maps	LESLIE, Alexander of Aberdeen		London	002142895		1879	http://www.flickr.com/photos/britishlibrary/11273008083	1	000109	11273008083	http://farm6.staticflickr.com/5524/11273008083_81dde7b7c1_m.jpg	156	240	http://farm6.staticflickr.com/5524/11273008083_81dde7b7c1.jpg	325	500	http://farm6.staticflickr.com/5524/11273008083_81dde7b7c1_b.jpg	666	1024	http://farm6.staticflickr.com/5524/11273008083_a10391e7dc_o.jpg	866	1331
01	Tinsley Brothers	Berlin under the New Empire, its institutions, inhabitants, industry ... With ... engravings, etc	VIZETELLY, Henry.		London	003807524		1879	http://www.flickr.com/photos/britishlibrary/11273008433	1	000322	11273008433	http://farm3.staticflickr.com/2836/11273008433_97207fd289_m.jpg	131	240	http://farm3.staticflickr.com/2836/11273008433_97207fd289.jpg	274	500	http://farm3.staticflickr.com/2836/11273008433_97207fd289_b.jpg	561	1024	http://farm3.staticflickr.com/2836/11273008433_b60ded14f6_o.jpg	778	1421
0		Monuments religieux, civils et militaires du Gatinais, ... depuis le XIe jusqu'au XVIIe siècle. ... Ouvrage accompagné de planches, etc	MICHEL, Edmond.		Lyon	002482448		1879	http://www.flickr.com/photos/britishlibrary/11273006963	1	000533	11273006963	http://farm3.staticflickr.com/2886/11273006963_24b322ee63_m.jpg	219	240	http://farm3.staticflickr.com/2886/11273006963_24b322ee63.jpg	457	500	http://farm3.staticflickr.com/2886/11273006963_24b322ee63_b.jpg	936	1024	http://farm3.staticflickr.com/2886/11273006963_9306ccf175_o.jpg	997	1091
02	American News Company	Round the world with General Grant. A narrative of the visit of General U. S. Grant ... to various countries ... in 1877, 1878, 1879. To which are added certain conversations with General Grant on questions connected with American politics and history ... With ... illustrations	YOUNG, John Russell.		New York	004002305		1879	http://www.flickr.com/photos/britishlibrary/11272959054	1	000421	11272959054	http://farm3.staticflickr.com/2884/11272959054_b599fcded2_m.jpg	240	182	http://farm3.staticflickr.com/2884/11272959054_b599fcded2.jpg	500	380	http://farm3.staticflickr.com/2884/11272959054_b599fcded2_b.jpg	1024	778	http://farm3.staticflickr.com/2884/11272959054_373a9fdea9_o.jpg	1496	1136
0		[Brazil and the Brazilians ... in historical and descriptive sketches ... Engravings.]	KIDDER, Daniel Parish and FLETCHER (James C.)		London	001961854		1879	http://www.flickr.com/photos/britishlibrary/11273007023	1	000563	11273007023	http://farm4.staticflickr.com/3700/11273007023_1f203e3bd9_m.jpg	183	240	http://farm4.staticflickr.com/3700/11273007023_1f203e3bd9.jpg	381	500	http://farm4.staticflickr.com/3700/11273007023_1f203e3bd9_b.jpg	781	1024	http://farm4.staticflickr.com/3700/11273007023_58ef8a7a07_o.jpg	1045	1371
0	Western Historical Company	The history of Lee County, Iowa. ... Illustrated				002109349		1879	http://www.flickr.com/photos/britishlibrary/11272931036	1	000085	11272931036	http://farm3.staticflickr.com/2817/11272931036_344070ca71_m.jpg	170	240	http://farm3.staticflickr.com/2817/11272931036_344070ca71.jpg	355	500	http://farm3.staticflickr.com/2817/11272931036_344070ca71_b.jpg	727	1024	http://farm3.staticflickr.com/2817/11272931036_8b6425178f_o.jpg	1118	1574
0	Religious Tract Society	The Lands of Scripture: comprising “Those Holy Fields”; “The Land of the Pharaohs” [both by S. M.]; “Pictures from Bible Lands” (edited by S. G. Green. The illustrations by E. Whymper, etc.)	MANNING, Samuel LL.D		London	002369128		1879	http://www.flickr.com/photos/britishlibrary/11272930506	2	000247	11272930506	http://farm3.staticflickr.com/2823/11272930506_150cefa1a5_m.jpg	240	158	http://farm3.staticflickr.com/2823/11272930506_150cefa1a5.jpg	500	330	http://farm3.staticflickr.com/2823/11272930506_150cefa1a5_b.jpg	1024	676	http://farm3.staticflickr.com/2823/11272930506_9a9a63f76e_o.jpg	1441	951
0	Wesleyan Conference Office	Rambles in Bible Lands	NEWTON, Richard D.D., Rector of St. Paul's Church, Philadelphia	lsidyv3ca35e3a	London	002646495	ark:/81055/vdc_00000005C826	1879	http://www.flickr.com/photos/britishlibrary/11272957824	1	000255	11272957824	http://farm3.staticflickr.com/2860/11272957824_7d81179d7f_m.jpg	231	240	http://farm3.staticflickr.com/2860/11272957824_7d81179d7f.jpg	480	500	http://farm3.staticflickr.com/2860/11272957824_7d81179d7f_b.jpg	984	1024	http://farm3.staticflickr.com/2860/11272957824_bac7069c09_o.jpg	1322	1376
01	D. Appleton & Co.	[Appleton's European Guide Book illustrated. Including England, Scotland, and Ireland, France, Belgium, Holland, Northern and Southern Germany, Switzerland, Italy, Spain and Portugal, Russia, Denmark, Norway, and Sweden. Containing ... maps, etc.]	APPLETON, Daniel AND CO	lsidyv3cbe7355	New York; Longmans & Co	000100280	ark:/81055/vdc_00000005D9DE	1879	http://www.flickr.com/photos/britishlibrary/11272929796	1	000279	11272929796	http://farm4.staticflickr.com/3807/11272929796_b880b71cd1_m.jpg	156	240	http://farm4.staticflickr.com/3807/11272929796_b880b71cd1.jpg	325	500	http://farm4.staticflickr.com/3807/11272929796_b880b71cd1_b.jpg	665	1024	http://farm4.staticflickr.com/3807/11272929796_a3cf53cd42_o.jpg	801	1233
0		Száz év Dél-Magyarország ujabb történetéből, 1779-től napjainkig, etc. köt 1. füz. 1-3	SZENTKLÁRAY, Jenő.		Temesvárott	003566862		1879	http://www.flickr.com/photos/britishlibrary/11272956184	1	000006	11272956184	http://farm8.staticflickr.com/7321/11272956184_898fa6c200_m.jpg	240	147	http://farm8.staticflickr.com/7321/11272956184_898fa6c200.jpg	500	306	http://farm8.staticflickr.com/7321/11272956184_898fa6c200_b.jpg	1024	627	http://farm8.staticflickr.com/7321/11272956184_907fcc60fe_o.jpg	1786	1093
01	American News Company	Round the world with General Grant. A narrative of the visit of General U. S. Grant ... to various countries ... in 1877, 1878, 1879. To which are added certain conversations with General Grant on questions connected with American politics and history ... With ... illustrations	YOUNG, John Russell.		New York	004002305		1879	http://www.flickr.com/photos/britishlibrary/11273003593	1	000608	11273003593	http://farm8.staticflickr.com/7356/11273003593_a20e05e0f0_m.jpg	171	240	http://farm8.staticflickr.com/7356/11273003593_a20e05e0f0.jpg	355	500	http://farm8.staticflickr.com/7356/11273003593_a20e05e0f0_b.jpg	728	1024	http://farm8.staticflickr.com/7356/11273003593_b9af6c877f_o.jpg	1220	1716
0	Everts & Ensign	History of Toga, Chemung, Tompkins, and Schuyler Counties, New York. With illustrations and biographical sketches of some of its prominent men and pioneers	PEIRCE, Henry B. and HURD (Duane Hamilton)		Philadelphia	002810116		1879	http://www.flickr.com/photos/britishlibrary/11272927906	1	001029	11272927906	http://farm4.staticflickr.com/3755/11272927906_ca7e00c256_m.jpg	240	202	http://farm4.staticflickr.com/3755/11272927906_ca7e00c256.jpg	500	420	http://farm4.staticflickr.com/3755/11272927906_ca7e00c256_b.jpg	1024	861	http://farm4.staticflickr.com/3755/11272927906_10f3364f8a_o.jpg	1472	1237
01	American News Company	Round the world with General Grant. A narrative of the visit of General U. S. Grant ... to various countries ... in 1877, 1878, 1879. To which are added certain conversations with General Grant on questions connected with American politics and history ... With ... illustrations	YOUNG, John Russell.		New York	004002305		1879	http://www.flickr.com/photos/britishlibrary/11272954624	1	000032	11272954624	http://farm8.staticflickr.com/7444/11272954624_c727d0aa8d_m.jpg	161	240	http://farm8.staticflickr.com/7444/11272954624_c727d0aa8d.jpg	336	500	http://farm8.staticflickr.com/7444/11272954624_c727d0aa8d_b.jpg	689	1024	http://farm8.staticflickr.com/7444/11272954624_b11c8359ed_o.jpg	1158	1722
02	American News Company	Round the world with General Grant. A narrative of the visit of General U. S. Grant ... to various countries ... in 1877, 1878, 1879. To which are added certain conversations with General Grant on questions connected with American politics and history ... With ... illustrations	YOUNG, John Russell.		New York	004002305		1879	http://www.flickr.com/photos/britishlibrary/11272954884	1	000163	11272954884	http://farm4.staticflickr.com/3756/11272954884_bf63a56780_m.jpg	169	240	http://farm4.staticflickr.com/3756/11272954884_bf63a56780.jpg	353	500	http://farm4.staticflickr.com/3756/11272954884_bf63a56780_b.jpg	723	1024	http://farm4.staticflickr.com/3756/11272954884_2664a36199_o.jpg	1176	1666
0		[Brazil and the Brazilians ... in historical and descriptive sketches ... Engravings.]	KIDDER, Daniel Parish and FLETCHER (James C.)		London	001961854		1879	http://www.flickr.com/photos/britishlibrary/11272887045	1	000377	11272887045	http://farm4.staticflickr.com/3767/11272887045_5856a2cdeb_m.jpg	143	240	http://farm4.staticflickr.com/3767/11272887045_5856a2cdeb.jpg	297	500	http://farm4.staticflickr.com/3767/11272887045_5856a2cdeb_b.jpg	609	1024	http://farm4.staticflickr.com/3767/11272887045_63e1ed87d3_o.jpg	852	1433
0	Harper & Bros.	From Egypt to Palestine through Sinai, the Wilderness and the South Country. Observations of a journey made with special reference to the history of the Israelites ... With maps and illustrations	BARTLETT, Samuel Colcord.	lsidyv3c53baba	New York	000216339	ark:/81055/vdc_000000059CA0	1879	http://www.flickr.com/photos/britishlibrary/11273000573	1	000392	11273000573	http://farm4.staticflickr.com/3796/11273000573_d2048b9fae_m.jpg	196	240	http://farm4.staticflickr.com/3796/11273000573_d2048b9fae.jpg	409	500	http://farm4.staticflickr.com/3796/11273000573_d2048b9fae_b.jpg	838	1024	http://farm4.staticflickr.com/3796/11273000573_dcb54acb14_o.jpg	1143	1396
01	Tinsley Brothers	Berlin under the New Empire, its institutions, inhabitants, industry ... With ... engravings, etc	VIZETELLY, Henry.		London	003807524		1879	http://www.flickr.com/photos/britishlibrary/11273000313	1	000238	11273000313	http://farm4.staticflickr.com/3752/11273000313_fef73a9a3a_m.jpg	183	240	http://farm4.staticflickr.com/3752/11273000313_fef73a9a3a.jpg	381	500	http://farm4.staticflickr.com/3752/11273000313_fef73a9a3a_b.jpg	781	1024	http://farm4.staticflickr.com/3752/11273000313_cedcdc01ac_o.jpg	893	1171
02		A magyar nemzet története. I. kötet írta Bodon J. és Dr. Szalay J. (II.-IV.) kötet, írta Dr. Szalay J.) [With portraits.]	BODON, József and SZALAY (József)		Budapest	000389221		1879	http://www.flickr.com/photos/britishlibrary/11272885375	1	000418	11272885375	http://farm6.staticflickr.com/5516/11272885375_9ab0d04753_m.jpg	240	224	http://farm6.staticflickr.com/5516/11272885375_9ab0d04753.jpg	500	467	http://farm6.staticflickr.com/5516/11272885375_9ab0d04753_b.jpg	1024	956	http://farm6.staticflickr.com/5516/11272885375_ef881a0110_o.jpg	1412	1318
0		[Brazil and the Brazilians ... in historical and descriptive sketches ... Engravings.]	KIDDER, Daniel Parish and FLETCHER (James C.)		London	001961854		1879	http://www.flickr.com/photos/britishlibrary/11272885505	1	000537	11272885505	http://farm3.staticflickr.com/2855/11272885505_31051864c6_m.jpg	142	240	http://farm3.staticflickr.com/2855/11272885505_31051864c6.jpg	295	500	http://farm3.staticflickr.com/2855/11272885505_31051864c6_b.jpg	605	1024	http://farm3.staticflickr.com/2855/11272885505_8987d66c67_o.jpg	822	1392
0		The Illustrated Guide to Sheffield and the surrounding district, etc	TAYLOR, John of Sheffield		Sheffield	003589731		1879	http://www.flickr.com/photos/britishlibrary/11272885275	1	000373	11272885275	http://farm4.staticflickr.com/3750/11272885275_0d680f0423_m.jpg	240	149	http://farm4.staticflickr.com/3750/11272885275_0d680f0423.jpg	500	310	http://farm4.staticflickr.com/3750/11272885275_0d680f0423_b.jpg	1024	635	http://farm4.staticflickr.com/3750/11272885275_d4afec935c_o.jpg	1371	850
01		Narrative of a journey through the province of Khorassan and on the N.W. frontier of Afghanistan in 1875 ... With illustrations	MacGregor, Charles Metcalfe Sir	lsidyv3c71d1bc	London	002315775	ark:/81055/vdc_00000005B032	1879	http://www.flickr.com/photos/britishlibrary/11272924106	1	000096	11272924106	http://farm6.staticflickr.com/5478/11272924106_59fe74cca7_m.jpg	240	95	http://farm6.staticflickr.com/5478/11272924106_59fe74cca7.jpg	500	198	http://farm6.staticflickr.com/5478/11272924106_59fe74cca7_b.jpg	1024	405	http://farm6.staticflickr.com/5478/11272924106_5fe51e878c_o.jpg	1867	738
0	J. Tweed	The Annals of Dumfermline and vicinity ... 1069-1878. Interspersed with ... notes, ... and ... engravings	HENDERSON, Ebenezer LL.D., F.R.A.S		Glasgow	001648659		1879	http://www.flickr.com/photos/britishlibrary/11272884105	1	000312	11272884105	http://farm6.staticflickr.com/5520/11272884105_a335fb3c03_m.jpg	140	240	http://farm6.staticflickr.com/5520/11272884105_a335fb3c03.jpg	291	500	http://farm6.staticflickr.com/5520/11272884105_a335fb3c03_b.jpg	596	1024	http://farm6.staticflickr.com/5520/11272884105_fbcc51a6c9_o.jpg	903	1552
0		The Black Forest, its people and legends. [With maps and illustrations.]	SÉGUIN, afterwards STRAHAN, Lisbeth Gooch.	lsidyv3bbdd558	London, Edinburgh	003328570	ark:/81055/vdc_000000053B26	1879	http://www.flickr.com/photos/britishlibrary/11272883495	1	000266	11272883495	http://farm8.staticflickr.com/7453/11272883495_062dd918de_m.jpg	240	143	http://farm8.staticflickr.com/7453/11272883495_062dd918de.jpg	500	299	http://farm8.staticflickr.com/7453/11272883495_062dd918de_b.jpg	1024	612	http://farm8.staticflickr.com/7453/11272883495_9fed50376d_o.jpg	1460	873
0	[Ward, Lock & Co.	[Charles O'Malley, the Irish Dragoon. Edited by Harry Lorrequer. [By C. J. L.]]	LEVER, Charles James.		London,] Perth [printed	002150760		1879	http://www.flickr.com/photos/britishlibrary/11272996983	1	000395	11272996983	http://farm4.staticflickr.com/3802/11272996983_b1a42d5ae8_m.jpg	225	240	http://farm4.staticflickr.com/3802/11272996983_b1a42d5ae8.jpg	469	500	http://farm4.staticflickr.com/3802/11272996983_b1a42d5ae8_b.jpg	960	1024	http://farm4.staticflickr.com/3802/11272996983_82bc6e8bdb_o.jpg	1025	1093
02	D. Appleton & Co.	[Appleton's European Guide Book illustrated. Including England, Scotland, and Ireland, France, Belgium, Holland, Northern and Southern Germany, Switzerland, Italy, Spain and Portugal, Russia, Denmark, Norway, and Sweden. Containing ... maps, etc.]	APPLETON, Daniel AND CO	lsidyv3cbe7355	New York; Longmans & Co	000100280	ark:/81055/vdc_00000005D9DE	1879	http://www.flickr.com/photos/britishlibrary/11272882865	1	000409	11272882865	http://farm6.staticflickr.com/5520/11272882865_279d347629_m.jpg	173	240	http://farm6.staticflickr.com/5520/11272882865_279d347629.jpg	360	500	http://farm6.staticflickr.com/5520/11272882865_279d347629_b.jpg	737	1024	http://farm6.staticflickr.com/5520/11272882865_42b8d1a2ed_o.jpg	918	1276
0		Viaje á la Patagonia austral emprendido bajo los auspicios del Gobierno Nacional 1876-1877. tom. 1	MORENO, Francisco Josué Pascasio.		Buenos Aires	002546654		1879	http://www.flickr.com/photos/britishlibrary/11272921716	1	000376	11272921716	http://farm6.staticflickr.com/5486/11272921716_e809de2f89_m.jpg	157	240	http://farm6.staticflickr.com/5486/11272921716_e809de2f89.jpg	327	500	http://farm6.staticflickr.com/5486/11272921716_e809de2f89_b.jpg	669	1024	http://farm6.staticflickr.com/5486/11272921716_69f1dcfe3b_o.jpg	995	1522
0		Les Rues du vieux Paris. Galerie populaire et pittoresque ... Ouvrage illustré de 165 gravures sur bois	FOURNEL, Victor.		Paris	001279089		1879	http://www.flickr.com/photos/britishlibrary/11272947834	1	000501	11272947834	http://farm4.staticflickr.com/3685/11272947834_efbcbf6ae6_m.jpg	240	186	http://farm4.staticflickr.com/3685/11272947834_efbcbf6ae6.jpg	500	388	http://farm4.staticflickr.com/3685/11272947834_efbcbf6ae6_b.jpg	1024	794	http://farm4.staticflickr.com/3685/11272947834_363af7ec3e_o.jpg	1336	1036
0	Religious Tract Society	English Pictures drawn with pen and pencil	MANNING, Samuel LL.D. and GREEN (Samuel Gosnell)	lsidyv3c492c1d	London	002369135	ark:/81055/vdc_000000059460	1879	http://www.flickr.com/photos/britishlibrary/11272993383	1	000142	11272993383	http://farm3.staticflickr.com/2840/11272993383_b82b1fba9a_m.jpg	175	240	http://farm3.staticflickr.com/2840/11272993383_b82b1fba9a.jpg	364	500	http://farm3.staticflickr.com/2840/11272993383_b82b1fba9a_b.jpg	746	1024	http://farm3.staticflickr.com/2840/11272993383_df20d0d927_o.jpg	967	1327
0	J. A. & R. A. Reid	The Past and the Present. Narragansett sea and shore. An illustrated guide to Providence, Newport, Narragansett Pier, Block Island, Watch Hill, Rocky Point, Silver Spring, and all the famous sea-side resorts of Rhode Island, with a map of Narragansett Bay	DENISON, Frederic.		Providence	000908069		1879	http://www.flickr.com/photos/britishlibrary/11272946624	1	000099	11272946624	http://farm4.staticflickr.com/3695/11272946624_6ca6c38c47_m.jpg	240	169	http://farm4.staticflickr.com/3695/11272946624_6ca6c38c47.jpg	500	353	http://farm4.staticflickr.com/3695/11272946624_6ca6c38c47_b.jpg	1024	722	http://farm4.staticflickr.com/3695/11272946624_418d86f76b_o.jpg	1315	927
0		The Illustrated Guide to Sheffield and the surrounding district, etc	TAYLOR, John of Sheffield		Sheffield	003589731		1879	http://www.flickr.com/photos/britishlibrary/11272920646	1	000338	11272920646	http://farm4.staticflickr.com/3800/11272920646_7fef7067fc_m.jpg	240	173	http://farm4.staticflickr.com/3800/11272920646_7fef7067fc.jpg	500	360	http://farm4.staticflickr.com/3800/11272920646_7fef7067fc_b.jpg	1024	738	http://farm4.staticflickr.com/3800/11272920646_984f219cea_o.jpg	1515	1092
0		Saint-Pierre de Rome. Ouvrage illustré, etc	LORBAC, Charles de.		Rome	002259706		1879	http://www.flickr.com/photos/britishlibrary/11272992593	1	000050	11272992593	http://farm4.staticflickr.com/3742/11272992593_4728bf961d_m.jpg	154	240	http://farm4.staticflickr.com/3742/11272992593_4728bf961d.jpg	322	500	http://farm4.staticflickr.com/3742/11272992593_4728bf961d_b.jpg	659	1024	http://farm4.staticflickr.com/3742/11272992593_81bb8b5fde_o.jpg	1111	1726
0		The Illustrated Guide to Sheffield and the surrounding district, etc	TAYLOR, John of Sheffield		Sheffield	003589731		1879	http://www.flickr.com/photos/britishlibrary/11272992023	1	000117	11272992023	http://farm3.staticflickr.com/2833/11272992023_6565f8da2d_m.jpg	193	240	http://farm3.staticflickr.com/2833/11272992023_6565f8da2d.jpg	403	500	http://farm3.staticflickr.com/2833/11272992023_6565f8da2d_b.jpg	825	1024	http://farm3.staticflickr.com/2833/11272992023_1567acd0e6_o.jpg	1140	1415
0	Everts & Ensign	History of Toga, Chemung, Tompkins, and Schuyler Counties, New York. With illustrations and biographical sketches of some of its prominent men and pioneers	PEIRCE, Henry B. and HURD (Duane Hamilton)		Philadelphia	002810116		1879	http://www.flickr.com/photos/britishlibrary/11272991703	1	000458	11272991703	http://farm6.staticflickr.com/5489/11272991703_cb0b1e6cb1_m.jpg	240	168	http://farm6.staticflickr.com/5489/11272991703_cb0b1e6cb1.jpg	500	349	http://farm6.staticflickr.com/5489/11272991703_cb0b1e6cb1_b.jpg	1024	715	http://farm6.staticflickr.com/5489/11272991703_2cbbc302a7_o.jpg	1446	1010
0	J. A. & R. A. Reid	The Past and the Present. Narragansett sea and shore. An illustrated guide to Providence, Newport, Narragansett Pier, Block Island, Watch Hill, Rocky Point, Silver Spring, and all the famous sea-side resorts of Rhode Island, with a map of Narragansett Bay	DENISON, Frederic.		Providence	000908069		1879	http://www.flickr.com/photos/britishlibrary/11272917766	2	000046	11272917766	http://farm4.staticflickr.com/3671/11272917766_3d79927db5_m.jpg	240	178	http://farm4.staticflickr.com/3671/11272917766_3d79927db5.jpg	500	371	http://farm4.staticflickr.com/3671/11272917766_3d79927db5_b.jpg	1024	760	http://farm4.staticflickr.com/3671/11272917766_cd729d3eb9_o.jpg	1321	981
0	Everts & Ensign	History of Toga, Chemung, Tompkins, and Schuyler Counties, New York. With illustrations and biographical sketches of some of its prominent men and pioneers	PEIRCE, Henry B. and HURD (Duane Hamilton)		Philadelphia	002810116		1879	http://www.flickr.com/photos/britishlibrary/11272916826	1	000899	11272916826	http://farm3.staticflickr.com/2848/11272916826_75ec841b9e_m.jpg	240	213	http://farm3.staticflickr.com/2848/11272916826_75ec841b9e.jpg	500	443	http://farm3.staticflickr.com/2848/11272916826_75ec841b9e_b.jpg	1024	908	http://farm3.staticflickr.com/2848/11272916826_7c7608e869_o.jpg	1383	1226
0	Murray Williamson & Phelps	The History of Adams County, Illinois ... Illustrated			Chicago	000014468		1879	http://www.flickr.com/photos/britishlibrary/11272942914	1	000619	11272942914	http://farm6.staticflickr.com/5508/11272942914_c4d765d703_m.jpg	240	225	http://farm6.staticflickr.com/5508/11272942914_c4d765d703.jpg	500	468	http://farm6.staticflickr.com/5508/11272942914_c4d765d703_b.jpg	1024	959	http://farm6.staticflickr.com/5508/11272942914_fb2ee9509d_o.jpg	1330	1246
01	American News Company	Round the world with General Grant. A narrative of the visit of General U. S. Grant ... to various countries ... in 1877, 1878, 1879. To which are added certain conversations with General Grant on questions connected with American politics and history ... With ... illustrations	YOUNG, John Russell.		New York	004002305		1879	http://www.flickr.com/photos/britishlibrary/11272989743	1	000523	11272989743	http://farm8.staticflickr.com/7407/11272989743_5c73cd047e_m.jpg	174	240	http://farm8.staticflickr.com/7407/11272989743_5c73cd047e.jpg	362	500	http://farm8.staticflickr.com/7407/11272989743_5c73cd047e_b.jpg	741	1024	http://farm8.staticflickr.com/7407/11272989743_e8a4dcbf79_o.jpg	1253	1731
0	Lee & Shepard	A summer jaunt through the old world: a record of an excursion made to and through Europe by the Tourgée educational party of 1878	HOLDEN, Luther L.	lsidyv3c9a5a21	Boston [Mass.]	001711043	ark:/81055/vdc_00000005C31C	1879	http://www.flickr.com/photos/britishlibrary/11272915156	1	000378	11272915156	http://farm6.staticflickr.com/5488/11272915156_af6a80737a_m.jpg	240	200	http://farm6.staticflickr.com/5488/11272915156_af6a80737a.jpg	500	416	http://farm6.staticflickr.com/5488/11272915156_af6a80737a_b.jpg	1024	852	http://farm6.staticflickr.com/5488/11272915156_302dda1f94_o.jpg	1476	1228
0		[Conversaciones históricas Malagueñas ó materiales de noticias ... para formar la historia ... de la ... ciudad de Málaga, ... que publica ... C. Garcia de la Leña [or rather C. de Medina Conde].]	MEDINA CONDE, Christóbal de.		Málaga	002444074		1879	http://www.flickr.com/photos/britishlibrary/11272874105	1	000281	11272874105	http://farm8.staticflickr.com/7380/11272874105_977cd8ed1c_m.jpg	240	231	http://farm8.staticflickr.com/7380/11272874105_977cd8ed1c.jpg	500	482	http://farm8.staticflickr.com/7380/11272874105_977cd8ed1c_b.jpg	1024	987	http://farm8.staticflickr.com/7380/11272874105_52d81e417d_o.jpg	1263	1217
02	Tinsley Brothers	Berlin under the New Empire, its institutions, inhabitants, industry ... With ... engravings, etc	VIZETELLY, Henry.		London	003807524		1879	http://www.flickr.com/photos/britishlibrary/11272940644	1	000375	11272940644	http://farm4.staticflickr.com/3679/11272940644_3c6ed3bd21_m.jpg	230	240	http://farm4.staticflickr.com/3679/11272940644_3c6ed3bd21.jpg	479	500	http://farm4.staticflickr.com/3679/11272940644_3c6ed3bd21_b.jpg	980	1024	http://farm4.staticflickr.com/3679/11272940644_4d4cffd0a4_o.jpg	1000	1045
0	F. W. Bird	History of the Town of Douglas, Massachusetts, from the earliest period to the close of 1878	EMERSON, William Andrew.		Boston [Mass.]	001065911		1879	http://www.flickr.com/photos/britishlibrary/11272939594	1	000114	11272939594	http://farm4.staticflickr.com/3776/11272939594_6e653ef155_m.jpg	240	178	http://farm4.staticflickr.com/3776/11272939594_6e653ef155.jpg	500	372	http://farm4.staticflickr.com/3776/11272939594_6e653ef155_b.jpg	1024	761	http://farm4.staticflickr.com/3776/11272939594_d4e8d9088c_o.jpg	1341	996
0		The Illustrated Guide to Sheffield and the surrounding district, etc	TAYLOR, John of Sheffield		Sheffield	003589731		1879	http://www.flickr.com/photos/britishlibrary/11272939214	1	000127	11272939214	http://farm4.staticflickr.com/3727/11272939214_9ae3d54c1a_m.jpg	240	162	http://farm4.staticflickr.com/3727/11272939214_9ae3d54c1a.jpg	500	338	http://farm4.staticflickr.com/3727/11272939214_9ae3d54c1a_b.jpg	1024	693	http://farm4.staticflickr.com/3727/11272939214_29a3aa106b_o.jpg	1418	960
0		Imperial India. An Artist's journals. Illustrated, etc	Prinsep, Val C. (Val Cameron)	lsidyv3c8b5c91	London	002992309	ark:/81055/vdc_00000005B95C	1879	http://www.flickr.com/photos/britishlibrary/11272985733	1	000369	11272985733	http://farm3.staticflickr.com/2812/11272985733_4d5f4c0272_m.jpg	240	167	http://farm3.staticflickr.com/2812/11272985733_4d5f4c0272.jpg	500	349	http://farm3.staticflickr.com/2812/11272985733_4d5f4c0272_b.jpg	1024	714	http://farm3.staticflickr.com/2812/11272985733_fbd1f19966_o.jpg	1515	1056
0	Macmillan and Co.	The Arctic Voyages of A. E. Nordenskiöld. 1858-1879. With illustrations and maps	LESLIE, Alexander of Aberdeen		London	002142895		1879	http://www.flickr.com/photos/britishlibrary/11272938224	1	000238	11272938224	http://farm6.staticflickr.com/5516/11272938224_2a3f545fdc_m.jpg	196	240	http://farm6.staticflickr.com/5516/11272938224_2a3f545fdc.jpg	409	500	http://farm6.staticflickr.com/5516/11272938224_2a3f545fdc_b.jpg	838	1024	http://farm6.staticflickr.com/5516/11272938224_43b89a0b1f_o.jpg	1241	1517
0	Blades, East and Blades	A lecture on Pre-Adamite London, given in the Theatre of Merchant Taylors' School, ... 13th February, 1879. (Map indicating the extent of the Eocene Strata as given by Dr. A. C. Ramsey.)	NASH, Edwin.	lsidyv3ce6ecc3	enk	002607910	ark:/81055/vdc_00000005EC98	1879	http://www.flickr.com/photos/britishlibrary/11272912026	1	000026	11272912026	http://farm3.staticflickr.com/2836/11272912026_7cdf447705_m.jpg	167	240	http://farm3.staticflickr.com/2836/11272912026_7cdf447705.jpg	348	500	http://farm3.staticflickr.com/2836/11272912026_7cdf447705_b.jpg	712	1024	http://farm3.staticflickr.com/2836/11272912026_028c2334e5_o.jpg	918	1321
0	R. Lethaby	A Guide to the Town and Neighbourhood of Sidmouth, etc. (6th edition.)	HUTCHINSON, Peter Orlando.		Sidmouth	001777731		1879	http://www.flickr.com/photos/britishlibrary/11272870825	1	000018	11272870825	http://farm3.staticflickr.com/2875/11272870825_a8376503f9_m.jpg	240	141	http://farm3.staticflickr.com/2875/11272870825_a8376503f9.jpg	500	294	http://farm3.staticflickr.com/2875/11272870825_a8376503f9_b.jpg	1024	603	http://farm3.staticflickr.com/2875/11272870825_5e965e97a9_o.jpg	1482	872
0		The Wild Man at Home: or, pictures of life in savage lands ... With woodcuts ... and coloured illustrations	GREENWOOD, James Novelist	lsidyv2af6fa2f	London, Edinburgh	001503444	ark:/81055/vdc_0000000519A2	1879	http://www.flickr.com/photos/britishlibrary/11272983913	1	000131	11272983913	http://farm3.staticflickr.com/2831/11272983913_0e46c624d0_m.jpg	235	240	http://farm3.staticflickr.com/2831/11272983913_0e46c624d0.jpg	489	500	http://farm3.staticflickr.com/2831/11272983913_0e46c624d0_b.jpg	1002	1024	http://farm3.staticflickr.com/2831/11272983913_3596deb913_o.jpg	1055	1078
0	Religious Tract Society	English Pictures drawn with pen and pencil	MANNING, Samuel LL.D. and GREEN (Samuel Gosnell)	lsidyv3c492c1d	London	002369135	ark:/81055/vdc_000000059460	1879	http://www.flickr.com/photos/britishlibrary/11272871225	2	000177	11272871225	http://farm4.staticflickr.com/3779/11272871225_837825844d_m.jpg	240	185	http://farm4.staticflickr.com/3779/11272871225_837825844d.jpg	500	386	http://farm4.staticflickr.com/3779/11272871225_837825844d_b.jpg	1024	791	http://farm4.staticflickr.com/3779/11272871225_689c0e1e75_o.jpg	1465	1132
0		Les Rues du vieux Paris. Galerie populaire et pittoresque ... Ouvrage illustré de 165 gravures sur bois	FOURNEL, Victor.		Paris	001279089		1879	http://www.flickr.com/photos/britishlibrary/11272909126	1	000645	11272909126	http://farm4.staticflickr.com/3786/11272909126_8a5ce4c208_m.jpg	149	240	http://farm4.staticflickr.com/3786/11272909126_8a5ce4c208.jpg	310	500	http://farm4.staticflickr.com/3786/11272909126_8a5ce4c208_b.jpg	634	1024	http://farm4.staticflickr.com/3786/11272909126_ac4c8c57e5_o.jpg	881	1423
0		The Black Forest, its people and legends. [With maps and illustrations.]	SÉGUIN, afterwards STRAHAN, Lisbeth Gooch.	lsidyv3bbdd558	London, Edinburgh	003328570	ark:/81055/vdc_000000053B26	1879	http://www.flickr.com/photos/britishlibrary/11272909526	1	000234	11272909526	http://farm8.staticflickr.com/7460/11272909526_64409f4771_m.jpg	240	146	http://farm8.staticflickr.com/7460/11272909526_64409f4771.jpg	500	305	http://farm8.staticflickr.com/7460/11272909526_64409f4771_b.jpg	1024	624	http://farm8.staticflickr.com/7460/11272909526_1aaa920931_o.jpg	1798	1095
0	[Ward, Lock & Co.	[Charles O'Malley, the Irish Dragoon. Edited by Harry Lorrequer. [By C. J. L.]]	LEVER, Charles James.		London,] Perth [printed	002150760		1879	http://www.flickr.com/photos/britishlibrary/11272908886	1	000225	11272908886	http://farm4.staticflickr.com/3763/11272908886_9faec007f5_m.jpg	240	145	http://farm4.staticflickr.com/3763/11272908886_9faec007f5.jpg	500	302	http://farm4.staticflickr.com/3763/11272908886_9faec007f5_b.jpg	1024	618	http://farm4.staticflickr.com/3763/11272908886_2482c7712f_o.jpg	1387	837
0		Les Vieilles Villes de Suisse. Notes et souvenirs. Ouvrage illustré de 105 dessins à la plume par A. Robida reproduits en fac-simile	ROBIDA, Albert.		Paris	003121715		1879	http://www.flickr.com/photos/britishlibrary/11272868345	1	000135	11272868345	http://farm8.staticflickr.com/7412/11272868345_aefa192f75_m.jpg	240	192	http://farm8.staticflickr.com/7412/11272868345_aefa192f75.jpg	500	399	http://farm8.staticflickr.com/7412/11272868345_aefa192f75_b.jpg	1024	818	http://farm8.staticflickr.com/7412/11272868345_f9a33a0114_o.jpg	1385	1106
0	The Mission Press	The manners and customs of the Chinese of the Straits Settlements	VAUGHAN, Jonas Daniel.	lsidyv3c6920e3	Singapore	003763775	ark:/81055/vdc_00000005AABC	1879	http://www.flickr.com/photos/britishlibrary/11272934164	1	000094	11272934164	http://farm6.staticflickr.com/5482/11272934164_1515fcf1dc_m.jpg	186	240	http://farm6.staticflickr.com/5482/11272934164_1515fcf1dc.jpg	388	500	http://farm6.staticflickr.com/5482/11272934164_1515fcf1dc_b.jpg	794	1024	http://farm6.staticflickr.com/5482/11272934164_fd9a7ba02f_o.jpg	1117	1440
0	A. Williams & Co.	History of the town of Hollis, New Hampshire, from its first settlement to ... 1879. ... Illustrated, etc	WORCESTER, Samuel T.		Boston [Mass.]	003975907		1879	http://www.flickr.com/photos/britishlibrary/11272867675	1	000319	11272867675	http://farm6.staticflickr.com/5534/11272867675_b170aab331_m.jpg	240	211	http://farm6.staticflickr.com/5534/11272867675_b170aab331.jpg	500	440	http://farm6.staticflickr.com/5534/11272867675_b170aab331_b.jpg	1024	901	http://farm6.staticflickr.com/5534/11272867675_e84437151c_o.jpg	1450	1276
0	Waterlow & Sons	Up the River from Westminster to Windsor and Oxford; a descriptive panorama of Thames Scenery			London	003606029		1879	http://www.flickr.com/photos/britishlibrary/11272980223	2	000140	11272980223	http://farm4.staticflickr.com/3783/11272980223_1ce5f892f4_m.jpg	175	240	http://farm4.staticflickr.com/3783/11272980223_1ce5f892f4.jpg	365	500	http://farm4.staticflickr.com/3783/11272980223_1ce5f892f4_b.jpg	747	1024	http://farm4.staticflickr.com/3783/11272980223_0ddab3d32f_o.jpg	956	1311
0	Lee & Shepard	A summer jaunt through the old world: a record of an excursion made to and through Europe by the Tourgée educational party of 1878	HOLDEN, Luther L.	lsidyv3c9a5a21	Boston [Mass.]	001711043	ark:/81055/vdc_00000005C31C	1879	http://www.flickr.com/photos/britishlibrary/11272866755	1	000339	11272866755	http://farm4.staticflickr.com/3748/11272866755_c2de1f23ec_m.jpg	240	143	http://farm4.staticflickr.com/3748/11272866755_c2de1f23ec.jpg	500	297	http://farm4.staticflickr.com/3748/11272866755_c2de1f23ec_b.jpg	1024	608	http://farm4.staticflickr.com/3748/11272866755_5b06864a85_o.jpg	1752	1040
0		The Great Eastern Railway Company's Tourist-Guide to the Continent. ... With illustrations ... and a map	LINDLEY, Percy.	lsidyv3cad916f	London	002174468	ark:/81055/vdc_00000005CE44	1879	http://www.flickr.com/photos/britishlibrary/11272930084	1	000033	11272930084	http://farm4.staticflickr.com/3720/11272930084_ce1a908dfb_m.jpg	210	240	http://farm4.staticflickr.com/3720/11272930084_ce1a908dfb.jpg	438	500	http://farm4.staticflickr.com/3720/11272930084_ce1a908dfb_b.jpg	897	1024	http://farm4.staticflickr.com/3720/11272930084_4181b68c58_o.jpg	1055	1204
0	Wesleyan Conference Office	Rambles in Bible Lands	NEWTON, Richard D.D., Rector of St. Paul's Church, Philadelphia	lsidyv3ca35e3a	London	002646495	ark:/81055/vdc_00000005C826	1879	http://www.flickr.com/photos/britishlibrary/11272931104	1	000065	11272931104	http://farm6.staticflickr.com/5484/11272931104_e0e80bea1e_m.jpg	236	240	http://farm6.staticflickr.com/5484/11272931104_e0e80bea1e.jpg	492	500	http://farm6.staticflickr.com/5484/11272931104_e0e80bea1e_b.jpg	1007	1024	http://farm6.staticflickr.com/5484/11272931104_47158aee70_o.jpg	1338	1360
0		The Great Eastern Railway Company's Tourist-Guide to the Continent. ... With illustrations ... and a map	LINDLEY, Percy.	lsidyv3cad916f	London	002174468	ark:/81055/vdc_00000005CE44	1879	http://www.flickr.com/photos/britishlibrary/11272978053	1	000031	11272978053	http://farm8.staticflickr.com/7430/11272978053_d0467191de_m.jpg	240	201	http://farm8.staticflickr.com/7430/11272978053_d0467191de.jpg	500	419	http://farm8.staticflickr.com/7430/11272978053_d0467191de_b.jpg	1024	859	http://farm8.staticflickr.com/7430/11272978053_b76ae0419b_o.jpg	1273	1068
0		Les Vieilles Villes de Suisse. Notes et souvenirs. Ouvrage illustré de 105 dessins à la plume par A. Robida reproduits en fac-simile	ROBIDA, Albert.		Paris	003121715		1879	http://www.flickr.com/photos/britishlibrary/11272863345	1	000075	11272863345	http://farm6.staticflickr.com/5497/11272863345_923478520d_m.jpg	179	240	http://farm6.staticflickr.com/5497/11272863345_923478520d.jpg	374	500	http://farm6.staticflickr.com/5497/11272863345_923478520d_b.jpg	765	1024	http://farm6.staticflickr.com/5497/11272863345_35671a9ea4_o.jpg	1196	1601
03		Paris à travers les siècles. Histoire nationale de Paris et des Parisiens depuis la fondation de Lutèce jusqu'à nos jours, etc	GOURDON DE GENOUILLAC, Nicolas Jules Henri.		Paris	001476975		1879	http://www.flickr.com/photos/britishlibrary/11272903626	2	000579	11272903626	http://farm8.staticflickr.com/7307/11272903626_db31548665_m.jpg	240	111	http://farm8.staticflickr.com/7307/11272903626_db31548665.jpg	500	231	http://farm8.staticflickr.com/7307/11272903626_db31548665_b.jpg	1024	474	http://farm8.staticflickr.com/7307/11272903626_30769ce0dd_o.jpg	1857	860
01	American News Company	Round the world with General Grant. A narrative of the visit of General U. S. Grant ... to various countries ... in 1877, 1878, 1879. To which are added certain conversations with General Grant on questions connected with American politics and history ... With ... illustrations	YOUNG, John Russell.		New York	004002305		1879	http://www.flickr.com/photos/britishlibrary/11272928564	1	000398	11272928564	http://farm6.staticflickr.com/5529/11272928564_b5641c75e1_m.jpg	240	175	http://farm6.staticflickr.com/5529/11272928564_b5641c75e1.jpg	500	365	http://farm6.staticflickr.com/5529/11272928564_b5641c75e1_b.jpg	1024	748	http://farm6.staticflickr.com/5529/11272928564_d75b0fcbb6_o.jpg	1713	1251
02	Tinsley Brothers	Berlin under the New Empire, its institutions, inhabitants, industry ... With ... engravings, etc	VIZETELLY, Henry.		London	003807524		1879	http://www.flickr.com/photos/britishlibrary/11272928194	1	000166	11272928194	http://farm4.staticflickr.com/3792/11272928194_41b7e3a089_m.jpg	218	240	http://farm4.staticflickr.com/3792/11272928194_41b7e3a089.jpg	455	500	http://farm4.staticflickr.com/3792/11272928194_41b7e3a089_b.jpg	931	1024	http://farm4.staticflickr.com/3792/11272928194_59053963f3_o.jpg	1056	1161
01	Tinsley Brothers	Berlin under the New Empire, its institutions, inhabitants, industry ... With ... engravings, etc	VIZETELLY, Henry.		London	003807524		1879	http://www.flickr.com/photos/britishlibrary/11272974763	1	000115	11272974763	http://farm3.staticflickr.com/2832/11272974763_9cb823ef4d_m.jpg	240	203	http://farm3.staticflickr.com/2832/11272974763_9cb823ef4d.jpg	500	424	http://farm3.staticflickr.com/2832/11272974763_9cb823ef4d_b.jpg	1024	868	http://farm3.staticflickr.com/2832/11272974763_55a32fdfd1_o.jpg	1221	1035
0	Harper & Bros.	What Mr. Darwin saw in his Voyage round The World in the Ship “Beagle.” [Compiled and adapted from “Journal of Researches into the Geology and Natural History of the Various Countries visited by H.M.S. Beagle, etc.”]	Darwin, Charles	lsidyv3c8ea4b0	New York	000868098	ark:/81055/vdc_00000005BB84	1879	http://www.flickr.com/photos/britishlibrary/11272974333	1	000084	11272974333	http://farm6.staticflickr.com/5481/11272974333_9575445dd0_m.jpg	240	205	http://farm6.staticflickr.com/5481/11272974333_9575445dd0.jpg	500	428	http://farm6.staticflickr.com/5481/11272974333_9575445dd0_b.jpg	1024	876	http://farm6.staticflickr.com/5481/11272974333_6c78ae66d3_o.jpg	1241	1062
0	Everts & Ensign	History of Toga, Chemung, Tompkins, and Schuyler Counties, New York. With illustrations and biographical sketches of some of its prominent men and pioneers	PEIRCE, Henry B. and HURD (Duane Hamilton)		Philadelphia	002810116		1879	http://www.flickr.com/photos/britishlibrary/11272927044	1	000468	11272927044	http://farm4.staticflickr.com/3698/11272927044_1bdbfcf449_m.jpg	240	221	http://farm4.staticflickr.com/3698/11272927044_1bdbfcf449.jpg	500	459	http://farm4.staticflickr.com/3698/11272927044_1bdbfcf449_b.jpg	1024	941	http://farm4.staticflickr.com/3698/11272927044_75c5453ec5_o.jpg	1438	1322
0	Wesleyan Conference Office	Rambles in Bible Lands	NEWTON, Richard D.D., Rector of St. Paul's Church, Philadelphia	lsidyv3ca35e3a	London	002646495	ark:/81055/vdc_00000005C826	1879	http://www.flickr.com/photos/britishlibrary/11272973333	1	000040	11272973333	http://farm3.staticflickr.com/2843/11272973333_272347b5c6_m.jpg	183	240	http://farm3.staticflickr.com/2843/11272973333_272347b5c6.jpg	381	500	http://farm3.staticflickr.com/2843/11272973333_272347b5c6_b.jpg	781	1024	http://farm3.staticflickr.com/2843/11272973333_8c660a82c3_o.jpg	1050	1376
0	Wesleyan Conference Office	Rambles in Bible Lands	NEWTON, Richard D.D., Rector of St. Paul's Church, Philadelphia	lsidyv3ca35e3a	London	002646495	ark:/81055/vdc_00000005C826	1879	http://www.flickr.com/photos/britishlibrary/11272972793	1	000078	11272972793	http://farm6.staticflickr.com/5526/11272972793_4c030b2a1c_m.jpg	240	195	http://farm6.staticflickr.com/5526/11272972793_4c030b2a1c.jpg	500	405	http://farm6.staticflickr.com/5526/11272972793_4c030b2a1c_b.jpg	1024	830	http://farm6.staticflickr.com/5526/11272972793_c2206bf50f_o.jpg	1211	982
01	American News Company	Round the world with General Grant. A narrative of the visit of General U. S. Grant ... to various countries ... in 1877, 1878, 1879. To which are added certain conversations with General Grant on questions connected with American politics and history ... With ... illustrations	YOUNG, John Russell.		New York	004002305		1879	http://www.flickr.com/photos/britishlibrary/11272972303	1	000556	11272972303	http://farm8.staticflickr.com/7446/11272972303_c9b357d082_m.jpg	172	240	http://farm8.staticflickr.com/7446/11272972303_c9b357d082.jpg	359	500	http://farm8.staticflickr.com/7446/11272972303_c9b357d082_b.jpg	735	1024	http://farm8.staticflickr.com/7446/11272972303_2cec4c9dd6_o.jpg	1231	1715
0		The Children's fairy geography, or a merry trip round Europe	WINSLOW, Forbes Edward.	lsidyv3c92d153	London	003952456	ark:/81055/vdc_00000005BE18	1879	http://www.flickr.com/photos/britishlibrary/11272858795	1	000238	11272858795	http://farm8.staticflickr.com/7403/11272858795_79ea1e3647_m.jpg	156	240	http://farm8.staticflickr.com/7403/11272858795_79ea1e3647.jpg	325	500	http://farm8.staticflickr.com/7403/11272858795_79ea1e3647_b.jpg	665	1024	http://farm8.staticflickr.com/7403/11272858795_45f034888a_o.jpg	1153	1775
0		The History of France, from the earliest times to the outbreak of the Revolution. Abridged from ... R. Black's translation of ... Guizot's larger history. With chronological index, ... tables, portraits ... By G. Masson, etc	GUIZOT, François Pierre Guillaume.		London	001541681		1879	http://www.flickr.com/photos/britishlibrary/11272971733	1	000077	11272971733	http://farm3.staticflickr.com/2854/11272971733_3c1de0bae9_m.jpg	150	240	http://farm3.staticflickr.com/2854/11272971733_3c1de0bae9.jpg	313	500	http://farm3.staticflickr.com/2854/11272971733_3c1de0bae9_b.jpg	640	1024	http://farm3.staticflickr.com/2854/11272971733_7674901c05_o.jpg	872	1396
0	J. A. & R. A. Reid	The Past and the Present. Narragansett sea and shore. An illustrated guide to Providence, Newport, Narragansett Pier, Block Island, Watch Hill, Rocky Point, Silver Spring, and all the famous sea-side resorts of Rhode Island, with a map of Narragansett Bay	DENISON, Frederic.		Providence	000908069		1879	http://www.flickr.com/photos/britishlibrary/11272971083	1	000052	11272971083	http://farm4.staticflickr.com/3672/11272971083_1ca3c3e3b9_m.jpg	202	240	http://farm4.staticflickr.com/3672/11272971083_1ca3c3e3b9.jpg	420	500	http://farm4.staticflickr.com/3672/11272971083_1ca3c3e3b9_b.jpg	861	1024	http://farm4.staticflickr.com/3672/11272971083_4277882754_o.jpg	1113	1323
0	E. Marlborough & Co.	Popular Guide up the Thames, to Kew, Richmond, Twickenham and Hampton Court			London	003605985		1879	http://www.flickr.com/photos/britishlibrary/11272857305	1	000015	11272857305	http://farm4.staticflickr.com/3776/11272857305_8ed44d84d3_m.jpg	172	240	http://farm4.staticflickr.com/3776/11272857305_8ed44d84d3.jpg	359	500	http://farm4.staticflickr.com/3776/11272857305_8ed44d84d3_b.jpg	735	1024	http://farm4.staticflickr.com/3776/11272857305_273ca5503a_o.jpg	940	1310
02		The Australian abroad. Branches from the Main Routes round the World. [Reprinted from the Melbourne “Argus.” With illustrations.] 2 series	HINGSTON, James.	lsidyv3cbf9abe	London	001689101	ark:/81055/vdc_00000005DA7A	1879	http://www.flickr.com/photos/britishlibrary/11272857255	1	000446	11272857255	http://farm3.staticflickr.com/2831/11272857255_4067a4e2c1_m.jpg	191	240	http://farm3.staticflickr.com/2831/11272857255_4067a4e2c1.jpg	398	500	http://farm3.staticflickr.com/2831/11272857255_4067a4e2c1_b.jpg	815	1024	http://farm3.staticflickr.com/2831/11272857255_1a79d5bedb_o.jpg	1127	1416
0	W. H. Luke	Illustrated Handbook to Plymouth, Stonehouse & Devonport, with a new map ... New and enlarged edition	WRIGHT, William Henry Kearley.		Plymouth	003985100		1879	http://www.flickr.com/photos/britishlibrary/11272967543	1	000071	11272967543	http://farm8.staticflickr.com/7290/11272967543_61b341287e_m.jpg	175	240	http://farm8.staticflickr.com/7290/11272967543_61b341287e.jpg	365	500	http://farm8.staticflickr.com/7290/11272967543_61b341287e_b.jpg	748	1024	http://farm8.staticflickr.com/7290/11272967543_b6edee1a09_o.jpg	925	1267
0		Les Rues du vieux Paris. Galerie populaire et pittoresque ... Ouvrage illustré de 165 gravures sur bois	FOURNEL, Victor.		Paris	001279089		1879	http://www.flickr.com/photos/britishlibrary/11272894746	1	000639	11272894746	http://farm8.staticflickr.com/7431/11272894746_9ff6aaa929_m.jpg	240	147	http://farm8.staticflickr.com/7431/11272894746_9ff6aaa929.jpg	500	307	http://farm8.staticflickr.com/7431/11272894746_9ff6aaa929_b.jpg	1024	628	http://farm8.staticflickr.com/7431/11272894746_7f5fc68ab7_o.jpg	1768	1085
0	Everts & Ensign	History of Toga, Chemung, Tompkins, and Schuyler Counties, New York. With illustrations and biographical sketches of some of its prominent men and pioneers	PEIRCE, Henry B. and HURD (Duane Hamilton)		Philadelphia	002810116		1879	http://www.flickr.com/photos/britishlibrary/11272894986	1	001056	11272894986	http://farm8.staticflickr.com/7362/11272894986_69faff75c4_m.jpg	240	177	http://farm8.staticflickr.com/7362/11272894986_69faff75c4.jpg	500	370	http://farm8.staticflickr.com/7362/11272894986_69faff75c4_b.jpg	1024	757	http://farm8.staticflickr.com/7362/11272894986_858732bdce_o.jpg	1496	1106
0	[Ward, Lock & Co.	[Charles O'Malley, the Irish Dragoon. Edited by Harry Lorrequer. [By C. J. L.]]	LEVER, Charles James.		London,] Perth [printed	002150760		1879	http://www.flickr.com/photos/britishlibrary/11272965883	1	000220	11272965883	http://farm8.staticflickr.com/7360/11272965883_96d6b9b6a4_m.jpg	167	240	http://farm8.staticflickr.com/7360/11272965883_96d6b9b6a4.jpg	347	500	http://farm8.staticflickr.com/7360/11272965883_96d6b9b6a4_b.jpg	711	1024	http://farm8.staticflickr.com/7360/11272965883_bb159f5445_o.jpg	1140	1643
0		Sahara & Sahel. I. Un Été dans le Sahara. II. Une Année dans le Sahel. Édition illustrée d'eaux fortes ... et de quarante-cinq gravures, etc	Fromentin, Eugène		Paris	001334608		1879	http://www.flickr.com/photos/britishlibrary/11272853785	1	000331	11272853785	http://farm3.staticflickr.com/2809/11272853785_c1db938ae8_m.jpg	240	206	http://farm3.staticflickr.com/2809/11272853785_c1db938ae8.jpg	500	428	http://farm3.staticflickr.com/2809/11272853785_c1db938ae8_b.jpg	1024	877	http://farm3.staticflickr.com/2809/11272853785_25d4f646fe_o.jpg	1173	1005
0		[Brazil and the Brazilians ... in historical and descriptive sketches ... Engravings.]	KIDDER, Daniel Parish and FLETCHER (James C.)		London	001961854		1879	http://www.flickr.com/photos/britishlibrary/11272853325	1	000312	11272853325	http://farm4.staticflickr.com/3776/11272853325_1257c17f24_m.jpg	218	240	http://farm4.staticflickr.com/3776/11272853325_1257c17f24.jpg	455	500	http://farm4.staticflickr.com/3776/11272853325_1257c17f24_b.jpg	931	1024	http://farm4.staticflickr.com/3776/11272853325_d5e82c8b7d_o.jpg	1282	1410
01	American News Company	Round the world with General Grant. A narrative of the visit of General U. S. Grant ... to various countries ... in 1877, 1878, 1879. To which are added certain conversations with General Grant on questions connected with American politics and history ... With ... illustrations	YOUNG, John Russell.		New York	004002305		1879	http://www.flickr.com/photos/britishlibrary/11272917664	1	000280	11272917664	http://farm6.staticflickr.com/5531/11272917664_8e3a6c0af9_m.jpg	180	240	http://farm6.staticflickr.com/5531/11272917664_8e3a6c0af9.jpg	374	500	http://farm6.staticflickr.com/5531/11272917664_8e3a6c0af9_b.jpg	766	1024	http://farm6.staticflickr.com/5531/11272917664_f9dff9726f_o.jpg	1101	1472
0		Les Vieilles Villes de Suisse. Notes et souvenirs. Ouvrage illustré de 105 dessins à la plume par A. Robida reproduits en fac-simile	ROBIDA, Albert.		Paris	003121715		1879	http://www.flickr.com/photos/britishlibrary/11272851775	1	000309	11272851775	http://farm8.staticflickr.com/7320/11272851775_46f204e44f_m.jpg	130	240	http://farm8.staticflickr.com/7320/11272851775_46f204e44f.jpg	270	500	http://farm8.staticflickr.com/7320/11272851775_46f204e44f_b.jpg	553	1024	http://farm8.staticflickr.com/7320/11272851775_964d1e935e_o.jpg	940	1742
0	Religious Tract Society	The Lands of Scripture: comprising “Those Holy Fields”; “The Land of the Pharaohs” [both by S. M.]; “Pictures from Bible Lands” (edited by S. G. Green. The illustrations by E. Whymper, etc.)	MANNING, Samuel LL.D		London	002369128		1879	http://www.flickr.com/photos/britishlibrary/11272963743	1	000172	11272963743	http://farm8.staticflickr.com/7373/11272963743_f8f53dbf7e_m.jpg	68	240	http://farm8.staticflickr.com/7373/11272963743_f8f53dbf7e.jpg	142	500	http://farm8.staticflickr.com/7373/11272963743_f8f53dbf7e_b.jpg	291	1024	http://farm8.staticflickr.com/7373/11272963743_7e2069957a_o.jpg	571	2008
0	Religious Tract Society	The Lands of Scripture: comprising “Those Holy Fields”; “The Land of the Pharaohs” [both by S. M.]; “Pictures from Bible Lands” (edited by S. G. Green. The illustrations by E. Whymper, etc.)	MANNING, Samuel LL.D		London	002369128		1879	http://www.flickr.com/photos/britishlibrary/11272914144	1	000077	11272914144	http://farm6.staticflickr.com/5527/11272914144_3d16d7952f_m.jpg	96	240	http://farm6.staticflickr.com/5527/11272914144_3d16d7952f.jpg	199	500	http://farm6.staticflickr.com/5527/11272914144_3d16d7952f_b.jpg	408	1024	http://farm6.staticflickr.com/5527/11272914144_849ce201a0_o.jpg	800	2008
0		Les Rues du vieux Paris. Galerie populaire et pittoresque ... Ouvrage illustré de 165 gravures sur bois	FOURNEL, Victor.		Paris	001279089		1879	http://www.flickr.com/photos/britishlibrary/11272915414	1	000561	11272915414	http://farm4.staticflickr.com/3796/11272915414_5bd7151a85_m.jpg	240	193	http://farm4.staticflickr.com/3796/11272915414_5bd7151a85.jpg	500	402	http://farm4.staticflickr.com/3796/11272915414_5bd7151a85_b.jpg	1024	823	http://farm4.staticflickr.com/3796/11272915414_4029af0ecf_o.jpg	1363	1096
0	Lewis, Peck & Co.	History of Steuben County, New York, with illustrations and biographical sketches of some of its prominent men and pioneers	CLAYTON, W. Woodford.		Philadelphia	000719876		1879	http://www.flickr.com/photos/britishlibrary/11272889606	2	000379	11272889606	http://farm4.staticflickr.com/3712/11272889606_abba643cf7_m.jpg	240	161	http://farm4.staticflickr.com/3712/11272889606_abba643cf7.jpg	500	335	http://farm4.staticflickr.com/3712/11272889606_abba643cf7_b.jpg	1024	686	http://farm4.staticflickr.com/3712/11272889606_8c8eca3762_o.jpg	1637	1096
0		Imperial India. An Artist's journals. Illustrated, etc	Prinsep, Val C. (Val Cameron)	lsidyv3c8b5c91	London	002992309	ark:/81055/vdc_00000005B95C	1879	http://www.flickr.com/photos/britishlibrary/11272888836	1	000177	11272888836	http://farm3.staticflickr.com/2884/11272888836_45eaa2d019_m.jpg	133	240	http://farm3.staticflickr.com/2884/11272888836_45eaa2d019.jpg	277	500	http://farm3.staticflickr.com/2884/11272888836_45eaa2d019_b.jpg	567	1024	http://farm3.staticflickr.com/2884/11272888836_6655983e45_o.jpg	787	1421
0		Reise nach West-Sibirien im Jahre 1876. Auf Veranstaltung des Vereins für die Deutsche Nordpolarfahrt in Bremen unternommen mit Dr. A. E. Brehm und Karl Graf v. Waldburg-Zeil-Trauchburg, von Dr. O. F., etc	Finsch, O. (Otto)		Berlin	001238638		1879	http://www.flickr.com/photos/britishlibrary/11272848205	1	000358	11272848205	http://farm8.staticflickr.com/7315/11272848205_a59d9d8aa7_m.jpg	165	240	http://farm8.staticflickr.com/7315/11272848205_a59d9d8aa7.jpg	344	500	http://farm8.staticflickr.com/7315/11272848205_a59d9d8aa7_b.jpg	705	1024	http://farm8.staticflickr.com/7315/11272848205_87a4cf4041_o.jpg	1055	1532
0	Everts & Ensign	History of Toga, Chemung, Tompkins, and Schuyler Counties, New York. With illustrations and biographical sketches of some of its prominent men and pioneers	PEIRCE, Henry B. and HURD (Duane Hamilton)		Philadelphia	002810116		1879	http://www.flickr.com/photos/britishlibrary/11272912414	1	000695	11272912414	http://farm6.staticflickr.com/5547/11272912414_2a60ee0c20_m.jpg	240	211	http://farm6.staticflickr.com/5547/11272912414_2a60ee0c20.jpg	500	440	http://farm6.staticflickr.com/5547/11272912414_2a60ee0c20_b.jpg	1024	901	http://farm6.staticflickr.com/5547/11272912414_4c0fd08f02_o.jpg	1462	1286
01	D. Appleton & Co.	[Appleton's European Guide Book illustrated. Including England, Scotland, and Ireland, France, Belgium, Holland, Northern and Southern Germany, Switzerland, Italy, Spain and Portugal, Russia, Denmark, Norway, and Sweden. Containing ... maps, etc.]	APPLETON, Daniel AND CO	lsidyv3cbe7355	New York; Longmans & Co	000100280	ark:/81055/vdc_00000005D9DE	1879	http://www.flickr.com/photos/britishlibrary/11272959573	1	000021	11272959573	http://farm4.staticflickr.com/3713/11272959573_00dbf85dd6_m.jpg	191	240	http://farm4.staticflickr.com/3713/11272959573_00dbf85dd6.jpg	397	500	http://farm4.staticflickr.com/3713/11272959573_00dbf85dd6_b.jpg	813	1024	http://farm4.staticflickr.com/3713/11272959573_1348624225_o.jpg	1031	1298
0	Netherton & Worth	[Peeps into the Haunts and Homes of the Rural Population of Cornwall. Being reminiscences of Cornish character and characteristics, etc.]	TREGELLAS, John Tabois.	lsidyv3c0f7179	Truro	003669474	ark:/81055/vdc_00000005644E	1879	http://www.flickr.com/photos/britishlibrary/11272958973	1	000026	11272958973	http://farm6.staticflickr.com/5473/11272958973_699dcb7702_m.jpg	240	184	http://farm6.staticflickr.com/5473/11272958973_699dcb7702.jpg	500	383	http://farm6.staticflickr.com/5473/11272958973_699dcb7702_b.jpg	1024	784	http://farm6.staticflickr.com/5473/11272958973_432a1c9411_o.jpg	1263	967
0	J. Tweed	The Annals of Dumfermline and vicinity ... 1069-1878. Interspersed with ... notes, ... and ... engravings	HENDERSON, Ebenezer LL.D., F.R.A.S		Glasgow	001648659		1879	http://www.flickr.com/photos/britishlibrary/11272885786	1	000101	11272885786	http://farm4.staticflickr.com/3792/11272885786_306a95d625_m.jpg	147	240	http://farm4.staticflickr.com/3792/11272885786_306a95d625.jpg	306	500	http://farm4.staticflickr.com/3792/11272885786_306a95d625_b.jpg	627	1024	http://farm4.staticflickr.com/3792/11272885786_ef0ab2ba6a_o.jpg	940	1535
02		The Australian abroad. Branches from the Main Routes round the World. [Reprinted from the Melbourne “Argus.” With illustrations.] 2 series	HINGSTON, James.	lsidyv3cbf9abe	London	001689101	ark:/81055/vdc_00000005DA7A	1879	http://www.flickr.com/photos/britishlibrary/11272886026	1	000432	11272886026	http://farm4.staticflickr.com/3681/11272886026_a0e7326c80_m.jpg	240	174	http://farm4.staticflickr.com/3681/11272886026_a0e7326c80.jpg	500	363	http://farm4.staticflickr.com/3681/11272886026_a0e7326c80_b.jpg	1024	744	http://farm4.staticflickr.com/3681/11272886026_a63bfe5f3a_o.jpg	1370	996
0		Saint-Pierre de Rome. Ouvrage illustré, etc	LORBAC, Charles de.		Rome	002259706		1879	http://www.flickr.com/photos/britishlibrary/11272910054	1	000289	11272910054	http://farm6.staticflickr.com/5517/11272910054_8830b8a9ec_m.jpg	150	240	http://farm6.staticflickr.com/5517/11272910054_8830b8a9ec.jpg	312	500	http://farm6.staticflickr.com/5517/11272910054_8830b8a9ec_b.jpg	639	1024	http://farm6.staticflickr.com/5517/11272910054_cb7d626305_o.jpg	1061	1701
0	Cassell, Petter, Galpin & Co.	Morocco: its people and places ... Translated by C. Rollin-Tilton. With ... illustrations	AMICIS, Edmondo de.	lsidyv3c6b00d2	London	000070870	ark:/81055/vdc_00000005AC0C	1879	http://www.flickr.com/photos/britishlibrary/11272884686	1	000360	11272884686	http://farm3.staticflickr.com/2820/11272884686_c1de0af7b5_m.jpg	240	217	http://farm3.staticflickr.com/2820/11272884686_c1de0af7b5.jpg	500	452	http://farm3.staticflickr.com/2820/11272884686_c1de0af7b5_b.jpg	1024	925	http://farm3.staticflickr.com/2820/11272884686_e5c6b99bf7_o.jpg	1133	1023
0		The History of France, from the earliest times to the outbreak of the Revolution. Abridged from ... R. Black's translation of ... Guizot's larger history. With chronological index, ... tables, portraits ... By G. Masson, etc	GUIZOT, François Pierre Guillaume.		London	001541681		1879	http://www.flickr.com/photos/britishlibrary/11272844715	1	000170	11272844715	http://farm3.staticflickr.com/2817/11272844715_ba2e1d431a_m.jpg	169	240	http://farm3.staticflickr.com/2817/11272844715_ba2e1d431a.jpg	353	500	http://farm3.staticflickr.com/2817/11272844715_ba2e1d431a_b.jpg	722	1024	http://farm3.staticflickr.com/2817/11272844715_2867373a85_o.jpg	981	1391
0	Murray Williamson & Phelps	The History of Adams County, Illinois ... Illustrated			Chicago	000014468		1879	http://www.flickr.com/photos/britishlibrary/11272907024	1	000247	11272907024	http://farm3.staticflickr.com/2869/11272907024_98dc86af8a_m.jpg	240	184	http://farm3.staticflickr.com/2869/11272907024_98dc86af8a.jpg	500	383	http://farm3.staticflickr.com/2869/11272907024_98dc86af8a_b.jpg	1024	785	http://farm3.staticflickr.com/2869/11272907024_e9861be54a_o.jpg	1621	1243
0	[Ward, Lock & Co.	[Charles O'Malley, the Irish Dragoon. Edited by Harry Lorrequer. [By C. J. L.]]	LEVER, Charles James.		London,] Perth [printed	002150760		1879	http://www.flickr.com/photos/britishlibrary/11272908634	1	000016	11272908634	http://farm3.staticflickr.com/2874/11272908634_2ba7ba877e_m.jpg	145	240	http://farm3.staticflickr.com/2874/11272908634_2ba7ba877e.jpg	303	500	http://farm3.staticflickr.com/2874/11272908634_2ba7ba877e_b.jpg	620	1024	http://farm3.staticflickr.com/2874/11272908634_d9e3d4e877_o.jpg	821	1356
0	W. D. Ensign & Co.	History of Cuyahoga County, Ohio ... With portraits and biographical sketches of its prominent men and pioneers	JOHNSON, Crisfield.		Philadelphia]	001884499		1879	http://www.flickr.com/photos/britishlibrary/11272880816	1	000791	11272880816	http://farm6.staticflickr.com/5530/11272880816_5765bf56f5_m.jpg	240	227	http://farm6.staticflickr.com/5530/11272880816_5765bf56f5.jpg	500	473	http://farm6.staticflickr.com/5530/11272880816_5765bf56f5_b.jpg	1024	969	http://farm6.staticflickr.com/5530/11272880816_0e24b45380_o.jpg	1485	1405
0	Everts & Abbott	History of Hillsdale County, Michigan, with illustrations and biographical sketches of some of its prominent men, etc	Johnson, Crisfield.		Philadelphia	001884500		1879	http://www.flickr.com/photos/britishlibrary/11272881896	2	000379	11272881896	http://farm4.staticflickr.com/3716/11272881896_0ccd0ba420_m.jpg	240	181	http://farm4.staticflickr.com/3716/11272881896_0ccd0ba420.jpg	500	378	http://farm4.staticflickr.com/3716/11272881896_0ccd0ba420_b.jpg	1024	774	http://farm4.staticflickr.com/3716/11272881896_a47bfb5337_o.jpg	1190	900
0	Waterlow & Sons	Up the River from Westminster to Windsor and Oxford; a descriptive panorama of Thames Scenery			London	003606029		1879	http://www.flickr.com/photos/britishlibrary/11272880656	1	000082	11272880656	http://farm3.staticflickr.com/2841/11272880656_746dc3e9c8_m.jpg	196	240	http://farm3.staticflickr.com/2841/11272880656_746dc3e9c8.jpg	409	500	http://farm3.staticflickr.com/2841/11272880656_746dc3e9c8_b.jpg	838	1024	http://farm3.staticflickr.com/2841/11272880656_84c686074c_o.jpg	1052	1285
0		The Children's fairy geography, or a merry trip round Europe	WINSLOW, Forbes Edward.	lsidyv3c92d153	London	003952456	ark:/81055/vdc_00000005BE18	1879	http://www.flickr.com/photos/britishlibrary/11272879456	1	000041	11272879456	http://farm4.staticflickr.com/3816/11272879456_f1d5c1f1f7_m.jpg	155	240	http://farm4.staticflickr.com/3816/11272879456_f1d5c1f1f7.jpg	323	500	http://farm4.staticflickr.com/3816/11272879456_f1d5c1f1f7_b.jpg	662	1024	http://farm4.staticflickr.com/3816/11272879456_8229825eef_o.jpg	1015	1571
0	John Murray	[The Student's Manual of Modern Geography. Mathematical, physical, and descriptive.]	BEVAN, William Latham.	lsidyv3ca2f2a9	London	000307737	ark:/81055/vdc_00000005C7F6	1879	http://www.flickr.com/photos/britishlibrary/11272839015	1	000443	11272839015	http://farm3.staticflickr.com/2835/11272839015_eaaaec613f_m.jpg	240	192	http://farm3.staticflickr.com/2835/11272839015_eaaaec613f.jpg	500	400	http://farm3.staticflickr.com/2835/11272839015_eaaaec613f_b.jpg	1024	820	http://farm3.staticflickr.com/2835/11272839015_decd4046a6_o.jpg	1388	1111
0		Histoire de l'unité politique et territoriale de la France	PAQUIER, Jean Baptiste.		Paris	002764484		1879	http://www.flickr.com/photos/britishlibrary/11272952213	1	000039	11272952213	http://farm3.staticflickr.com/2880/11272952213_9d1a44aa8d_m.jpg	183	240	http://farm3.staticflickr.com/2880/11272952213_9d1a44aa8d.jpg	380	500	http://farm3.staticflickr.com/2880/11272952213_9d1a44aa8d_b.jpg	779	1024	http://farm3.staticflickr.com/2880/11272952213_a143175655_o.jpg	1016	1336
0		Viaje á la Patagonia austral emprendido bajo los auspicios del Gobierno Nacional 1876-1877. tom. 1	MORENO, Francisco Josué Pascasio.		Buenos Aires	002546654		1879	http://www.flickr.com/photos/britishlibrary/11272903424	1	000441	11272903424	http://farm6.staticflickr.com/5476/11272903424_97ffa2ba5b_m.jpg	150	240	http://farm6.staticflickr.com/5476/11272903424_97ffa2ba5b.jpg	312	500	http://farm6.staticflickr.com/5476/11272903424_97ffa2ba5b_b.jpg	638	1024	http://farm6.staticflickr.com/5476/11272903424_b1235536ed_o.jpg	976	1567
0	W. D. Ensign & Co.	History of Cuyahoga County, Ohio ... With portraits and biographical sketches of its prominent men and pioneers	JOHNSON, Crisfield.		Philadelphia]	001884499		1879	http://www.flickr.com/photos/britishlibrary/11272838555	1	000665	11272838555	http://farm4.staticflickr.com/3683/11272838555_89a427ce34_m.jpg	240	206	http://farm4.staticflickr.com/3683/11272838555_89a427ce34.jpg	500	429	http://farm4.staticflickr.com/3683/11272838555_89a427ce34_b.jpg	1024	879	http://farm4.staticflickr.com/3683/11272838555_3bcdb7ed40_o.jpg	1415	1215
0		[Viaje á la Patagonia austral emprendido bajo los auspicios del Gobierno Nacional 1876-1877. tom. 1.]	MORENO, Francisco Josué Pascasio.		Buenos Aires	002546655		1879	http://www.flickr.com/photos/britishlibrary/11272902534	1	000237	11272902534	http://farm4.staticflickr.com/3758/11272902534_1eb492b412_m.jpg	152	240	http://farm4.staticflickr.com/3758/11272902534_1eb492b412.jpg	317	500	http://farm4.staticflickr.com/3758/11272902534_1eb492b412_b.jpg	649	1024	http://farm4.staticflickr.com/3758/11272902534_ea59515343_o.jpg	983	1550
0	Moses King	King's Handbook of Boston. Profusely illustrated. [With a map.]	KING, Moses.		Cambridge, Mass	001968594		1879	http://www.flickr.com/photos/britishlibrary/11272949673	1	000177	11272949673	http://farm3.staticflickr.com/2893/11272949673_fa9b65806a_m.jpg	240	168	http://farm3.staticflickr.com/2893/11272949673_fa9b65806a.jpg	500	350	http://farm3.staticflickr.com/2893/11272949673_fa9b65806a_b.jpg	1024	716	http://farm3.staticflickr.com/2893/11272949673_3460c42e92_o.jpg	1587	1109
02	American News Company	Round the world with General Grant. A narrative of the visit of General U. S. Grant ... to various countries ... in 1877, 1878, 1879. To which are added certain conversations with General Grant on questions connected with American politics and history ... With ... illustrations	YOUNG, John Russell.		New York	004002305		1879	http://www.flickr.com/photos/britishlibrary/11272876476	1	000246	11272876476	http://farm6.staticflickr.com/5499/11272876476_42acc2a009_m.jpg	240	175	http://farm6.staticflickr.com/5499/11272876476_42acc2a009.jpg	500	365	http://farm6.staticflickr.com/5499/11272876476_42acc2a009_b.jpg	1024	748	http://farm6.staticflickr.com/5499/11272876476_a6770681b1_o.jpg	1358	992
0		Les Vieilles Villes de Suisse. Notes et souvenirs. Ouvrage illustré de 105 dessins à la plume par A. Robida reproduits en fac-simile	ROBIDA, Albert.		Paris	003121715		1879	http://www.flickr.com/photos/britishlibrary/11272948963	1	000145	11272948963	http://farm6.staticflickr.com/5545/11272948963_92895156c6_m.jpg	166	240	http://farm6.staticflickr.com/5545/11272948963_92895156c6.jpg	346	500	http://farm6.staticflickr.com/5545/11272948963_92895156c6_b.jpg	709	1024	http://farm6.staticflickr.com/5545/11272948963_31c551303c_o.jpg	1101	1591
01	William Mackenzie	The National Burns. Edited by Rev. George Gilfillan, including the airs of all the songs, and an original life of Burns by the editor. [With plates, including portraits.]	Burns, Robert		Glasgow	000543200		1879	http://www.flickr.com/photos/britishlibrary/11272947693	1	000243	11272947693	http://farm4.staticflickr.com/3699/11272947693_57f26d675b_m.jpg	240	195	http://farm4.staticflickr.com/3699/11272947693_57f26d675b.jpg	500	407	http://farm4.staticflickr.com/3699/11272947693_57f26d675b_b.jpg	1024	834	http://farm4.staticflickr.com/3699/11272947693_7b4b8a96fb_o.jpg	1431	1166
02	J. B. Lippincott & Co.	History of Princeton and its institutions. ... Illustrated with ... engravings Second edition	HAGEMAN, John Frelinghuysen.		Philadelphia	001560548		1879	http://www.flickr.com/photos/britishlibrary/11272899554	1	000338	11272899554	http://farm8.staticflickr.com/7439/11272899554_caeb202a11_m.jpg	240	177	http://farm8.staticflickr.com/7439/11272899554_caeb202a11.jpg	500	369	http://farm8.staticflickr.com/7439/11272899554_caeb202a11_b.jpg	1024	756	http://farm8.staticflickr.com/7439/11272899554_8425ba053e_o.jpg	1667	1231
0		Saint-Pierre de Rome. Ouvrage illustré, etc	LORBAC, Charles de.		Rome	002259706		1879	http://www.flickr.com/photos/britishlibrary/11272873026	1	000136	11272873026	http://farm8.staticflickr.com/7312/11272873026_136fc090d3_m.jpg	154	240	http://farm8.staticflickr.com/7312/11272873026_136fc090d3.jpg	321	500	http://farm8.staticflickr.com/7312/11272873026_136fc090d3_b.jpg	658	1024	http://farm8.staticflickr.com/7312/11272873026_9314005f81_o.jpg	935	1456
02	American News Company	Round the world with General Grant. A narrative of the visit of General U. S. Grant ... to various countries ... in 1877, 1878, 1879. To which are added certain conversations with General Grant on questions connected with American politics and history ... With ... illustrations	YOUNG, John Russell.		New York	004002305		1879	http://www.flickr.com/photos/britishlibrary/11272945273	1	000636	11272945273	http://farm4.staticflickr.com/3729/11272945273_c74410fd1f_m.jpg	176	240	http://farm4.staticflickr.com/3729/11272945273_c74410fd1f.jpg	366	500	http://farm4.staticflickr.com/3729/11272945273_c74410fd1f_b.jpg	750	1024	http://farm4.staticflickr.com/3729/11272945273_2a61f6fc6f_o.jpg	1232	1683
0	W. Skeffington and Son	Mrs. Harker's Christmas and other Tales, etc	FLETCHER, afterwards MASSEY, Lucy.		London	001253526		1879	http://www.flickr.com/photos/britishlibrary/11272897364	1	000128	11272897364	http://farm8.staticflickr.com/7368/11272897364_7f280f17fd_m.jpg	232	240	http://farm8.staticflickr.com/7368/11272897364_7f280f17fd.jpg	484	500	http://farm8.staticflickr.com/7368/11272897364_7f280f17fd_b.jpg	991	1024	http://farm8.staticflickr.com/7368/11272897364_07f86cd73f_o.jpg	1000	1033
0	Everts & Abbott	History of Hillsdale County, Michigan, with illustrations and biographical sketches of some of its prominent men, etc	Johnson, Crisfield.		Philadelphia	001884500		1879	http://www.flickr.com/photos/britishlibrary/11272944803	1	000138	11272944803	http://farm3.staticflickr.com/2823/11272944803_b16240f93b_m.jpg	240	198	http://farm3.staticflickr.com/2823/11272944803_b16240f93b.jpg	500	413	http://farm3.staticflickr.com/2823/11272944803_b16240f93b_b.jpg	1024	846	http://farm3.staticflickr.com/2823/11272944803_7435c7dba6_o.jpg	1225	1012
0	J. A. & R. A. Reid	The Past and the Present. Narragansett sea and shore. An illustrated guide to Providence, Newport, Narragansett Pier, Block Island, Watch Hill, Rocky Point, Silver Spring, and all the famous sea-side resorts of Rhode Island, with a map of Narragansett Bay	DENISON, Frederic.		Providence	000908069		1879	http://www.flickr.com/photos/britishlibrary/11272943373	1	000105	11272943373	http://farm4.staticflickr.com/3756/11272943373_e3a118dfe5_m.jpg	120	240	http://farm4.staticflickr.com/3756/11272943373_e3a118dfe5.jpg	250	500	http://farm4.staticflickr.com/3756/11272943373_e3a118dfe5_b.jpg	511	1024	http://farm4.staticflickr.com/3756/11272943373_1eba550e8b_o.jpg	747	1496
03		Paris à travers les siècles. Histoire nationale de Paris et des Parisiens depuis la fondation de Lutèce jusqu'à nos jours, etc	GOURDON DE GENOUILLAC, Nicolas Jules Henri.		Paris	001476975		1879	http://www.flickr.com/photos/britishlibrary/11272943243	2	000535	11272943243	http://farm4.staticflickr.com/3786/11272943243_5598b5b7a4_m.jpg	240	193	http://farm4.staticflickr.com/3786/11272943243_5598b5b7a4.jpg	500	403	http://farm4.staticflickr.com/3786/11272943243_5598b5b7a4_b.jpg	1024	825	http://farm4.staticflickr.com/3786/11272943243_490bd0a94d_o.jpg	1241	1000
0	Lewis, Peck & Co.	History of Steuben County, New York, with illustrations and biographical sketches of some of its prominent men and pioneers	CLAYTON, W. Woodford.		Philadelphia	000719876		1879	http://www.flickr.com/photos/britishlibrary/11272870326	1	000607	11272870326	http://farm6.staticflickr.com/5519/11272870326_bcab3404fa_m.jpg	240	171	http://farm6.staticflickr.com/5519/11272870326_bcab3404fa.jpg	500	355	http://farm6.staticflickr.com/5519/11272870326_bcab3404fa_b.jpg	1024	728	http://farm6.staticflickr.com/5519/11272870326_57ec4ff92e_o.jpg	1685	1198
01	D. Appleton & Co.	[Appleton's European Guide Book illustrated. Including England, Scotland, and Ireland, France, Belgium, Holland, Northern and Southern Germany, Switzerland, Italy, Spain and Portugal, Russia, Denmark, Norway, and Sweden. Containing ... maps, etc.]	APPLETON, Daniel AND CO	lsidyv3cbe7355	New York; Longmans & Co	000100280	ark:/81055/vdc_00000005D9DE	1879	http://www.flickr.com/photos/britishlibrary/11272894284	1	000655	11272894284	http://farm4.staticflickr.com/3751/11272894284_c58b4e4f04_m.jpg	157	240	http://farm4.staticflickr.com/3751/11272894284_c58b4e4f04.jpg	327	500	http://farm4.staticflickr.com/3751/11272894284_c58b4e4f04_b.jpg	670	1024	http://farm4.staticflickr.com/3751/11272894284_6314d88375_o.jpg	807	1233
0	Religious Tract Society	The Lands of Scripture: comprising “Those Holy Fields”; “The Land of the Pharaohs” [both by S. M.]; “Pictures from Bible Lands” (edited by S. G. Green. The illustrations by E. Whymper, etc.)	MANNING, Samuel LL.D		London	002369128		1879	http://www.flickr.com/photos/britishlibrary/11272830145	2	000395	11272830145	http://farm4.staticflickr.com/3762/11272830145_7041b94151_m.jpg	88	240	http://farm4.staticflickr.com/3762/11272830145_7041b94151.jpg	183	500	http://farm4.staticflickr.com/3762/11272830145_7041b94151_b.jpg	375	1024	http://farm4.staticflickr.com/3762/11272830145_b6e71a8f8e_o.jpg	736	2008
02		Danmarks og Norges Historie i Slutningen af det 16de Aarhundrede	TROELS-LUND, Troels Frederik.		Kjøbenhavn	003677661		1879	http://www.flickr.com/photos/britishlibrary/11272830015	1	000493	11272830015	http://farm6.staticflickr.com/5517/11272830015_533f72a24f_m.jpg	240	170	http://farm6.staticflickr.com/5517/11272830015_533f72a24f.jpg	500	355	http://farm6.staticflickr.com/5517/11272830015_533f72a24f_b.jpg	1024	727	http://farm6.staticflickr.com/5517/11272830015_cc83f0b816_o.jpg	1645	1168
0		Les Rues du vieux Paris. Galerie populaire et pittoresque ... Ouvrage illustré de 165 gravures sur bois	FOURNEL, Victor.		Paris	001279089		1879	http://www.flickr.com/photos/britishlibrary/11272893344	1	000583	11272893344	http://farm4.staticflickr.com/3696/11272893344_010803c2aa_m.jpg	240	177	http://farm4.staticflickr.com/3696/11272893344_010803c2aa.jpg	500	368	http://farm4.staticflickr.com/3696/11272893344_010803c2aa_b.jpg	1024	754	http://farm4.staticflickr.com/3696/11272893344_da5a76c2ce_o.jpg	1231	907
0	W. Mullan & Son	A E I. Arabia, Egypt, India. A narrative of travel. With fifteen illustrations and two maps	Burton, Isabel Lady	lsidyv3c6913ea	London	000546853	ark:/81055/vdc_00000005AAB6	1879	http://www.flickr.com/photos/britishlibrary/11272828765	1	000536	11272828765	http://farm8.staticflickr.com/7441/11272828765_fc9d138be7_m.jpg	220	240	http://farm8.staticflickr.com/7441/11272828765_fc9d138be7.jpg	458	500	http://farm8.staticflickr.com/7441/11272828765_fc9d138be7_b.jpg	937	1024	http://farm8.staticflickr.com/7441/11272828765_2521a5e0f4_o.jpg	1252	1368
0	Wesleyan Conference Office	Rambles in Bible Lands	NEWTON, Richard D.D., Rector of St. Paul's Church, Philadelphia	lsidyv3ca35e3a	London	002646495	ark:/81055/vdc_00000005C826	1879	http://www.flickr.com/photos/britishlibrary/11272866556	1	000131	11272866556	http://farm8.staticflickr.com/7401/11272866556_8343628347_m.jpg	208	240	http://farm8.staticflickr.com/7401/11272866556_8343628347.jpg	434	500	http://farm8.staticflickr.com/7401/11272866556_8343628347_b.jpg	888	1024	http://farm8.staticflickr.com/7401/11272866556_e2ff5e1c54_o.jpg	1193	1376
01	American News Company	Round the world with General Grant. A narrative of the visit of General U. S. Grant ... to various countries ... in 1877, 1878, 1879. To which are added certain conversations with General Grant on questions connected with American politics and history ... With ... illustrations	YOUNG, John Russell.		New York	004002305		1879	http://www.flickr.com/photos/britishlibrary/11272939123	1	000067	11272939123	http://farm8.staticflickr.com/7320/11272939123_494ec6ed58_m.jpg	161	240	http://farm8.staticflickr.com/7320/11272939123_494ec6ed58.jpg	335	500	http://farm8.staticflickr.com/7320/11272939123_494ec6ed58_b.jpg	687	1024	http://farm8.staticflickr.com/7320/11272939123_e699156204_o.jpg	1145	1706
0	Waterlow & Sons	Up the River from Westminster to Windsor and Oxford; a descriptive panorama of Thames Scenery			London	003606029		1879	http://www.flickr.com/photos/britishlibrary/11272865526	1	000044	11272865526	http://farm4.staticflickr.com/3716/11272865526_b422b699a7_m.jpg	240	171	http://farm4.staticflickr.com/3716/11272865526_b422b699a7.jpg	500	355	http://farm4.staticflickr.com/3716/11272865526_b422b699a7_b.jpg	1024	728	http://farm4.staticflickr.com/3716/11272865526_8605844efc_o.jpg	1577	1121
0		Materialien für den Unterricht in der Geographie nach der constructiven Methode	WENZ, Gustav Geographer		München	003889554		1879	http://www.flickr.com/photos/britishlibrary/11272891064	1	000095	11272891064	http://farm6.staticflickr.com/5515/11272891064_355bd596de_m.jpg	171	240	http://farm6.staticflickr.com/5515/11272891064_355bd596de.jpg	356	500	http://farm6.staticflickr.com/5515/11272891064_355bd596de_b.jpg	730	1024	http://farm6.staticflickr.com/5515/11272891064_5681d612e9_o.jpg	1063	1491
0	[Ward, Lock & Co.	[Charles O'Malley, the Irish Dragoon. Edited by Harry Lorrequer. [By C. J. L.]]	LEVER, Charles James.		London,] Perth [printed	002150760		1879	http://www.flickr.com/photos/britishlibrary/11272864226	1	000280	11272864226	http://farm4.staticflickr.com/3830/11272864226_e1f336280a_m.jpg	240	178	http://farm4.staticflickr.com/3830/11272864226_e1f336280a.jpg	500	371	http://farm4.staticflickr.com/3830/11272864226_e1f336280a_b.jpg	1024	760	http://farm4.staticflickr.com/3830/11272864226_4e0273a5e9_o.jpg	1365	1013
02	Tinsley Brothers	Berlin under the New Empire, its institutions, inhabitants, industry ... With ... engravings, etc	VIZETELLY, Henry.		London	003807524		1879	http://www.flickr.com/photos/britishlibrary/11272864156	1	000116	11272864156	http://farm4.staticflickr.com/3680/11272864156_4f81463d66_m.jpg	240	209	http://farm4.staticflickr.com/3680/11272864156_4f81463d66.jpg	500	436	http://farm4.staticflickr.com/3680/11272864156_4f81463d66_b.jpg	1024	892	http://farm4.staticflickr.com/3680/11272864156_a7997b40ab_o.jpg	1108	965
01	L. H. Everts	History of the Connecticut Valley in Massachusetts (by N. B. Sylvester), with illustrations and biographical sketches of some of its prominent men and pioneers [by other authors]	SYLVESTER, Nathaniel Bartlett.		Philadelphia	003562080		1879	http://www.flickr.com/photos/britishlibrary/11272889574	1	000430	11272889574	http://farm6.staticflickr.com/5500/11272889574_4e6988b3eb_m.jpg	223	240	http://farm6.staticflickr.com/5500/11272889574_4e6988b3eb.jpg	465	500	http://farm6.staticflickr.com/5500/11272889574_4e6988b3eb_b.jpg	952	1024	http://farm6.staticflickr.com/5500/11272889574_150c14ef50_o.jpg	1131	1217
04		Old and New London, etc	Thornbury, Walter	lsidyv3c47ab1a	London	003628788	ark:/81055/vdc_000000059328	1879	http://www.flickr.com/photos/britishlibrary/11272889734	1	000236	11272889734	http://farm3.staticflickr.com/2827/11272889734_8c179e8804_m.jpg	240	182	http://farm3.staticflickr.com/2827/11272889734_8c179e8804.jpg	500	380	http://farm3.staticflickr.com/2827/11272889734_8c179e8804_b.jpg	1024	778	http://farm3.staticflickr.com/2827/11272889734_d040cb3899_o.jpg	1668	1267
0	C. C. Chapman & Co.	History of Fulton County, together with sketches of its cities, villages and townships, ... and biographies ... History of Illinois ... Illustrated			Peoria	001341605		1879	http://www.flickr.com/photos/britishlibrary/11272935383	1	000279	11272935383	http://farm3.staticflickr.com/2876/11272935383_847764b643_m.jpg	240	166	http://farm3.staticflickr.com/2876/11272935383_847764b643.jpg	500	345	http://farm3.staticflickr.com/2876/11272935383_847764b643_b.jpg	1024	707	http://farm3.staticflickr.com/2876/11272935383_81841d0773_o.jpg	1720	1187
0	D. W. Ensign & Co.	History of Columbiana County, Ohio, with illustrations and biographical sketches of its prominent men and pioneers	MACK, Horace.		Philadelphia	002319445		1879	http://www.flickr.com/photos/britishlibrary/11272861476	1	000219	11272861476	http://farm4.staticflickr.com/3713/11272861476_48598660c1_m.jpg	240	199	http://farm4.staticflickr.com/3713/11272861476_48598660c1.jpg	500	414	http://farm4.staticflickr.com/3713/11272861476_48598660c1_b.jpg	1024	847	http://farm4.staticflickr.com/3713/11272861476_14c35bba50_o.jpg	1530	1265
01	L. H. Everts	History of the Connecticut Valley in Massachusetts (by N. B. Sylvester), with illustrations and biographical sketches of some of its prominent men and pioneers [by other authors]	SYLVESTER, Nathaniel Bartlett.		Philadelphia	003562080		1879	http://www.flickr.com/photos/britishlibrary/11272822605	1	000634	11272822605	http://farm4.staticflickr.com/3796/11272822605_8f300cc3f5_m.jpg	240	211	http://farm4.staticflickr.com/3796/11272822605_8f300cc3f5.jpg	500	439	http://farm4.staticflickr.com/3796/11272822605_8f300cc3f5_b.jpg	1024	899	http://farm4.staticflickr.com/3796/11272822605_83d0082e6e_o.jpg	1462	1283
0	Published by the Author	History of Grafton, Worcester County, Massachusetts ... Including the genealogies of seventy-nine of the older families	PEIRCE, Frederick Clifton.		Worcester [Mass.]	002810106		1879	http://www.flickr.com/photos/britishlibrary/11272933343	1	000538	11272933343	http://farm6.staticflickr.com/5514/11272933343_1c93d49bde_m.jpg	240	123	http://farm6.staticflickr.com/5514/11272933343_1c93d49bde.jpg	500	257	http://farm6.staticflickr.com/5514/11272933343_1c93d49bde_b.jpg	1024	526	http://farm6.staticflickr.com/5514/11272933343_2f2509ee84_o.jpg	1648	847
01		Old and New London, etc	Thornbury, Walter	lsidyv3c47ab1a	London	003628788	ark:/81055/vdc_000000059328	1879	http://www.flickr.com/photos/britishlibrary/11272886434	1	000302	11272886434	http://farm6.staticflickr.com/5486/11272886434_8fe4a14a0a_m.jpg	240	147	http://farm6.staticflickr.com/5486/11272886434_8fe4a14a0a.jpg	500	306	http://farm6.staticflickr.com/5486/11272886434_8fe4a14a0a_b.jpg	1024	627	http://farm6.staticflickr.com/5486/11272886434_d6213092f2_o.jpg	1778	1088
02		Sahărâ und Sûdân. Ergebnisse sechsjähriger Reisen in Afrika. (Thl. 3 herausgegeben von E. Groddeck.)	NACHTIGAL, Gustav.		Berlin	002599811		1879	http://www.flickr.com/photos/britishlibrary/11272858896	1	000595	11272858896	http://farm4.staticflickr.com/3732/11272858896_c10f2ab999_m.jpg	160	240	http://farm4.staticflickr.com/3732/11272858896_c10f2ab999.jpg	333	500	http://farm4.staticflickr.com/3732/11272858896_c10f2ab999_b.jpg	682	1024	http://farm4.staticflickr.com/3732/11272858896_c4c805867a_o.jpg	1045	1570
01		Paris à travers les siècles. Histoire nationale de Paris et des Parisiens depuis la fondation de Lutèce jusqu'à nos jours, etc	GOURDON DE GENOUILLAC, Nicolas Jules Henri.		Paris	001476975		1879	http://www.flickr.com/photos/britishlibrary/11272931623	1	001006	11272931623	http://farm8.staticflickr.com/7350/11272931623_a6b45bf1c0_m.jpg	240	147	http://farm8.staticflickr.com/7350/11272931623_a6b45bf1c0.jpg	500	306	http://farm8.staticflickr.com/7350/11272931623_a6b45bf1c0_b.jpg	1024	626	http://farm8.staticflickr.com/7350/11272931623_17905ec1ab_o.jpg	1787	1092
0		Les Rues du vieux Paris. Galerie populaire et pittoresque ... Ouvrage illustré de 165 gravures sur bois	FOURNEL, Victor.		Paris	001279089		1879	http://www.flickr.com/photos/britishlibrary/11272884754	1	000221	11272884754	http://farm8.staticflickr.com/7427/11272884754_84d166f637_m.jpg	197	240	http://farm8.staticflickr.com/7427/11272884754_84d166f637.jpg	411	500	http://farm8.staticflickr.com/7427/11272884754_84d166f637_b.jpg	842	1024	http://farm8.staticflickr.com/7427/11272884754_c4e1ca412e_o.jpg	1191	1448
01	American News Company	Round the world with General Grant. A narrative of the visit of General U. S. Grant ... to various countries ... in 1877, 1878, 1879. To which are added certain conversations with General Grant on questions connected with American politics and history ... With ... illustrations	YOUNG, John Russell.		New York	004002305		1879	http://www.flickr.com/photos/britishlibrary/11272857306	1	000468	11272857306	http://farm6.staticflickr.com/5533/11272857306_002b8cde6f_m.jpg	132	240	http://farm6.staticflickr.com/5533/11272857306_002b8cde6f.jpg	275	500	http://farm6.staticflickr.com/5533/11272857306_002b8cde6f_b.jpg	563	1024	http://farm6.staticflickr.com/5533/11272857306_dfe7fd8dd5_o.jpg	937	1703
01	American News Company	Round the world with General Grant. A narrative of the visit of General U. S. Grant ... to various countries ... in 1877, 1878, 1879. To which are added certain conversations with General Grant on questions connected with American politics and history ... With ... illustrations	YOUNG, John Russell.		New York	004002305		1879	http://www.flickr.com/photos/britishlibrary/11272930363	1	000160	11272930363	http://farm3.staticflickr.com/2809/11272930363_b578e3b30f_m.jpg	167	240	http://farm3.staticflickr.com/2809/11272930363_b578e3b30f.jpg	348	500	http://farm3.staticflickr.com/2809/11272930363_b578e3b30f_b.jpg	713	1024	http://farm3.staticflickr.com/2809/11272930363_faee0e5d63_o.jpg	1158	1662
01	Tinsley Brothers	Berlin under the New Empire, its institutions, inhabitants, industry ... With ... engravings, etc	VIZETELLY, Henry.		London	003807524		1879	http://www.flickr.com/photos/britishlibrary/11272819455	1	000159	11272819455	http://farm4.staticflickr.com/3822/11272819455_f9e89f35f4_m.jpg	212	240	http://farm4.staticflickr.com/3822/11272819455_f9e89f35f4.jpg	441	500	http://farm4.staticflickr.com/3822/11272819455_f9e89f35f4_b.jpg	904	1024	http://farm4.staticflickr.com/3822/11272819455_f0b9debb0c_o.jpg	1236	1400
0	Western Historical Company	The history of Jefferson County ... Illustrated			Chicago	001859185		1879	http://www.flickr.com/photos/britishlibrary/11272882274	1	000061	11272882274	http://farm4.staticflickr.com/3740/11272882274_0d9f5f03ed_m.jpg	121	240	http://farm4.staticflickr.com/3740/11272882274_0d9f5f03ed.jpg	253	500	http://farm4.staticflickr.com/3740/11272882274_0d9f5f03ed_b.jpg	518	1024	http://farm4.staticflickr.com/3740/11272882274_b777e1d74b_o.jpg	810	1602
02	William Mackenzie	The National Burns. Edited by Rev. George Gilfillan, including the airs of all the songs, and an original life of Burns by the editor. [With plates, including portraits.]	Burns, Robert		Glasgow	000543200		1879	http://www.flickr.com/photos/britishlibrary/11272881204	1	000011	11272881204	http://farm6.staticflickr.com/5544/11272881204_0d906fd269_m.jpg	101	240	http://farm6.staticflickr.com/5544/11272881204_0d906fd269.jpg	210	500	http://farm6.staticflickr.com/5544/11272881204_0d906fd269_b.jpg	430	1024	http://farm6.staticflickr.com/5544/11272881204_5edb52e48c_o.jpg	856	2039
0	M. H. Gill & Son	Loca Patriciana: an identification of localities, chiefly in Leinster, visited by Saint Patrick and his assistant missionaries; and of some contemporary kings and chieftains. With an essay on the three Patricks, Palladius, Sen Patrick, and Patrick MacCalphurn, Apostles of Ireland in the fifth century	SHEARMAN, John Francis.		Dublin	003361987		1879	http://www.flickr.com/photos/britishlibrary/11272928783	1	000076	11272928783	http://farm6.staticflickr.com/5492/11272928783_28bf1d1293_m.jpg	240	167	http://farm6.staticflickr.com/5492/11272928783_28bf1d1293.jpg	500	348	http://farm6.staticflickr.com/5492/11272928783_28bf1d1293_b.jpg	1024	713	http://farm6.staticflickr.com/5492/11272928783_aa9efabf1d_o.jpg	1738	1210
01		A magyar nemzet története. I. kötet írta Bodon J. és Dr. Szalay J. (II.-IV.) kötet, írta Dr. Szalay J.) [With portraits.]	BODON, József and SZALAY (József)		Budapest	000389221		1879	http://www.flickr.com/photos/britishlibrary/11272854926	1	000459	11272854926	http://farm8.staticflickr.com/7333/11272854926_f0730ea76a_m.jpg	62	240	http://farm8.staticflickr.com/7333/11272854926_f0730ea76a.jpg	129	500	http://farm8.staticflickr.com/7333/11272854926_f0730ea76a_b.jpg	264	1024	http://farm8.staticflickr.com/7333/11272854926_c1432b1ea6_o.jpg	490	1899
01	L. H. Everts	History of the Connecticut Valley in Massachusetts (by N. B. Sylvester), with illustrations and biographical sketches of some of its prominent men and pioneers [by other authors]	SYLVESTER, Nathaniel Bartlett.		Philadelphia	003562080		1879	http://www.flickr.com/photos/britishlibrary/11272879764	1	000347	11272879764	http://farm4.staticflickr.com/3756/11272879764_e7d84c2fe4_m.jpg	240	226	http://farm4.staticflickr.com/3756/11272879764_e7d84c2fe4.jpg	500	470	http://farm4.staticflickr.com/3756/11272879764_e7d84c2fe4_b.jpg	1024	963	http://farm4.staticflickr.com/3756/11272879764_a34aa69526_o.jpg	1446	1360
02	D. Appleton & Co.	[Appleton's European Guide Book illustrated. Including England, Scotland, and Ireland, France, Belgium, Holland, Northern and Southern Germany, Switzerland, Italy, Spain and Portugal, Russia, Denmark, Norway, and Sweden. Containing ... maps, etc.]	APPLETON, Daniel AND CO	lsidyv3cbe7355	New York; Longmans & Co	000100280	ark:/81055/vdc_00000005D9DE	1879	http://www.flickr.com/photos/britishlibrary/11272853396	1	000662	11272853396	http://farm4.staticflickr.com/3808/11272853396_e8a0ecdbe5_m.jpg	174	240	http://farm4.staticflickr.com/3808/11272853396_e8a0ecdbe5.jpg	362	500	http://farm4.staticflickr.com/3808/11272853396_e8a0ecdbe5_b.jpg	742	1024	http://farm4.staticflickr.com/3808/11272853396_1c0907b6d6_o.jpg	931	1284
0	C. C. Chapman & Co.	History of Fulton County, together with sketches of its cities, villages and townships, ... and biographies ... History of Illinois ... Illustrated			Peoria	001341605		1879	http://www.flickr.com/photos/britishlibrary/11272853196	2	000313	11272853196	http://farm6.staticflickr.com/5521/11272853196_9bcbf052c0_m.jpg	173	240	http://farm6.staticflickr.com/5521/11272853196_9bcbf052c0.jpg	360	500	http://farm6.staticflickr.com/5521/11272853196_9bcbf052c0_b.jpg	738	1024	http://farm6.staticflickr.com/5521/11272853196_bf780b887a_o.jpg	897	1245
0	Western Historical Co.	The History of Clinton County, Iowa ... Illustrated			Chicago	000726414		1879	http://www.flickr.com/photos/britishlibrary/11272878644	1	000056	11272878644	http://farm3.staticflickr.com/2867/11272878644_5c4e31f60f_m.jpg	160	240	http://farm3.staticflickr.com/2867/11272878644_5c4e31f60f.jpg	333	500	http://farm3.staticflickr.com/2867/11272878644_5c4e31f60f_b.jpg	683	1024	http://farm3.staticflickr.com/2867/11272878644_fb25940688_o.jpg	1030	1544
0		The History of Russia from the earliest times to 1877 ... Translated by L. B. Lang [with additions and emendations by the author]. ... With illustrations	RAMBAUD, Alfred Nicolas.		London	003034307		1879	http://www.flickr.com/photos/britishlibrary/11272924303	1	000008	11272924303	http://farm4.staticflickr.com/3684/11272924303_5a91874d08_m.jpg	240	188	http://farm4.staticflickr.com/3684/11272924303_5a91874d08.jpg	500	392	http://farm4.staticflickr.com/3684/11272924303_5a91874d08_b.jpg	1024	803	http://farm4.staticflickr.com/3684/11272924303_5e171edf71_o.jpg	1487	1166
02		The Borders of the Tamar and the Tavy; their natural history, etc. A new edition	STOTHARD, afterwards BRAY, Anna Eliza.	lsidyv3c4640f3	London	003517963	ark:/81055/vdc_0000000591E4	1879	http://www.flickr.com/photos/britishlibrary/11272851426	1	000264	11272851426	http://farm6.staticflickr.com/5511/11272851426_bf0be74b21_m.jpg	174	240	http://farm6.staticflickr.com/5511/11272851426_bf0be74b21.jpg	363	500	http://farm6.staticflickr.com/5511/11272851426_bf0be74b21_b.jpg	743	1024	http://farm6.staticflickr.com/5511/11272851426_9013bb71d3_o.jpg	880	1212
0	C. R. Barns	Switzler's Illustrated History of Missouri, from 1541 to 1877, etc. [Edited by C. R. Barns. From the larger work edited by him, entitled: “The Commonwealth of Missouri.”]	BARNS, Chancy R.		Saint Louis	000206134		1879	http://www.flickr.com/photos/britishlibrary/11272851256	1	000072	11272851256	http://farm4.staticflickr.com/3779/11272851256_be21cafe0a_m.jpg	233	240	http://farm4.staticflickr.com/3779/11272851256_be21cafe0a.jpg	486	500	http://farm4.staticflickr.com/3779/11272851256_be21cafe0a_b.jpg	995	1024	http://farm4.staticflickr.com/3779/11272851256_9a89e4fce9_o.jpg	1186	1220
02	American News Company	Round the world with General Grant. A narrative of the visit of General U. S. Grant ... to various countries ... in 1877, 1878, 1879. To which are added certain conversations with General Grant on questions connected with American politics and history ... With ... illustrations	YOUNG, John Russell.		New York	004002305		1879	http://www.flickr.com/photos/britishlibrary/11272922393	1	000604	11272922393	http://farm3.staticflickr.com/2859/11272922393_05866a1879_m.jpg	240	164	http://farm3.staticflickr.com/2859/11272922393_05866a1879.jpg	500	341	http://farm3.staticflickr.com/2859/11272922393_05866a1879_b.jpg	1024	699	http://farm3.staticflickr.com/2859/11272922393_4000f14516_o.jpg	1542	1053
02	D. Appleton & Co.	[Appleton's European Guide Book illustrated. Including England, Scotland, and Ireland, France, Belgium, Holland, Northern and Southern Germany, Switzerland, Italy, Spain and Portugal, Russia, Denmark, Norway, and Sweden. Containing ... maps, etc.]	APPLETON, Daniel AND CO	lsidyv3cbe7355	New York; Longmans & Co	000100280	ark:/81055/vdc_00000005D9DE	1879	http://www.flickr.com/photos/britishlibrary/11272849746	1	000263	11272849746	http://farm3.staticflickr.com/2827/11272849746_6c90662956_m.jpg	212	240	http://farm3.staticflickr.com/2827/11272849746_6c90662956.jpg	441	500	http://farm3.staticflickr.com/2827/11272849746_6c90662956_b.jpg	903	1024	http://farm3.staticflickr.com/2827/11272849746_3ef880cf29_o.jpg	1002	1136
0		Les Vieilles Villes de Suisse. Notes et souvenirs. Ouvrage illustré de 105 dessins à la plume par A. Robida reproduits en fac-simile	ROBIDA, Albert.		Paris	003121715		1879	http://www.flickr.com/photos/britishlibrary/11272923123	1	000081	11272923123	http://farm4.staticflickr.com/3782/11272923123_6936a508e5_m.jpg	150	240	http://farm4.staticflickr.com/3782/11272923123_6936a508e5.jpg	313	500	http://farm4.staticflickr.com/3782/11272923123_6936a508e5_b.jpg	641	1024	http://farm4.staticflickr.com/3782/11272923123_4c972be5d7_o.jpg	1052	1681
0		The Children's fairy geography, or a merry trip round Europe	WINSLOW, Forbes Edward.	lsidyv3c92d153	London	003952456	ark:/81055/vdc_00000005BE18	1879	http://www.flickr.com/photos/britishlibrary/11272848386	1	000318	11272848386	http://farm3.staticflickr.com/2839/11272848386_f7eb9985b4_m.jpg	240	195	http://farm3.staticflickr.com/2839/11272848386_f7eb9985b4.jpg	500	407	http://farm3.staticflickr.com/2839/11272848386_f7eb9985b4_b.jpg	1024	833	http://farm3.staticflickr.com/2839/11272848386_b16ab48617_o.jpg	1315	1070
02	Tinsley Brothers	Berlin under the New Empire, its institutions, inhabitants, industry ... With ... engravings, etc	VIZETELLY, Henry.		London	003807524		1879	http://www.flickr.com/photos/britishlibrary/11272811085	1	000055	11272811085	http://farm4.staticflickr.com/3776/11272811085_e2cf574f24_m.jpg	240	211	http://farm4.staticflickr.com/3776/11272811085_e2cf574f24.jpg	500	439	http://farm4.staticflickr.com/3776/11272811085_e2cf574f24_b.jpg	1024	900	http://farm4.staticflickr.com/3776/11272811085_d5dcbe0709_o.jpg	1487	1307
0		Monuments religieux, civils et militaires du Gatinais, ... depuis le XIe jusqu'au XVIIe siècle. ... Ouvrage accompagné de planches, etc	MICHEL, Edmond.		Lyon	002482448		1879	http://www.flickr.com/photos/britishlibrary/11272810265	3	000427	11272810265	http://farm4.staticflickr.com/3708/11272810265_1d83f0a0db_m.jpg	222	240	http://farm4.staticflickr.com/3708/11272810265_1d83f0a0db.jpg	463	500	http://farm4.staticflickr.com/3708/11272810265_1d83f0a0db_b.jpg	949	1024	http://farm4.staticflickr.com/3708/11272810265_e7b0831076_o.jpg	1026	1107
01	William Mackenzie	The National Burns. Edited by Rev. George Gilfillan, including the airs of all the songs, and an original life of Burns by the editor. [With plates, including portraits.]	Burns, Robert		Glasgow	000543200		1879	http://www.flickr.com/photos/britishlibrary/11272872584	1	000393	11272872584	http://farm8.staticflickr.com/7421/11272872584_dffeda590b_m.jpg	240	240	http://farm8.staticflickr.com/7421/11272872584_dffeda590b.jpg	499	500	http://farm8.staticflickr.com/7421/11272872584_dffeda590b_b.jpg	1022	1024	http://farm8.staticflickr.com/7421/11272872584_b532b2e632_o.jpg	1452	1455
0		The Black Forest, its people and legends. [With maps and illustrations.]	SÉGUIN, afterwards STRAHAN, Lisbeth Gooch.	lsidyv3bbdd558	London, Edinburgh	003328570	ark:/81055/vdc_000000053B26	1879	http://www.flickr.com/photos/britishlibrary/11272809075	1	000192	11272809075	http://farm8.staticflickr.com/7329/11272809075_4f68f8c921_m.jpg	240	213	http://farm8.staticflickr.com/7329/11272809075_4f68f8c921.jpg	500	443	http://farm8.staticflickr.com/7329/11272809075_4f68f8c921_b.jpg	1024	908	http://farm8.staticflickr.com/7329/11272809075_ecde735931_o.jpg	1383	1226
0	Marcus Ward & Co.	Our Native Land, its scenery and associations. A series of 36 water-colour sketches after Rowbotham, Read, Needham, and other eminent artists. With descriptive notes. [The author of the text identified on the wrapper of pt. 1 as “the author of By Loch and by Land”, i.e. Jean L. Watson.]	WATSON, Jean L.		London	001140593		1879	http://www.flickr.com/photos/britishlibrary/11272872624	1	000305	11272872624	http://farm6.staticflickr.com/5519/11272872624_137482a40c_m.jpg	240	128	http://farm6.staticflickr.com/5519/11272872624_137482a40c.jpg	500	268	http://farm6.staticflickr.com/5519/11272872624_137482a40c_b.jpg	1024	548	http://farm6.staticflickr.com/5519/11272872624_cbc7632560_o.jpg	1921	1028
0		The Great Eastern Railway Company's Tourist-Guide to the Continent. ... With illustrations ... and a map	LINDLEY, Percy.	lsidyv3cad916f	London	002174468	ark:/81055/vdc_00000005CE44	1879	http://www.flickr.com/photos/britishlibrary/11272918323	1	000047	11272918323	http://farm8.staticflickr.com/7348/11272918323_f4b6956d3b_m.jpg	240	158	http://farm8.staticflickr.com/7348/11272918323_f4b6956d3b.jpg	500	330	http://farm8.staticflickr.com/7348/11272918323_f4b6956d3b_b.jpg	1024	676	http://farm8.staticflickr.com/7348/11272918323_ce77ac7fe3_o.jpg	1537	1015
0		The Children's fairy geography, or a merry trip round Europe	WINSLOW, Forbes Edward.	lsidyv3c92d153	London	003952456	ark:/81055/vdc_00000005BE18	1879	http://www.flickr.com/photos/britishlibrary/11272844276	1	000085	11272844276	http://farm6.staticflickr.com/5527/11272844276_57ee286ce0_m.jpg	240	161	http://farm6.staticflickr.com/5527/11272844276_57ee286ce0.jpg	500	335	http://farm6.staticflickr.com/5527/11272844276_57ee286ce0_b.jpg	1024	687	http://farm6.staticflickr.com/5527/11272844276_a65c79d661_o.jpg	1527	1025
0	H. Johnson	History of Stamford. [Illustrated.]	NEVINSON, Charles.		Stamford	002631380		1879	http://www.flickr.com/photos/britishlibrary/11272916683	2	000086	11272916683	http://farm3.staticflickr.com/2881/11272916683_7814252ee3_m.jpg	225	240	http://farm3.staticflickr.com/2881/11272916683_7814252ee3.jpg	469	500	http://farm3.staticflickr.com/2881/11272916683_7814252ee3_b.jpg	961	1024	http://farm3.staticflickr.com/2881/11272916683_03a5fcd654_o.jpg	1259	1341
0		Очерки Русской Исторіи въ памятникахъ быта. pt. 1, 2	POLEVOI, Petr Nikolaevich.		С.-Петербургъ	002948284		1879	http://www.flickr.com/photos/britishlibrary/11272842896	1	000445	11272842896	http://farm8.staticflickr.com/7412/11272842896_0e96a67815_m.jpg	194	240	http://farm8.staticflickr.com/7412/11272842896_0e96a67815.jpg	405	500	http://farm8.staticflickr.com/7412/11272842896_0e96a67815_b.jpg	829	1024	http://farm8.staticflickr.com/7412/11272842896_fdd9594b77_o.jpg	1183	1462
0	Waterlow & Sons	Up the River from Westminster to Windsor and Oxford; a descriptive panorama of Thames Scenery			London	003606029		1879	http://www.flickr.com/photos/britishlibrary/11272805265	1	000062	11272805265	http://farm4.staticflickr.com/3690/11272805265_3b7dc7e2a2_m.jpg	203	240	http://farm4.staticflickr.com/3690/11272805265_3b7dc7e2a2.jpg	423	500	http://farm4.staticflickr.com/3690/11272805265_3b7dc7e2a2_b.jpg	867	1024	http://farm4.staticflickr.com/3690/11272805265_c38dc449f9_o.jpg	1127	1331
0	O. L. Baskin Co.	The history of Menard and Mason Counties, Illinois, containing a history of the counties [by R. D. Miller and J. M. Ruggles], ... statistics, &c. Illustrated			Chicago	002456488		1879	http://www.flickr.com/photos/britishlibrary/11272867684	1	000025	11272867684	http://farm8.staticflickr.com/7318/11272867684_f9795d2c8a_m.jpg	239	240	http://farm8.staticflickr.com/7318/11272867684_f9795d2c8a.jpg	497	500	http://farm8.staticflickr.com/7318/11272867684_f9795d2c8a_b.jpg	1018	1024	http://farm8.staticflickr.com/7318/11272867684_554ba2b228_o.jpg	1178	1185
01	American News Company	Round the world with General Grant. A narrative of the visit of General U. S. Grant ... to various countries ... in 1877, 1878, 1879. To which are added certain conversations with General Grant on questions connected with American politics and history ... With ... illustrations	YOUNG, John Russell.		New York	004002305		1879	http://www.flickr.com/photos/britishlibrary/11272913773	1	000083	11272913773	http://farm4.staticflickr.com/3823/11272913773_d1f7f0cefc_m.jpg	153	240	http://farm4.staticflickr.com/3823/11272913773_d1f7f0cefc.jpg	318	500	http://farm4.staticflickr.com/3823/11272913773_d1f7f0cefc_b.jpg	652	1024	http://farm4.staticflickr.com/3823/11272913773_4eda408e79_o.jpg	1076	1691
0	Marcus Ward & Co.	Our Native Land, its scenery and associations. A series of 36 water-colour sketches after Rowbotham, Read, Needham, and other eminent artists. With descriptive notes. [The author of the text identified on the wrapper of pt. 1 as “the author of By Loch and by Land”, i.e. Jean L. Watson.]	WATSON, Jean L.		London	001140593		1879	http://www.flickr.com/photos/britishlibrary/11272840456	1	000199	11272840456	http://farm8.staticflickr.com/7319/11272840456_091f4e6d87_m.jpg	105	240	http://farm8.staticflickr.com/7319/11272840456_091f4e6d87.jpg	219	500	http://farm8.staticflickr.com/7319/11272840456_091f4e6d87_b.jpg	448	1024	http://farm8.staticflickr.com/7319/11272840456_40d9f87346_o.jpg	897	2049
0		The Black Forest, its people and legends. [With maps and illustrations.]	SÉGUIN, afterwards STRAHAN, Lisbeth Gooch.	lsidyv3bbdd558	London, Edinburgh	003328570	ark:/81055/vdc_000000053B26	1879	http://www.flickr.com/photos/britishlibrary/11272865734	1	000443	11272865734	http://farm3.staticflickr.com/2828/11272865734_ee986aabe0_m.jpg	240	214	http://farm3.staticflickr.com/2828/11272865734_ee986aabe0.jpg	500	447	http://farm3.staticflickr.com/2828/11272865734_ee986aabe0_b.jpg	1024	915	http://farm3.staticflickr.com/2828/11272865734_1d3e91f510_o.jpg	1406	1257
0	C. R. Barns	Switzler's Illustrated History of Missouri, from 1541 to 1877, etc. [Edited by C. R. Barns. From the larger work edited by him, entitled: “The Commonwealth of Missouri.”]	BARNS, Chancy R.		Saint Louis	000206134		1879	http://www.flickr.com/photos/britishlibrary/11272912253	1	000487	11272912253	http://farm3.staticflickr.com/2884/11272912253_f6a99d303d_m.jpg	240	215	http://farm3.staticflickr.com/2884/11272912253_f6a99d303d.jpg	500	447	http://farm3.staticflickr.com/2884/11272912253_f6a99d303d_b.jpg	1024	916	http://farm3.staticflickr.com/2884/11272912253_9db297dbca_o.jpg	1300	1163
0	Moses King	King's Handbook of Boston. Profusely illustrated. [With a map.]	KING, Moses.		Cambridge, Mass	001968594		1879	http://www.flickr.com/photos/britishlibrary/11272801465	1	000145	11272801465	http://farm6.staticflickr.com/5542/11272801465_372375882a_m.jpg	240	204	http://farm6.staticflickr.com/5542/11272801465_372375882a.jpg	500	424	http://farm6.staticflickr.com/5542/11272801465_372375882a_b.jpg	1024	869	http://farm6.staticflickr.com/5542/11272801465_2d9d39db5a_o.jpg	1282	1088
02	American News Company	Round the world with General Grant. A narrative of the visit of General U. S. Grant ... to various countries ... in 1877, 1878, 1879. To which are added certain conversations with General Grant on questions connected with American politics and history ... With ... illustrations	YOUNG, John Russell.		New York	004002305		1879	http://www.flickr.com/photos/britishlibrary/11272863804	1	000656	11272863804	http://farm8.staticflickr.com/7306/11272863804_fe58125e27_m.jpg	240	211	http://farm8.staticflickr.com/7306/11272863804_fe58125e27.jpg	500	439	http://farm8.staticflickr.com/7306/11272863804_fe58125e27_b.jpg	1024	899	http://farm8.staticflickr.com/7306/11272863804_b2017e6b8c_o.jpg	1175	1032
0	C. C. Chapman & Co.	History of Fulton County, together with sketches of its cities, villages and townships, ... and biographies ... History of Illinois ... Illustrated			Peoria	001341605		1879	http://www.flickr.com/photos/britishlibrary/11272799135	1	000135	11272799135	http://farm3.staticflickr.com/2817/11272799135_e63676b8bf_m.jpg	240	184	http://farm3.staticflickr.com/2817/11272799135_e63676b8bf.jpg	500	383	http://farm3.staticflickr.com/2817/11272799135_e63676b8bf_b.jpg	1024	784	http://farm3.staticflickr.com/2817/11272799135_a5e3a4f3cf_o.jpg	1581	1211
0	Wesleyan Conference Office	Rambles in Bible Lands	NEWTON, Richard D.D., Rector of St. Paul's Church, Philadelphia	lsidyv3ca35e3a	London	002646495	ark:/81055/vdc_00000005C826	1879	http://www.flickr.com/photos/britishlibrary/11272836626	1	000197	11272836626	http://farm4.staticflickr.com/3821/11272836626_d954e0c27c_m.jpg	240	221	http://farm4.staticflickr.com/3821/11272836626_d954e0c27c.jpg	500	460	http://farm4.staticflickr.com/3821/11272836626_d954e0c27c_b.jpg	1024	942	http://farm4.staticflickr.com/3821/11272836626_56fe9e6c1b_o.jpg	1495	1376
01	Tinsley Brothers	Berlin under the New Empire, its institutions, inhabitants, industry ... With ... engravings, etc	VIZETELLY, Henry.		London	003807524		1879	http://www.flickr.com/photos/britishlibrary/11272799235	1	000079	11272799235	http://farm4.staticflickr.com/3721/11272799235_c7039db071_m.jpg	160	240	http://farm4.staticflickr.com/3721/11272799235_c7039db071.jpg	333	500	http://farm4.staticflickr.com/3721/11272799235_c7039db071_b.jpg	682	1024	http://farm4.staticflickr.com/3721/11272799235_419488188c_o.jpg	946	1421
01	D. Appleton & Co.	[Appleton's European Guide Book illustrated. Including England, Scotland, and Ireland, France, Belgium, Holland, Northern and Southern Germany, Switzerland, Italy, Spain and Portugal, Russia, Denmark, Norway, and Sweden. Containing ... maps, etc.]	APPLETON, Daniel AND CO	lsidyv3cbe7355	New York; Longmans & Co	000100280	ark:/81055/vdc_00000005D9DE	1879	http://www.flickr.com/photos/britishlibrary/11272860864	1	000205	11272860864	http://farm4.staticflickr.com/3742/11272860864_5f4c5e99d3_m.jpg	169	240	http://farm4.staticflickr.com/3742/11272860864_5f4c5e99d3.jpg	352	500	http://farm4.staticflickr.com/3742/11272860864_5f4c5e99d3_b.jpg	720	1024	http://farm4.staticflickr.com/3742/11272860864_56673ffab0_o.jpg	867	1233
01	American News Company	Round the world with General Grant. A narrative of the visit of General U. S. Grant ... to various countries ... in 1877, 1878, 1879. To which are added certain conversations with General Grant on questions connected with American politics and history ... With ... illustrations	YOUNG, John Russell.		New York	004002305		1879	http://www.flickr.com/photos/britishlibrary/11272907613	1	000465	11272907613	http://farm4.staticflickr.com/3776/11272907613_eedf880c97_m.jpg	173	240	http://farm4.staticflickr.com/3776/11272907613_eedf880c97.jpg	360	500	http://farm4.staticflickr.com/3776/11272907613_eedf880c97_b.jpg	738	1024	http://farm4.staticflickr.com/3776/11272907613_49986b748a_o.jpg	1236	1716
0	W. Le Baron, Jr., & Co.	The history of McLean County, Illinois, containing a history of the County [by C. P. Merriman], its cities, towns, etc. [by J. H. Burnham, H. H. Hill, and A. W. Kellogg]	HILL, H. H. Historian		Chicago	002326542		1879	http://www.flickr.com/photos/britishlibrary/11272834646	1	000087	11272834646	http://farm8.staticflickr.com/7302/11272834646_ba77e1ed85_m.jpg	169	240	http://farm8.staticflickr.com/7302/11272834646_ba77e1ed85.jpg	353	500	http://farm8.staticflickr.com/7302/11272834646_ba77e1ed85_b.jpg	722	1024	http://farm8.staticflickr.com/7302/11272834646_0b375c5f52_o.jpg	1126	1597
01	American News Company	Round the world with General Grant. A narrative of the visit of General U. S. Grant ... to various countries ... in 1877, 1878, 1879. To which are added certain conversations with General Grant on questions connected with American politics and history ... With ... illustrations	YOUNG, John Russell.		New York	004002305		1879	http://www.flickr.com/photos/britishlibrary/11272905823	1	000105	11272905823	http://farm3.staticflickr.com/2841/11272905823_fcb5534666_m.jpg	164	240	http://farm3.staticflickr.com/2841/11272905823_fcb5534666.jpg	342	500	http://farm3.staticflickr.com/2841/11272905823_fcb5534666_b.jpg	700	1024	http://farm3.staticflickr.com/2841/11272905823_b5f1714a89_o.jpg	1160	1697
02	J. B. Lippincott & Co.	History of Princeton and its institutions. ... Illustrated with ... engravings Second edition	HAGEMAN, John Frelinghuysen.		Philadelphia	001560548		1879	http://www.flickr.com/photos/britishlibrary/11272905693	1	000061	11272905693	http://farm4.staticflickr.com/3796/11272905693_16e7731d50_m.jpg	178	240	http://farm4.staticflickr.com/3796/11272905693_16e7731d50.jpg	371	500	http://farm4.staticflickr.com/3796/11272905693_16e7731d50_b.jpg	759	1024	http://farm4.staticflickr.com/3796/11272905693_fa202eaaa3_o.jpg	1045	1409
0	Moses King	King's Handbook of Boston. Profusely illustrated. [With a map.]	KING, Moses.		Cambridge, Mass	001968594		1879	http://www.flickr.com/photos/britishlibrary/11272795685	1	000066	11272795685	http://farm6.staticflickr.com/5544/11272795685_a4d013e139_m.jpg	151	240	http://farm6.staticflickr.com/5544/11272795685_a4d013e139.jpg	315	500	http://farm6.staticflickr.com/5544/11272795685_a4d013e139_b.jpg	645	1024	http://farm6.staticflickr.com/5544/11272795685_b7dc5ce9f7_o.jpg	860	1366
0		The Illustrated Guide to Sheffield and the surrounding district, etc	TAYLOR, John of Sheffield		Sheffield	003589731		1879	http://www.flickr.com/photos/britishlibrary/11272794165	1	000514	11272794165	http://farm8.staticflickr.com/7397/11272794165_4360c17029_m.jpg	140	240	http://farm8.staticflickr.com/7397/11272794165_4360c17029.jpg	292	500	http://farm8.staticflickr.com/7397/11272794165_4360c17029_b.jpg	599	1024	http://farm8.staticflickr.com/7397/11272794165_5c625e7c77_o.jpg	828	1415
0	Everts & Ensign	History of Toga, Chemung, Tompkins, and Schuyler Counties, New York. With illustrations and biographical sketches of some of its prominent men and pioneers	PEIRCE, Henry B. and HURD (Duane Hamilton)		Philadelphia	002810116		1879	http://www.flickr.com/photos/britishlibrary/11272831076	1	000386	11272831076	http://farm4.staticflickr.com/3746/11272831076_99a9164471_m.jpg	240	159	http://farm4.staticflickr.com/3746/11272831076_99a9164471.jpg	500	332	http://farm4.staticflickr.com/3746/11272831076_99a9164471_b.jpg	1024	680	http://farm4.staticflickr.com/3746/11272831076_ed8e6b56dd_o.jpg	1761	1170
0	Thacker, Spink & Co.	[Lays of Ind ... Third edition.]	CHEEM, Aliph pseud. [i.e. Walter Yeldham.]		Calcutta; [London printed]	000675133		1879	http://www.flickr.com/photos/britishlibrary/11272857274	1	000170	11272857274	http://farm6.staticflickr.com/5548/11272857274_8825d5a6af_m.jpg	240	207	http://farm6.staticflickr.com/5548/11272857274_8825d5a6af.jpg	500	431	http://farm6.staticflickr.com/5548/11272857274_8825d5a6af_b.jpg	1024	883	http://farm6.staticflickr.com/5548/11272857274_57ec7f568f_o.jpg	1157	998
0		Les Rues du vieux Paris. Galerie populaire et pittoresque ... Ouvrage illustré de 165 gravures sur bois	FOURNEL, Victor.		Paris	001279089		1879	http://www.flickr.com/photos/britishlibrary/11272856504	1	000657	11272856504	http://farm4.staticflickr.com/3754/11272856504_b2a9995e14_m.jpg	225	240	http://farm4.staticflickr.com/3754/11272856504_b2a9995e14.jpg	468	500	http://farm4.staticflickr.com/3754/11272856504_b2a9995e14_b.jpg	959	1024	http://farm4.staticflickr.com/3754/11272856504_d88d1ede07_o.jpg	1372	1465
0		The Illustrated Guide to Sheffield and the surrounding district, etc	TAYLOR, John of Sheffield		Sheffield	003589731		1879	http://www.flickr.com/photos/britishlibrary/11272855594	1	000466	11272855594	http://farm8.staticflickr.com/7294/11272855594_1105b97748_m.jpg	240	59	http://farm8.staticflickr.com/7294/11272855594_1105b97748.jpg	500	122	http://farm8.staticflickr.com/7294/11272855594_1105b97748_b.jpg	1024	250	http://farm8.staticflickr.com/7294/11272855594_693cfba1ec_o.jpg	2322	567
0	Waterlow & Sons	Up the River from Westminster to Windsor and Oxford; a descriptive panorama of Thames Scenery			London	003606029		1879	http://www.flickr.com/photos/britishlibrary/11272902273	1	000120	11272902273	http://farm8.staticflickr.com/7444/11272902273_4a4d6e8051_m.jpg	128	240	http://farm8.staticflickr.com/7444/11272902273_4a4d6e8051.jpg	267	500	http://farm8.staticflickr.com/7444/11272902273_4a4d6e8051_b.jpg	547	1024	http://farm8.staticflickr.com/7444/11272902273_a26ed9501c_o.jpg	762	1426
0		Reise nach West-Sibirien im Jahre 1876. Auf Veranstaltung des Vereins für die Deutsche Nordpolarfahrt in Bremen unternommen mit Dr. A. E. Brehm und Karl Graf v. Waldburg-Zeil-Trauchburg, von Dr. O. F., etc	Finsch, O. (Otto)		Berlin	001238638		1879	http://www.flickr.com/photos/britishlibrary/11272828846	1	000496	11272828846	http://farm4.staticflickr.com/3754/11272828846_ea07debd61_m.jpg	123	240	http://farm4.staticflickr.com/3754/11272828846_ea07debd61.jpg	257	500	http://farm4.staticflickr.com/3754/11272828846_ea07debd61_b.jpg	526	1024	http://farm4.staticflickr.com/3754/11272828846_8528c4afc5_o.jpg	787	1532
02		Danmarks og Norges Historie i Slutningen af det 16de Aarhundrede	TROELS-LUND, Troels Frederik.		Kjøbenhavn	003677661		1879	http://www.flickr.com/photos/britishlibrary/11272853754	1	000333	11272853754	http://farm8.staticflickr.com/7425/11272853754_594f98c9d6_m.jpg	240	238	http://farm8.staticflickr.com/7425/11272853754_594f98c9d6.jpg	500	496	http://farm8.staticflickr.com/7425/11272853754_594f98c9d6_b.jpg	1024	1015	http://farm8.staticflickr.com/7425/11272853754_8659e1e853_o.jpg	1355	1343
0	Cassell, Petter, Galpin & Co.	Morocco: its people and places ... Translated by C. Rollin-Tilton. With ... illustrations	AMICIS, Edmondo de.	lsidyv3c6b00d2	London	000070870	ark:/81055/vdc_00000005AC0C	1879	http://www.flickr.com/photos/britishlibrary/11272827846	1	000117	11272827846	http://farm4.staticflickr.com/3754/11272827846_8659e1e853_m.jpg	117	240	http://farm4.staticflickr.com/3754/11272827846_8659e1e853.jpg	245	500	http://farm4.staticflickr.com/3754/11272827846_8659e1e853_b.jpg	501	1024	http://farm4.staticflickr.com/3754/11272827846_73d9730642_o.jpg	957	1957
0	Wesleyan Conference Office	Rambles in Bible Lands	NEWTON, Richard D.D., Rector of St. Paul's Church, Philadelphia	lsidyv3ca35e3a	London	002646495	ark:/81055/vdc_00000005C826	1879	http://www.flickr.com/photos/britishlibrary/11272899573	1	000279	11272899573	http://farm4.staticflickr.com/3776/11272899573_629dfc1643_m.jpg	240	175	http://farm4.staticflickr.com/3776/11272899573_629dfc1643.jpg	500	365	http://farm4.staticflickr.com/3776/11272899573_629dfc1643_b.jpg	1024	747	http://farm4.staticflickr.com/3776/11272899573_fcf13421f2_o.jpg	1681	1227
0	A. Williams & Co.	History of the town of Hollis, New Hampshire, from its first settlement to ... 1879. ... Illustrated, etc	WORCESTER, Samuel T.		Boston [Mass.]	003975907		1879	http://www.flickr.com/photos/britishlibrary/11272898413	1	000237	11272898413	http://farm8.staticflickr.com/7414/11272898413_561afa07e3_m.jpg	218	240	http://farm8.staticflickr.com/7414/11272898413_561afa07e3.jpg	453	500	http://farm8.staticflickr.com/7414/11272898413_561afa07e3_b.jpg	928	1024	http://farm8.staticflickr.com/7414/11272898413_4455240df4_o.jpg	1080	1192
0	Longmans, Green and Co.	Selections from the literary and artistic remains of Paulina Jermyn Trevelyan, first wife of Sir W. C. Trevelyan ... Edited by D. Wooster	TREVELYAN, Paulina Jermyn Lady		London, Newcastle-upon-Tyne [printed]	003672797		1879	http://www.flickr.com/photos/britishlibrary/11272826046	1	000275	11272826046	http://farm8.staticflickr.com/7409/11272826046_3d25452270_m.jpg	240	161	http://farm8.staticflickr.com/7409/11272826046_3d25452270.jpg	500	335	http://farm8.staticflickr.com/7409/11272826046_3d25452270_b.jpg	1024	686	http://farm8.staticflickr.com/7409/11272826046_704b021f05_o.jpg	1435	961
0	J. Tweed	The Annals of Dumfermline and vicinity ... 1069-1878. Interspersed with ... notes, ... and ... engravings	HENDERSON, Ebenezer LL.D., F.R.A.S		Glasgow	001648659		1879	http://www.flickr.com/photos/britishlibrary/11272825406	1	000663	11272825406	http://farm3.staticflickr.com/2825/11272825406_d66db79712_m.jpg	173	240	http://farm3.staticflickr.com/2825/11272825406_d66db79712.jpg	360	500	http://farm3.staticflickr.com/2825/11272825406_d66db79712_b.jpg	738	1024	http://farm3.staticflickr.com/2825/11272825406_cc8f1cdd20_o.jpg	1126	1563
02	Tinsley Brothers	Berlin under the New Empire, its institutions, inhabitants, industry ... With ... engravings, etc	VIZETELLY, Henry.		London	003807524		1879	http://www.flickr.com/photos/britishlibrary/11272850174	1	000284	11272850174	http://farm4.staticflickr.com/3700/11272850174_d9fef220a5_m.jpg	240	208	http://farm4.staticflickr.com/3700/11272850174_d9fef220a5.jpg	500	433	http://farm4.staticflickr.com/3700/11272850174_d9fef220a5_b.jpg	1024	887	http://farm4.staticflickr.com/3700/11272850174_a94df7de34_o.jpg	1250	1083
01		Knaresborough Castle Yard. (The Microcosm: and, Malcolm, a holiday-walk. A few occasional pieces.) [In verse.]			London, Bristol [printed]	001987484		1879	http://www.flickr.com/photos/britishlibrary/11272897093	1	000037	11272897093	http://farm6.staticflickr.com/5502/11272897093_f46c9c5eb2_m.jpg	240	166	http://farm6.staticflickr.com/5502/11272897093_f46c9c5eb2.jpg	500	347	http://farm6.staticflickr.com/5502/11272897093_f46c9c5eb2_b.jpg	1024	710	http://farm6.staticflickr.com/5502/11272897093_8b4a7e540f_o.jpg	1403	973
02		Histoire générale des peuples anciens et modernes	GIGAULT DE LA BÉDOLLIÈRE, Émile.		Paris	001419243		1879	http://www.flickr.com/photos/britishlibrary/11272785795	1	000033	11272785795	http://farm8.staticflickr.com/7427/11272785795_d06f5c6459_m.jpg	240	239	http://farm8.staticflickr.com/7427/11272785795_d06f5c6459.jpg	500	498	http://farm8.staticflickr.com/7427/11272785795_d06f5c6459_b.jpg	1024	1020	http://farm8.staticflickr.com/7427/11272785795_9a67d00ec7_o.jpg	1327	1322
02	D. Appleton & Co.	[Appleton's European Guide Book illustrated. Including England, Scotland, and Ireland, France, Belgium, Holland, Northern and Southern Germany, Switzerland, Italy, Spain and Portugal, Russia, Denmark, Norway, and Sweden. Containing ... maps, etc.]	APPLETON, Daniel AND CO	lsidyv3cbe7355	New York; Longmans & Co	000100280	ark:/81055/vdc_00000005D9DE	1879	http://www.flickr.com/photos/britishlibrary/11272785455	1	000327	11272785455	http://farm8.staticflickr.com/7443/11272785455_f52abcafab_m.jpg	229	240	http://farm8.staticflickr.com/7443/11272785455_f52abcafab.jpg	476	500	http://farm8.staticflickr.com/7443/11272785455_f52abcafab_b.jpg	975	1024	http://farm8.staticflickr.com/7443/11272785455_c490155629_o.jpg	1222	1284
0		Les Vieilles Villes de Suisse. Notes et souvenirs. Ouvrage illustré de 105 dessins à la plume par A. Robida reproduits en fac-simile	ROBIDA, Albert.		Paris	003121715		1879	http://www.flickr.com/photos/britishlibrary/11272784315	1	000011	11272784315	http://farm8.staticflickr.com/7362/11272784315_839216e311_m.jpg	154	240	http://farm8.staticflickr.com/7362/11272784315_839216e311.jpg	321	500	http://farm8.staticflickr.com/7362/11272784315_839216e311_b.jpg	658	1024	http://farm8.staticflickr.com/7362/11272784315_21131a98d2_o.jpg	1055	1641
0		Die amerikanische Nordpol-Expedition ... Mit zahlreichen Illustrationen in Holzschnitt, etc	BESSELS, Emil.		Leipzig	000303634		1879	http://www.flickr.com/photos/britishlibrary/11272822576	1	000408	11272822576	http://farm8.staticflickr.com/7331/11272822576_ff614f958f_m.jpg	111	240	http://farm8.staticflickr.com/7331/11272822576_ff614f958f.jpg	230	500	http://farm8.staticflickr.com/7331/11272822576_ff614f958f_b.jpg	472	1024	http://farm8.staticflickr.com/7331/11272822576_d586693fc6_o.jpg	721	1563
02	American News Company	Round the world with General Grant. A narrative of the visit of General U. S. Grant ... to various countries ... in 1877, 1878, 1879. To which are added certain conversations with General Grant on questions connected with American politics and history ... With ... illustrations	YOUNG, John Russell.		New York	004002305		1879	http://www.flickr.com/photos/britishlibrary/11272821736	1	000449	11272821736	http://farm4.staticflickr.com/3711/11272821736_e1849d3ca4_m.jpg	168	240	http://farm4.staticflickr.com/3711/11272821736_e1849d3ca4.jpg	350	500	http://farm4.staticflickr.com/3711/11272821736_e1849d3ca4_b.jpg	717	1024	http://farm4.staticflickr.com/3711/11272821736_e178210f7a_o.jpg	1136	1622
0		The Children's fairy geography, or a merry trip round Europe	WINSLOW, Forbes Edward.	lsidyv3c92d153	London	003952456	ark:/81055/vdc_00000005BE18	1879	http://www.flickr.com/photos/britishlibrary/11272782955	1	000217	11272782955	http://farm6.staticflickr.com/5508/11272782955_ca86e2746a_m.jpg	240	170	http://farm6.staticflickr.com/5508/11272782955_ca86e2746a.jpg	500	354	http://farm6.staticflickr.com/5508/11272782955_ca86e2746a_b.jpg	1024	724	http://farm6.staticflickr.com/5508/11272782955_56bcdfb064_o.jpg	1381	976
0	Everts & Ensign	History of Toga, Chemung, Tompkins, and Schuyler Counties, New York. With illustrations and biographical sketches of some of its prominent men and pioneers	PEIRCE, Henry B. and HURD (Duane Hamilton)		Philadelphia	002810116		1879	http://www.flickr.com/photos/britishlibrary/11272820536	1	000195	11272820536	http://farm8.staticflickr.com/7365/11272820536_180596ee59_m.jpg	240	161	http://farm8.staticflickr.com/7365/11272820536_180596ee59.jpg	500	335	http://farm8.staticflickr.com/7365/11272820536_180596ee59_b.jpg	1024	687	http://farm8.staticflickr.com/7365/11272820536_7355f97783_o.jpg	1470	986
0	Western Historical Company	The history of Lee County, Iowa. ... Illustrated				002109349		1879	http://www.flickr.com/photos/britishlibrary/11272781745	1	000561	11272781745	http://farm4.staticflickr.com/3677/11272781745_d5145b62fc_m.jpg	240	168	http://farm4.staticflickr.com/3677/11272781745_d5145b62fc.jpg	500	350	http://farm4.staticflickr.com/3677/11272781745_d5145b62fc_b.jpg	1024	717	http://farm4.staticflickr.com/3677/11272781745_0840cdf7ef_o.jpg	1652	1156
0	Everts & Ensign	History of Toga, Chemung, Tompkins, and Schuyler Counties, New York. With illustrations and biographical sketches of some of its prominent men and pioneers	PEIRCE, Henry B. and HURD (Duane Hamilton)		Philadelphia	002810116		1879	http://www.flickr.com/photos/britishlibrary/11272818976	1	000459	11272818976	http://farm6.staticflickr.com/5510/11272818976_ac538ed094_m.jpg	240	152	http://farm6.staticflickr.com/5510/11272818976_ac538ed094.jpg	500	316	http://farm6.staticflickr.com/5510/11272818976_ac538ed094_b.jpg	1024	648	http://farm6.staticflickr.com/5510/11272818976_70abe408a2_o.jpg	1748	1106
0	Religious Tract Society	English Pictures drawn with pen and pencil	MANNING, Samuel LL.D. and GREEN (Samuel Gosnell)	lsidyv3c492c1d	London	002369135	ark:/81055/vdc_000000059460	1879	http://www.flickr.com/photos/britishlibrary/11272843724	1	000148	11272843724	http://farm3.staticflickr.com/2859/11272843724_6a95a15929_m.jpg	194	240	http://farm3.staticflickr.com/2859/11272843724_6a95a15929.jpg	405	500	http://farm3.staticflickr.com/2859/11272843724_6a95a15929_b.jpg	829	1024	http://farm3.staticflickr.com/2859/11272843724_75d7a87edd_o.jpg	1103	1363
0		The History of France, from the earliest times to the outbreak of the Revolution. Abridged from ... R. Black's translation of ... Guizot's larger history. With chronological index, ... tables, portraits ... By G. Masson, etc	GUIZOT, François Pierre Guillaume.		London	001541681		1879	http://www.flickr.com/photos/britishlibrary/11272818406	1	000449	11272818406	http://farm4.staticflickr.com/3701/11272818406_d7365f8b98_m.jpg	177	240	http://farm4.staticflickr.com/3701/11272818406_d7365f8b98.jpg	369	500	http://farm4.staticflickr.com/3701/11272818406_d7365f8b98_b.jpg	756	1024	http://farm4.staticflickr.com/3701/11272818406_6a9571083f_o.jpg	1030	1396
0		The Illustrated Guide to Sheffield and the surrounding district, etc	TAYLOR, John of Sheffield		Sheffield	003589731		1879	http://www.flickr.com/photos/britishlibrary/11272842594	1	000344	11272842594	http://farm8.staticflickr.com/7446/11272842594_8c83a89b51_m.jpg	175	240	http://farm8.staticflickr.com/7446/11272842594_8c83a89b51.jpg	365	500	http://farm8.staticflickr.com/7446/11272842594_8c83a89b51_b.jpg	748	1024	http://farm8.staticflickr.com/7446/11272842594_c345770579_o.jpg	1033	1415
0	Everts & Ensign	History of Toga, Chemung, Tompkins, and Schuyler Counties, New York. With illustrations and biographical sketches of some of its prominent men and pioneers	PEIRCE, Henry B. and HURD (Duane Hamilton)		Philadelphia	002810116		1879	http://www.flickr.com/photos/britishlibrary/11272778805	2	000701	11272778805	http://farm3.staticflickr.com/2860/11272778805_9a8119a293_m.jpg	240	164	http://farm3.staticflickr.com/2860/11272778805_9a8119a293.jpg	500	342	http://farm3.staticflickr.com/2860/11272778805_9a8119a293_b.jpg	1024	701	http://farm3.staticflickr.com/2860/11272778805_22cb6fffda_o.jpg	1295	887
0		Materialien für den Unterricht in der Geographie nach der constructiven Methode	WENZ, Gustav Geographer		München	003889554		1879	http://www.flickr.com/photos/britishlibrary/11272816486	1	000118	11272816486	http://farm8.staticflickr.com/7395/11272816486_f122547a5c_m.jpg	240	223	http://farm8.staticflickr.com/7395/11272816486_f122547a5c.jpg	500	465	http://farm8.staticflickr.com/7395/11272816486_f122547a5c_b.jpg	1024	952	http://farm8.staticflickr.com/7395/11272816486_c0c9e17db8_o.jpg	1415	1316
0	Harper & Bros.	What Mr. Darwin saw in his Voyage round The World in the Ship “Beagle.” [Compiled and adapted from “Journal of Researches into the Geology and Natural History of the Various Countries visited by H.M.S. Beagle, etc.”]	Darwin, Charles	lsidyv3c8ea4b0	New York	000868098	ark:/81055/vdc_00000005BB84	1879	http://www.flickr.com/photos/britishlibrary/11272887753	1	000059	11272887753	http://farm8.staticflickr.com/7395/11272887753_96aff84019_m.jpg	171	240	http://farm8.staticflickr.com/7395/11272887753_96aff84019.jpg	356	500	http://farm8.staticflickr.com/7395/11272887753_96aff84019_b.jpg	730	1024	http://farm8.staticflickr.com/7395/11272887753_5671c3a196_o.jpg	1105	1550
01	American News Company	Round the world with General Grant. A narrative of the visit of General U. S. Grant ... to various countries ... in 1877, 1878, 1879. To which are added certain conversations with General Grant on questions connected with American politics and history ... With ... illustrations	YOUNG, John Russell.		New York	004002305		1879	http://www.flickr.com/photos/britishlibrary/11272840674	1	000209	11272840674	http://farm8.staticflickr.com/7429/11272840674_c7394a4649_m.jpg	240	174	http://farm8.staticflickr.com/7429/11272840674_c7394a4649.jpg	500	363	http://farm8.staticflickr.com/7429/11272840674_c7394a4649_b.jpg	1024	744	http://farm8.staticflickr.com/7429/11272840674_384c2dabd1_o.jpg	1722	1251
01	American News Company	Round the world with General Grant. A narrative of the visit of General U. S. Grant ... to various countries ... in 1877, 1878, 1879. To which are added certain conversations with General Grant on questions connected with American politics and history ... With ... illustrations	YOUNG, John Russell.		New York	004002305		1879	http://www.flickr.com/photos/britishlibrary/11272815236	1	000371	11272815236	http://farm4.staticflickr.com/3669/11272815236_3ba459c877_m.jpg	169	240	http://farm4.staticflickr.com/3669/11272815236_3ba459c877.jpg	351	500	http://farm4.staticflickr.com/3669/11272815236_3ba459c877_b.jpg	719	1024	http://farm4.staticflickr.com/3669/11272815236_3fdeb7bd7b_o.jpg	1005	1431
0		Les Rues du vieux Paris. Galerie populaire et pittoresque ... Ouvrage illustré de 165 gravures sur bois	FOURNEL, Victor.		Paris	001279089		1879	http://www.flickr.com/photos/britishlibrary/11272774445	1	000307	11272774445	http://farm4.staticflickr.com/3797/11272774445_1c3501dfac_m.jpg	236	240	http://farm4.staticflickr.com/3797/11272774445_1c3501dfac.jpg	491	500	http://farm4.staticflickr.com/3797/11272774445_1c3501dfac_b.jpg	1006	1024	http://farm4.staticflickr.com/3797/11272774445_06737781a1_o.jpg	1407	1432
0	Harper & Bros.	From Egypt to Palestine through Sinai, the Wilderness and the South Country. Observations of a journey made with special reference to the history of the Israelites ... With maps and illustrations	BARTLETT, Samuel Colcord.	lsidyv3c53baba	New York	000216339	ark:/81055/vdc_000000059CA0	1879	http://www.flickr.com/photos/britishlibrary/11272839434	1	000250	11272839434	http://farm6.staticflickr.com/5481/11272839434_a90e770fe8_m.jpg	193	240	http://farm6.staticflickr.com/5481/11272839434_a90e770fe8.jpg	402	500	http://farm6.staticflickr.com/5481/11272839434_a90e770fe8_b.jpg	824	1024	http://farm6.staticflickr.com/5481/11272839434_88d16ec21e_o.jpg	1052	1307
0	Religious Tract Society	English Pictures drawn with pen and pencil	MANNING, Samuel LL.D. and GREEN (Samuel Gosnell)	lsidyv3c492c1d	London	002369135	ark:/81055/vdc_000000059460	1879	http://www.flickr.com/photos/britishlibrary/11272837894	1	000161	11272837894	http://farm4.staticflickr.com/3828/11272837894_0d95d59ee2_m.jpg	135	240	http://farm4.staticflickr.com/3828/11272837894_0d95d59ee2.jpg	282	500	http://farm4.staticflickr.com/3828/11272837894_0d95d59ee2_b.jpg	577	1024	http://farm4.staticflickr.com/3828/11272837894_ca5657a984_o.jpg	1062	1885
02	American News Company	Round the world with General Grant. A narrative of the visit of General U. S. Grant ... to various countries ... in 1877, 1878, 1879. To which are added certain conversations with General Grant on questions connected with American politics and history ... With ... illustrations	YOUNG, John Russell.		New York	004002305		1879	http://www.flickr.com/photos/britishlibrary/11272774375	1	000111	11272774375	http://farm4.staticflickr.com/3686/11272774375_a2694500e7_m.jpg	161	240	http://farm4.staticflickr.com/3686/11272774375_a2694500e7.jpg	336	500	http://farm4.staticflickr.com/3686/11272774375_a2694500e7_b.jpg	688	1024	http://farm4.staticflickr.com/3686/11272774375_e391c4f233_o.jpg	1122	1671
0	Lewis, Peck & Co.	History of Steuben County, New York, with illustrations and biographical sketches of some of its prominent men and pioneers	CLAYTON, W. Woodford.		Philadelphia	000719876		1879	http://www.flickr.com/photos/britishlibrary/11272772595	1	000621	11272772595	http://farm8.staticflickr.com/7373/11272772595_7f35968498_m.jpg	240	186	http://farm8.staticflickr.com/7373/11272772595_7f35968498.jpg	500	388	http://farm8.staticflickr.com/7373/11272772595_7f35968498_b.jpg	1024	794	http://farm8.staticflickr.com/7373/11272772595_fa28b3f2ca_o.jpg	1441	1117
0	Wesleyan Conference Office	Rambles in Bible Lands	NEWTON, Richard D.D., Rector of St. Paul's Church, Philadelphia	lsidyv3ca35e3a	London	002646495	ark:/81055/vdc_00000005C826	1879	http://www.flickr.com/photos/britishlibrary/11272810956	1	000125	11272810956	http://farm3.staticflickr.com/2844/11272810956_55865d1de6_m.jpg	201	240	http://farm3.staticflickr.com/2844/11272810956_55865d1de6.jpg	419	500	http://farm3.staticflickr.com/2844/11272810956_55865d1de6_b.jpg	858	1024	http://farm3.staticflickr.com/2844/11272810956_e7e8eb5773_o.jpg	1153	1376
0	Cassell, Petter, Galpin & Co.	Morocco: its people and places ... Translated by C. Rollin-Tilton. With ... illustrations	AMICIS, Edmondo de.	lsidyv3c6b00d2	London	000070870	ark:/81055/vdc_00000005AC0C	1879	http://www.flickr.com/photos/britishlibrary/11272882883	1	000178	11272882883	http://farm8.staticflickr.com/7414/11272882883_267b737799_m.jpg	213	240	http://farm8.staticflickr.com/7414/11272882883_267b737799.jpg	443	500	http://farm8.staticflickr.com/7414/11272882883_267b737799_b.jpg	907	1024	http://farm8.staticflickr.com/7414/11272882883_b1fdb34211_o.jpg	1233	1392
0		[Carmarthen and its neighbourhood. Notes topographical and historical.]	Soutar, William		Carmarthen	003469593		1879	http://www.flickr.com/photos/britishlibrary/11272808866	1	000081	11272808866	http://farm6.staticflickr.com/5490/11272808866_b04c591b14_m.jpg	240	171	http://farm6.staticflickr.com/5490/11272808866_b04c591b14.jpg	500	357	http://farm6.staticflickr.com/5490/11272808866_b04c591b14_b.jpg	1024	731	http://farm6.staticflickr.com/5490/11272808866_5017268a52_o.jpg	1486	1061
01		A magyar nemzet története. I. kötet írta Bodon J. és Dr. Szalay J. (II.-IV.) kötet, írta Dr. Szalay J.) [With portraits.]	BODON, József and SZALAY (József)		Budapest	000389221		1879	http://www.flickr.com/photos/britishlibrary/11272834474	1	000088	11272834474	http://farm3.staticflickr.com/2876/11272834474_70b12acf6d_m.jpg	240	203	http://farm3.staticflickr.com/2876/11272834474_70b12acf6d.jpg	500	422	http://farm3.staticflickr.com/2876/11272834474_70b12acf6d_b.jpg	1024	864	http://farm3.staticflickr.com/2876/11272834474_3be78ff8c9_o.jpg	1361	1148
0	Marcus Ward & Co.	Our Native Land, its scenery and associations. A series of 36 water-colour sketches after Rowbotham, Read, Needham, and other eminent artists. With descriptive notes. [The author of the text identified on the wrapper of pt. 1 as “the author of By Loch and by Land”, i.e. Jean L. Watson.]	WATSON, Jean L.		London	001140593		1879	http://www.flickr.com/photos/britishlibrary/11272808936	1	000196	11272808936	http://farm8.staticflickr.com/7289/11272808936_4a5ae13b2a_m.jpg	99	240	http://farm8.staticflickr.com/7289/11272808936_4a5ae13b2a.jpg	207	500	http://farm8.staticflickr.com/7289/11272808936_4a5ae13b2a_b.jpg	423	1024	http://farm8.staticflickr.com/7289/11272808936_754dcc58d3_o.jpg	848	2054
02	Tinsley Brothers	Berlin under the New Empire, its institutions, inhabitants, industry ... With ... engravings, etc	VIZETELLY, Henry.		London	003807524		1879	http://www.flickr.com/photos/britishlibrary/11272832634	1	000320	11272832634	http://farm6.staticflickr.com/5549/11272832634_5f3828aac6_m.jpg	207	240	http://farm6.staticflickr.com/5549/11272832634_5f3828aac6.jpg	432	500	http://farm6.staticflickr.com/5549/11272832634_5f3828aac6_b.jpg	884	1024	http://farm6.staticflickr.com/5549/11272832634_f7c8a62019_o.jpg	1253	1452
0	W. D. Ensign & Co.	History of Cuyahoga County, Ohio ... With portraits and biographical sketches of its prominent men and pioneers	JOHNSON, Crisfield.		Philadelphia]	001884499		1879	http://www.flickr.com/photos/britishlibrary/11272831734	1	000296	11272831734	http://farm4.staticflickr.com/3676/11272831734_bf127e95c1_m.jpg	240	185	http://farm4.staticflickr.com/3676/11272831734_bf127e95c1.jpg	500	386	http://farm4.staticflickr.com/3676/11272831734_bf127e95c1_b.jpg	1024	791	http://farm4.staticflickr.com/3676/11272831734_cbf3c248c0_o.jpg	1678	1296
0		The Children's fairy geography, or a merry trip round Europe	WINSLOW, Forbes Edward.	lsidyv3c92d153	London	003952456	ark:/81055/vdc_00000005BE18	1879	http://www.flickr.com/photos/britishlibrary/11272879793	1	000225	11272879793	http://farm4.staticflickr.com/3750/11272879793_d33c95cdba_m.jpg	228	240	http://farm4.staticflickr.com/3750/11272879793_d33c95cdba.jpg	474	500	http://farm4.staticflickr.com/3750/11272879793_d33c95cdba_b.jpg	971	1024	http://farm4.staticflickr.com/3750/11272879793_f6c43c85e9_o.jpg	1150	1213
0	Everts & Ensign	History of Toga, Chemung, Tompkins, and Schuyler Counties, New York. With illustrations and biographical sketches of some of its prominent men and pioneers	PEIRCE, Henry B. and HURD (Duane Hamilton)		Philadelphia	002810116		1879	http://www.flickr.com/photos/britishlibrary/11272806196	1	000475	11272806196	http://farm3.staticflickr.com/2851/11272806196_a3b4e7003d_m.jpg	240	183	http://farm3.staticflickr.com/2851/11272806196_a3b4e7003d.jpg	500	381	http://farm3.staticflickr.com/2851/11272806196_a3b4e7003d_b.jpg	1024	781	http://farm3.staticflickr.com/2851/11272806196_a827f1ee45_o.jpg	1623	1238
01	D. Appleton & Co.	[Appleton's European Guide Book illustrated. Including England, Scotland, and Ireland, France, Belgium, Holland, Northern and Southern Germany, Switzerland, Italy, Spain and Portugal, Russia, Denmark, Norway, and Sweden. Containing ... maps, etc.]	APPLETON, Daniel AND CO	lsidyv3cbe7355	New York; Longmans & Co	000100280	ark:/81055/vdc_00000005D9DE	1879	http://www.flickr.com/photos/britishlibrary/11272877593	1	000135	11272877593	http://farm4.staticflickr.com/3803/11272877593_8d69f2091a_m.jpg	240	158	http://farm4.staticflickr.com/3803/11272877593_8d69f2091a.jpg	500	329	http://farm4.staticflickr.com/3803/11272877593_8d69f2091a_b.jpg	1024	673	http://farm4.staticflickr.com/3803/11272877593_7d2dea8b3f_o.jpg	1696	1115
03		Paris à travers les siècles. Histoire nationale de Paris et des Parisiens depuis la fondation de Lutèce jusqu'à nos jours, etc	GOURDON DE GENOUILLAC, Nicolas Jules Henri.		Paris	001476975		1879	http://www.flickr.com/photos/britishlibrary/11272766425	2	000401	11272766425	http://farm8.staticflickr.com/7421/11272766425_a40685bfe6_m.jpg	134	240	http://farm8.staticflickr.com/7421/11272766425_a40685bfe6.jpg	280	500	http://farm8.staticflickr.com/7421/11272766425_a40685bfe6_b.jpg	573	1024	http://farm8.staticflickr.com/7421/11272766425_4995d2dc9f_o.jpg	885	1581
0	Griffith & Farran	revised	BOWDICH, afterwards LEE, Sarah.		London; E. P. Dutton & Co	000438289		1879	http://www.flickr.com/photos/britishlibrary/11272829214	1	000145	11272829214	http://farm6.staticflickr.com/5478/11272829214_4d64efbdfa_m.jpg	240	162	http://farm6.staticflickr.com/5478/11272829214_4d64efbdfa.jpg	500	337	http://farm6.staticflickr.com/5478/11272829214_4d64efbdfa_b.jpg	1024	690	http://farm6.staticflickr.com/5478/11272829214_248b476b81_o.jpg	1613	1087
01	William Mackenzie	The National Burns. Edited by Rev. George Gilfillan, including the airs of all the songs, and an original life of Burns by the editor. [With plates, including portraits.]	Burns, Robert		Glasgow	000543200		1879	http://www.flickr.com/photos/britishlibrary/11272804086	1	000380	11272804086	http://farm3.staticflickr.com/2849/11272804086_4b9dd83045_m.jpg	240	204	http://farm3.staticflickr.com/2849/11272804086_4b9dd83045.jpg	500	425	http://farm3.staticflickr.com/2849/11272804086_4b9dd83045_b.jpg	1024	871	http://farm3.staticflickr.com/2849/11272804086_fc722b2d8b_o.jpg	1561	1328
01		The Borders of the Tamar and the Tavy; their natural history, etc. A new edition	STOTHARD, afterwards BRAY, Anna Eliza.	lsidyv3c4640f3	London	003517963	ark:/81055/vdc_0000000591E4	1879	http://www.flickr.com/photos/britishlibrary/11272828114	1	000011	11272828114	http://farm8.staticflickr.com/7418/11272828114_01fb413cac_m.jpg	180	240	http://farm8.staticflickr.com/7418/11272828114_01fb413cac.jpg	374	500	http://farm8.staticflickr.com/7418/11272828114_01fb413cac_b.jpg	766	1024	http://farm8.staticflickr.com/7418/11272828114_3577f453dd_o.jpg	902	1206
01	American News Company	Round the world with General Grant. A narrative of the visit of General U. S. Grant ... to various countries ... in 1877, 1878, 1879. To which are added certain conversations with General Grant on questions connected with American politics and history ... With ... illustrations	YOUNG, John Russell.		New York	004002305		1879	http://www.flickr.com/photos/britishlibrary/11272764775	1	000170	11272764775	http://farm6.staticflickr.com/5489/11272764775_72f4c5b5f6_m.jpg	240	181	http://farm6.staticflickr.com/5489/11272764775_72f4c5b5f6.jpg	500	376	http://farm6.staticflickr.com/5489/11272764775_72f4c5b5f6_b.jpg	1024	771	http://farm6.staticflickr.com/5489/11272764775_0fc5552c6a_o.jpg	1250	941
0	Macmillan and Co.	The Arctic Voyages of A. E. Nordenskiöld. 1858-1879. With illustrations and maps	LESLIE, Alexander of Aberdeen		London	002142895		1879	http://www.flickr.com/photos/britishlibrary/11272802366	1	000198	11272802366	http://farm6.staticflickr.com/5488/11272802366_0aec43b5e2_m.jpg	143	240	http://farm6.staticflickr.com/5488/11272802366_0aec43b5e2.jpg	298	500	http://farm6.staticflickr.com/5488/11272802366_0aec43b5e2_b.jpg	611	1024	http://farm6.staticflickr.com/5488/11272802366_be02b61896_o.jpg	842	1410
01		Paris à travers les siècles. Histoire nationale de Paris et des Parisiens depuis la fondation de Lutèce jusqu'à nos jours, etc	GOURDON DE GENOUILLAC, Nicolas Jules Henri.		Paris	001476975		1879	http://www.flickr.com/photos/britishlibrary/11272874043	1	000422	11272874043	http://farm4.staticflickr.com/3740/11272874043_73df96c55a_m.jpg	221	240	http://farm4.staticflickr.com/3740/11272874043_73df96c55a.jpg	460	500	http://farm4.staticflickr.com/3740/11272874043_73df96c55a_b.jpg	942	1024	http://farm4.staticflickr.com/3740/11272874043_cbb7eff4b8_o.jpg	1015	1103
02	L. H. Everts	History of the Connecticut Valley in Massachusetts (by N. B. Sylvester), with illustrations and biographical sketches of some of its prominent men and pioneers [by other authors]	SYLVESTER, Nathaniel Bartlett.		Philadelphia	003562080		1879	http://www.flickr.com/photos/britishlibrary/11272873993	1	000135	11272873993	http://farm8.staticflickr.com/7440/11272873993_6e5df7f20c_m.jpg	240	170	http://farm8.staticflickr.com/7440/11272873993_6e5df7f20c.jpg	500	354	http://farm8.staticflickr.com/7440/11272873993_6e5df7f20c_b.jpg	1024	726	http://farm8.staticflickr.com/7440/11272873993_0f9bd36089_o.jpg	1465	1038
0	C. R. Barns	Switzler's Illustrated History of Missouri, from 1541 to 1877, etc. [Edited by C. R. Barns. From the larger work edited by him, entitled: “The Commonwealth of Missouri.”]	BARNS, Chancy R.		Saint Louis	000206134		1879	http://www.flickr.com/photos/britishlibrary/11272800276	1	000027	11272800276	http://farm4.staticflickr.com/3798/11272800276_015f27c0db_m.jpg	179	240	http://farm4.staticflickr.com/3798/11272800276_015f27c0db.jpg	372	500	http://farm4.staticflickr.com/3798/11272800276_015f27c0db_b.jpg	762	1024	http://farm4.staticflickr.com/3798/11272800276_fd8e9da9f4_o.jpg	1178	1584
01	American News Company	Round the world with General Grant. A narrative of the visit of General U. S. Grant ... to various countries ... in 1877, 1878, 1879. To which are added certain conversations with General Grant on questions connected with American politics and history ... With ... illustrations	YOUNG, John Russell.		New York	004002305		1879	http://www.flickr.com/photos/britishlibrary/11272800596	1	000570	11272800596	http://farm8.staticflickr.com/7379/11272800596_9e2cf558e6_m.jpg	240	167	http://farm8.staticflickr.com/7379/11272800596_9e2cf558e6.jpg	500	348	http://farm8.staticflickr.com/7379/11272800596_9e2cf558e6_b.jpg	1024	712	http://farm8.staticflickr.com/7379/11272800596_92beef13e7_o.jpg	1438	1000
0	Western Historical Company	The history of Henry County, Iowa. ... Illustrated			Chicago	001653329		1879	http://www.flickr.com/photos/britishlibrary/11272825034	1	000057	11272825034	http://farm4.staticflickr.com/3749/11272825034_f9479d95a8_m.jpg	115	240	http://farm4.staticflickr.com/3749/11272825034_f9479d95a8.jpg	239	500	http://farm4.staticflickr.com/3749/11272825034_f9479d95a8_b.jpg	489	1024	http://farm4.staticflickr.com/3749/11272825034_585119b277_o.jpg	751	1572
0		Les Rues du vieux Paris. Galerie populaire et pittoresque ... Ouvrage illustré de 165 gravures sur bois	FOURNEL, Victor.		Paris	001279089		1879	http://www.flickr.com/photos/britishlibrary/11272760435	1	000593	11272760435	http://farm4.staticflickr.com/3708/11272760435_b22994d350_m.jpg	240	214	http://farm4.staticflickr.com/3708/11272760435_b22994d350.jpg	500	446	http://farm4.staticflickr.com/3708/11272760435_b22994d350_b.jpg	1024	913	http://farm4.staticflickr.com/3708/11272760435_174cea2e48_o.jpg	1320	1177
01		The Australian abroad. Branches from the Main Routes round the World. [Reprinted from the Melbourne “Argus.” With illustrations.] 2 series	HINGSTON, James.	lsidyv3cbf9abe	London	001689101	ark:/81055/vdc_00000005DA7A	1879	http://www.flickr.com/photos/britishlibrary/11272823624	1	000037	11272823624	http://farm4.staticflickr.com/3680/11272823624_64e013059c_m.jpg	161	240	http://farm4.staticflickr.com/3680/11272823624_64e013059c.jpg	336	500	http://farm4.staticflickr.com/3680/11272823624_64e013059c_b.jpg	688	1024	http://farm4.staticflickr.com/3680/11272823624_1d6a6e9d80_o.jpg	871	1297
0		The History of France, from the earliest times to the outbreak of the Revolution. Abridged from ... R. Black's translation of ... Guizot's larger history. With chronological index, ... tables, portraits ... By G. Masson, etc	GUIZOT, François Pierre Guillaume.		London	001541681		1879	http://www.flickr.com/photos/britishlibrary/11272822904	1	000543	11272822904	http://farm8.staticflickr.com/7310/11272822904_87b12156b2_m.jpg	174	240	http://farm8.staticflickr.com/7310/11272822904_87b12156b2.jpg	362	500	http://farm8.staticflickr.com/7310/11272822904_87b12156b2_b.jpg	742	1024	http://farm8.staticflickr.com/7310/11272822904_96007ed37e_o.jpg	1011	1396
04		Old and New London, etc	Thornbury, Walter	lsidyv3c47ab1a	London	003628788	ark:/81055/vdc_000000059328	1879	http://www.flickr.com/photos/britishlibrary/11272869463	1	000542	11272869463	http://farm6.staticflickr.com/5476/11272869463_8dc59f50e1_m.jpg	240	180	http://farm6.staticflickr.com/5476/11272869463_8dc59f50e1.jpg	500	376	http://farm6.staticflickr.com/5476/11272869463_8dc59f50e1_b.jpg	1024	770	http://farm6.staticflickr.com/5476/11272869463_7834fe442f_o.jpg	1306	982
0	Lewis, Peck & Co.	History of Steuben County, New York, with illustrations and biographical sketches of some of its prominent men and pioneers	CLAYTON, W. Woodford.		Philadelphia	000719876		1879	http://www.flickr.com/photos/britishlibrary/11272797476	2	000755	11272797476	http://farm8.staticflickr.com/7354/11272797476_56bb3b9300_m.jpg	240	179	http://farm8.staticflickr.com/7354/11272797476_56bb3b9300.jpg	500	374	http://farm8.staticflickr.com/7354/11272797476_56bb3b9300_b.jpg	1024	765	http://farm8.staticflickr.com/7354/11272797476_d2b5c2147d_o.jpg	1417	1058
0		A History of the Town of Franklin, Mass.; from its settlement to the completion of its first century, 2d March, 1878; with genealogical notices of its earliest families, sketches of its professional men, and a report of the centennial celebration. By Mortimer Blake	BLAKE, Mortimer.		Franklin	001311432		1879	http://www.flickr.com/photos/britishlibrary/11272821074	1	000235	11272821074	http://farm4.staticflickr.com/3711/11272821074_11dd26c48d_m.jpg	240	168	http://farm4.staticflickr.com/3711/11272821074_11dd26c48d.jpg	500	350	http://farm4.staticflickr.com/3711/11272821074_11dd26c48d_b.jpg	1024	717	http://farm4.staticflickr.com/3711/11272821074_a4fcfd262d_o.jpg	1351	946
0	The Mission Press	The manners and customs of the Chinese of the Straits Settlements	VAUGHAN, Jonas Daniel.	lsidyv3c6920e3	Singapore	003763775	ark:/81055/vdc_00000005AABC	1879	http://www.flickr.com/photos/britishlibrary/11272757755	1	000099	11272757755	http://farm6.staticflickr.com/5496/11272757755_41d17a4bac_m.jpg	184	240	http://farm6.staticflickr.com/5496/11272757755_41d17a4bac.jpg	383	500	http://farm6.staticflickr.com/5496/11272757755_41d17a4bac_b.jpg	784	1024	http://farm6.staticflickr.com/5496/11272757755_4915504a01_o.jpg	1120	1463
0	W. Le Baron, Jr., & Co.	The history of McLean County, Illinois, containing a history of the County [by C. P. Merriman], its cities, towns, etc. [by J. H. Burnham, H. H. Hill, and A. W. Kellogg]	HILL, H. H. Historian		Chicago	002326542		1879	http://www.flickr.com/photos/britishlibrary/11272867443	1	000029	11272867443	http://farm4.staticflickr.com/3799/11272867443_fa2560d7eb_m.jpg	219	240	http://farm4.staticflickr.com/3799/11272867443_fa2560d7eb.jpg	456	500	http://farm4.staticflickr.com/3799/11272867443_fa2560d7eb_b.jpg	933	1024	http://farm4.staticflickr.com/3799/11272867443_6f64da2203_o.jpg	1408	1545
0	Everts & Abbott	History of Hillsdale County, Michigan, with illustrations and biographical sketches of some of its prominent men, etc	Johnson, Crisfield.		Philadelphia	001884500		1879	http://www.flickr.com/photos/britishlibrary/11272819574	2	000223	11272819574	http://farm6.staticflickr.com/5479/11272819574_86caffd184_m.jpg	240	205	http://farm6.staticflickr.com/5479/11272819574_86caffd184.jpg	500	426	http://farm6.staticflickr.com/5479/11272819574_86caffd184_b.jpg	1024	873	http://farm6.staticflickr.com/5479/11272819574_4e06f3a0a9_o.jpg	1185	1010
02	Tinsley Brothers	Berlin under the New Empire, its institutions, inhabitants, industry ... With ... engravings, etc	VIZETELLY, Henry.		London	003807524		1879	http://www.flickr.com/photos/britishlibrary/11272819224	1	000336	11272819224	http://farm4.staticflickr.com/3831/11272819224_d17ab75b0c_m.jpg	179	240	http://farm4.staticflickr.com/3831/11272819224_d17ab75b0c.jpg	373	500	http://farm4.staticflickr.com/3831/11272819224_d17ab75b0c_b.jpg	763	1024	http://farm4.staticflickr.com/3831/11272819224_dc9b5ae2dd_o.jpg	1040	1395
02	John Wiley & Sons	The Middle Kingdom; a survey of the geography, government, education, social life, arts, religion, &c. of the Chinese Empire and its inhabitants. With a new map of the Empire	WILLIAMS, Samuel Wells.		New York	003936389		1879	http://www.flickr.com/photos/britishlibrary/11272865673	1	000286	11272865673	http://farm4.staticflickr.com/3693/11272865673_4bbe1480df_m.jpg	240	221	http://farm4.staticflickr.com/3693/11272865673_4bbe1480df.jpg	500	461	http://farm4.staticflickr.com/3693/11272865673_4bbe1480df_b.jpg	1024	944	http://farm4.staticflickr.com/3693/11272865673_d79f84a8c2_o.jpg	1415	1304
01	Tinsley Brothers	Berlin under the New Empire, its institutions, inhabitants, industry ... With ... engravings, etc	VIZETELLY, Henry.		London	003807524		1879	http://www.flickr.com/photos/britishlibrary/11272817414	1	000050	11272817414	http://farm3.staticflickr.com/2815/11272817414_de4a8f59c1_m.jpg	198	240	http://farm3.staticflickr.com/2815/11272817414_de4a8f59c1.jpg	413	500	http://farm3.staticflickr.com/2815/11272817414_de4a8f59c1_b.jpg	845	1024	http://farm3.staticflickr.com/2815/11272817414_6c7fe1e54b_o.jpg	1172	1421
01	L. H. Everts	History of the Connecticut Valley in Massachusetts (by N. B. Sylvester), with illustrations and biographical sketches of some of its prominent men and pioneers [by other authors]	SYLVESTER, Nathaniel Bartlett.		Philadelphia	003562080		1879	http://www.flickr.com/photos/britishlibrary/11272817364	1	000239	11272817364	http://farm6.staticflickr.com/5477/11272817364_b6e1506cc0_m.jpg	188	240	http://farm6.staticflickr.com/5477/11272817364_b6e1506cc0.jpg	392	500	http://farm6.staticflickr.com/5477/11272817364_b6e1506cc0_b.jpg	802	1024	http://farm6.staticflickr.com/5477/11272817364_ebed75a745_o.jpg	948	1211
02		Narrative of a journey through the province of Khorassan and on the N.W. frontier of Afghanistan in 1875 ... With illustrations	MacGregor, Charles Metcalfe Sir	lsidyv3c71d1bc	London	002315775	ark:/81055/vdc_00000005B032	1879	http://www.flickr.com/photos/britishlibrary/11272864363	1	000015	11272864363	http://farm4.staticflickr.com/3743/11272864363_c3e607aacb_m.jpg	240	212	http://farm4.staticflickr.com/3743/11272864363_c3e607aacb.jpg	500	441	http://farm4.staticflickr.com/3743/11272864363_c3e607aacb_b.jpg	1024	903	http://farm4.staticflickr.com/3743/11272864363_accbf2ce60_o.jpg	1230	1085
0	Waterlow & Sons	Up the River from Westminster to Windsor and Oxford; a descriptive panorama of Thames Scenery			London	003606029		1879	http://www.flickr.com/photos/britishlibrary/11272791546	1	000038	11272791546	http://farm4.staticflickr.com/3690/11272791546_e8583e839d_m.jpg	170	240	http://farm4.staticflickr.com/3690/11272791546_e8583e839d.jpg	354	500	http://farm4.staticflickr.com/3690/11272791546_e8583e839d_b.jpg	724	1024	http://farm4.staticflickr.com/3690/11272791546_c1e48182d2_o.jpg	941	1331
02		Memorials of the Civil War between King Charles I. and the Parliament of England as it affected Herefordshire and the adjacent counties ... Edited and completed by ... T. W. Webb ... with an appendix of documents. [With illustrations.]	WEBB, John Rector of Tretyre, Herefordshire		London	003870802		1879	http://www.flickr.com/photos/britishlibrary/11272815554	1	000216	11272815554	http://farm6.staticflickr.com/5485/11272815554_e256d17470_m.jpg	183	240	http://farm6.staticflickr.com/5485/11272815554_e256d17470.jpg	380	500	http://farm6.staticflickr.com/5485/11272815554_e256d17470_b.jpg	779	1024	http://farm6.staticflickr.com/5485/11272815554_4f834895fb_o.jpg	1080	1420
02	Griffith & Farran	[Memorable Battles in English History, where fought, why fought, and their results. With the military lives of the commanders, etc.]	Adams, W. H. Davenport (William Henry Davenport)		London	000017042		1879	http://www.flickr.com/photos/britishlibrary/11272790716	1	000381	11272790716	http://farm6.staticflickr.com/5509/11272790716_91b5ab8467_m.jpg	240	229	http://farm6.staticflickr.com/5509/11272790716_91b5ab8467.jpg	500	477	http://farm6.staticflickr.com/5509/11272790716_91b5ab8467_b.jpg	1024	977	http://farm6.staticflickr.com/5509/11272790716_06b00a689a_o.jpg	1370	1307
02	Tinsley Brothers	Berlin under the New Empire, its institutions, inhabitants, industry ... With ... engravings, etc	VIZETELLY, Henry.		London	003807524		1879	http://www.flickr.com/photos/britishlibrary/11272750795	1	000454	11272750795	http://farm3.staticflickr.com/2807/11272750795_345c1a9c8f_m.jpg	172	240	http://farm3.staticflickr.com/2807/11272750795_345c1a9c8f.jpg	358	500	http://farm3.staticflickr.com/2807/11272750795_345c1a9c8f_b.jpg	734	1024	http://farm3.staticflickr.com/2807/11272750795_bc99761672_o.jpg	1041	1452
0		The Carboniferous Limestone and Cefn-y-Fedw Sandstone of the country between Llanymynech and Minera, North Wales. [Reprinted from the Proceedings of the Liverpool Geological Society, with slight additions, etc. With plates.]	MORTON, George Highfield.	lsidyv3cc01c57	London	002559417	ark:/81055/vdc_00000005DAF8	1879	http://www.flickr.com/photos/britishlibrary/11272813474	1	000069	11272813474	http://farm4.staticflickr.com/3683/11272813474_e5035cfdc1_m.jpg	240	61	http://farm4.staticflickr.com/3683/11272813474_e5035cfdc1.jpg	500	127	http://farm4.staticflickr.com/3683/11272813474_e5035cfdc1_b.jpg	1024	261	http://farm4.staticflickr.com/3683/11272813474_81f44f1ffd_o.jpg	2066	527
0	Murray Williamson & Phelps	The History of Adams County, Illinois ... Illustrated			Chicago	000014468		1879	http://www.flickr.com/photos/britishlibrary/11272789126	1	000079	11272789126	http://farm8.staticflickr.com/7383/11272789126_1774133b4b_m.jpg	240	222	http://farm8.staticflickr.com/7383/11272789126_1774133b4b.jpg	500	463	http://farm8.staticflickr.com/7383/11272789126_1774133b4b_b.jpg	1024	948	http://farm8.staticflickr.com/7383/11272789126_4c5c60cbcc_o.jpg	1271	1177
0	Lewis, Peck & Co.	History of Steuben County, New York, with illustrations and biographical sketches of some of its prominent men and pioneers	CLAYTON, W. Woodford.		Philadelphia	000719876		1879	http://www.flickr.com/photos/britishlibrary/11272812384	1	000634	11272812384	http://farm3.staticflickr.com/2840/11272812384_bc8bb8b704_m.jpg	240	181	http://farm3.staticflickr.com/2840/11272812384_bc8bb8b704.jpg	500	376	http://farm3.staticflickr.com/2840/11272812384_bc8bb8b704_b.jpg	1024	771	http://farm3.staticflickr.com/2840/11272812384_e84cfb8c96_o.jpg	1661	1251
0	Macmillan and Co.	The Arctic Voyages of A. E. Nordenskiöld. 1858-1879. With illustrations and maps	LESLIE, Alexander of Aberdeen		London	002142895		1879	http://www.flickr.com/photos/britishlibrary/11272860183	1	000093	11272860183	http://farm8.staticflickr.com/7344/11272860183_fa3d1b00af_m.jpg	179	240	http://farm8.staticflickr.com/7344/11272860183_fa3d1b00af.jpg	373	500	http://farm8.staticflickr.com/7344/11272860183_fa3d1b00af_b.jpg	763	1024	http://farm8.staticflickr.com/7344/11272860183_abaf0c118e_o.jpg	1043	1400
0	Lewis, Peck & Co.	History of Steuben County, New York, with illustrations and biographical sketches of some of its prominent men and pioneers	CLAYTON, W. Woodford.		Philadelphia	000719876		1879	http://www.flickr.com/photos/britishlibrary/11272810844	1	000573	11272810844	http://farm3.staticflickr.com/2890/11272810844_0c38ac554f_m.jpg	240	169	http://farm3.staticflickr.com/2890/11272810844_0c38ac554f.jpg	500	352	http://farm3.staticflickr.com/2890/11272810844_0c38ac554f_b.jpg	1024	721	http://farm3.staticflickr.com/2890/11272810844_dcba193af5_o.jpg	1705	1201
02	L. H. Everts	History of the Connecticut Valley in Massachusetts (by N. B. Sylvester), with illustrations and biographical sketches of some of its prominent men and pioneers [by other authors]	SYLVESTER, Nathaniel Bartlett.		Philadelphia	003562080		1879	http://www.flickr.com/photos/britishlibrary/11272859163	2	000570	11272859163	http://farm8.staticflickr.com/7361/11272859163_7044b49364_m.jpg	214	240	http://farm8.staticflickr.com/7361/11272859163_7044b49364.jpg	446	500	http://farm8.staticflickr.com/7361/11272859163_7044b49364_b.jpg	914	1024	http://farm8.staticflickr.com/7361/11272859163_d8fc34bc1c_o.jpg	981	1099
0		Reise nach West-Sibirien im Jahre 1876. Auf Veranstaltung des Vereins für die Deutsche Nordpolarfahrt in Bremen unternommen mit Dr. A. E. Brehm und Karl Graf v. Waldburg-Zeil-Trauchburg, von Dr. O. F., etc	Finsch, O. (Otto)		Berlin	001238638		1879	http://www.flickr.com/photos/britishlibrary/11272810174	1	000739	11272810174	http://farm8.staticflickr.com/7417/11272810174_39daa81653_m.jpg	155	240	http://farm8.staticflickr.com/7417/11272810174_39daa81653.jpg	323	500	http://farm8.staticflickr.com/7417/11272810174_39daa81653_b.jpg	661	1024	http://farm8.staticflickr.com/7417/11272810174_ef55779422_o.jpg	923	1430
0	C. R. Barns	Switzler's Illustrated History of Missouri, from 1541 to 1877, etc. [Edited by C. R. Barns. From the larger work edited by him, entitled: “The Commonwealth of Missouri.”]	BARNS, Chancy R.		Saint Louis	000206134		1879	http://www.flickr.com/photos/britishlibrary/11272746385	1	000314	11272746385	http://farm8.staticflickr.com/7389/11272746385_fcd9a4cf12_m.jpg	195	240	http://farm8.staticflickr.com/7389/11272746385_fcd9a4cf12.jpg	405	500	http://farm8.staticflickr.com/7389/11272746385_fcd9a4cf12_b.jpg	830	1024	http://farm8.staticflickr.com/7389/11272746385_da634a1d28_o.jpg	1216	1500
02		Memorials of the Civil War between King Charles I. and the Parliament of England as it affected Herefordshire and the adjacent counties ... Edited and completed by ... T. W. Webb ... with an appendix of documents. [With illustrations.]	WEBB, John Rector of Tretyre, Herefordshire		London	003870802		1879	http://www.flickr.com/photos/britishlibrary/11272858033	1	000369	11272858033	http://farm8.staticflickr.com/7384/11272858033_c701ed51f5_m.jpg	240	150	http://farm8.staticflickr.com/7384/11272858033_c701ed51f5.jpg	500	313	http://farm8.staticflickr.com/7384/11272858033_c701ed51f5_b.jpg	1024	640	http://farm8.staticflickr.com/7384/11272858033_39d28ee83d_o.jpg	1496	935
0		The Illustrated Guide to Sheffield and the surrounding district, etc	TAYLOR, John of Sheffield		Sheffield	003589731		1879	http://www.flickr.com/photos/britishlibrary/11272857323	1	000389	11272857323	http://farm4.staticflickr.com/3774/11272857323_fcd91b9d5f_m.jpg	192	240	http://farm4.staticflickr.com/3774/11272857323_fcd91b9d5f.jpg	400	500	http://farm4.staticflickr.com/3774/11272857323_fcd91b9d5f_b.jpg	820	1024	http://farm4.staticflickr.com/3774/11272857323_bff6325be6_o.jpg	1133	1415
0	Wesleyan Conference Office	Rambles in Bible Lands	NEWTON, Richard D.D., Rector of St. Paul's Church, Philadelphia	lsidyv3ca35e3a	London	002646495	ark:/81055/vdc_00000005C826	1879	http://www.flickr.com/photos/britishlibrary/11272783916	1	000084	11272783916	http://farm4.staticflickr.com/3818/11272783916_ed3bc19a1f_m.jpg	206	240	http://farm4.staticflickr.com/3818/11272783916_ed3bc19a1f.jpg	429	500	http://farm4.staticflickr.com/3818/11272783916_ed3bc19a1f_b.jpg	878	1024	http://farm4.staticflickr.com/3818/11272783916_272f94a235_o.jpg	1180	1376
0	Union Historical Co.	The History of Madison County ... Illustrated			Des Moines	002336728		1879	http://www.flickr.com/photos/britishlibrary/11272855943	1	000113	11272855943	http://farm8.staticflickr.com/7318/11272855943_a3186579a2_m.jpg	156	240	http://farm8.staticflickr.com/7318/11272855943_a3186579a2.jpg	325	500	http://farm8.staticflickr.com/7318/11272855943_a3186579a2_b.jpg	666	1024	http://farm8.staticflickr.com/7318/11272855943_968ae45232_o.jpg	1036	1593
0	John Murray	[The Student's Manual of Modern Geography. Mathematical, physical, and descriptive.]	BEVAN, William Latham.	lsidyv3ca2f2a9	London	000307737	ark:/81055/vdc_00000005C7F6	1879	http://www.flickr.com/photos/britishlibrary/11272744075	1	000619	11272744075	http://farm8.staticflickr.com/7311/11272744075_90f4356a8f_m.jpg	211	240	http://farm8.staticflickr.com/7311/11272744075_90f4356a8f.jpg	439	500	http://farm8.staticflickr.com/7311/11272744075_90f4356a8f_b.jpg	899	1024	http://farm8.staticflickr.com/7311/11272744075_0a81239523_o.jpg	1076	1225
0	Everts & Abbott	History of Hillsdale County, Michigan, with illustrations and biographical sketches of some of its prominent men, etc	Johnson, Crisfield.		Philadelphia	001884500		1879	http://www.flickr.com/photos/britishlibrary/11272782056	1	000355	11272782056	http://farm8.staticflickr.com/7331/11272782056_e61dcda2dd_m.jpg	240	188	http://farm8.staticflickr.com/7331/11272782056_e61dcda2dd.jpg	500	391	http://farm8.staticflickr.com/7331/11272782056_e61dcda2dd_b.jpg	1024	800	http://farm8.staticflickr.com/7331/11272782056_601d5c7ba2_o.jpg	1235	965
0		Viaje á la Patagonia austral emprendido bajo los auspicios del Gobierno Nacional 1876-1877. tom. 1	MORENO, Francisco Josué Pascasio.		Buenos Aires	002546654		1879	http://www.flickr.com/photos/britishlibrary/11272743455	1	000243	11272743455	http://farm3.staticflickr.com/2825/11272743455_7347649a34_m.jpg	240	106	http://farm3.staticflickr.com/2825/11272743455_7347649a34.jpg	500	220	http://farm3.staticflickr.com/2825/11272743455_7347649a34_b.jpg	1024	451	http://farm3.staticflickr.com/2825/11272743455_faf213b0ab_o.jpg	2190	965
02	American News Company	Round the world with General Grant. A narrative of the visit of General U. S. Grant ... to various countries ... in 1877, 1878, 1879. To which are added certain conversations with General Grant on questions connected with American politics and history ... With ... illustrations	YOUNG, John Russell.		New York	004002305		1879	http://www.flickr.com/photos/britishlibrary/11272853603	1	000382	11272853603	http://farm6.staticflickr.com/5482/11272853603_ce9383e273_m.jpg	169	240	http://farm6.staticflickr.com/5482/11272853603_ce9383e273.jpg	353	500	http://farm6.staticflickr.com/5482/11272853603_ce9383e273_b.jpg	723	1024	http://farm6.staticflickr.com/5482/11272853603_f7e316d816_o.jpg	1172	1661
0	Lee & Shepard	A summer jaunt through the old world: a record of an excursion made to and through Europe by the Tourgée educational party of 1878	HOLDEN, Luther L.	lsidyv3c9a5a21	Boston [Mass.]	001711043	ark:/81055/vdc_00000005C31C	1879	http://www.flickr.com/photos/britishlibrary/11272741925	1	000273	11272741925	http://farm3.staticflickr.com/2864/11272741925_37df95d712_m.jpg	240	167	http://farm3.staticflickr.com/2864/11272741925_37df95d712.jpg	500	348	http://farm3.staticflickr.com/2864/11272741925_37df95d712_b.jpg	1024	712	http://farm3.staticflickr.com/2864/11272741925_f4059be24b_o.jpg	1577	1096
02	Tinsley Brothers	Berlin under the New Empire, its institutions, inhabitants, industry ... With ... engravings, etc	VIZETELLY, Henry.		London	003807524		1879	http://www.flickr.com/photos/britishlibrary/11272805174	1	000331	11272805174	http://farm6.staticflickr.com/5485/11272805174_7fe963ccbf_m.jpg	240	218	http://farm6.staticflickr.com/5485/11272805174_7fe963ccbf.jpg	500	453	http://farm6.staticflickr.com/5485/11272805174_7fe963ccbf_b.jpg	1024	928	http://farm6.staticflickr.com/5485/11272805174_d71ce5f4d1_o.jpg	1178	1067
0	The Mission Press	The manners and customs of the Chinese of the Straits Settlements	VAUGHAN, Jonas Daniel.	lsidyv3c6920e3	Singapore	003763775	ark:/81055/vdc_00000005AABC	1879	http://www.flickr.com/photos/britishlibrary/11272739855	2	000094	11272739855	http://farm3.staticflickr.com/2867/11272739855_03e96520dc_m.jpg	186	240	http://farm3.staticflickr.com/2867/11272739855_03e96520dc.jpg	387	500	http://farm3.staticflickr.com/2867/11272739855_03e96520dc_b.jpg	793	1024	http://farm3.staticflickr.com/2867/11272739855_124fda20f0_o.jpg	1101	1421
0		[Viaje á la Patagonia austral emprendido bajo los auspicios del Gobierno Nacional 1876-1877. tom. 1.]	MORENO, Francisco Josué Pascasio.		Buenos Aires	002546655		1879	http://www.flickr.com/photos/britishlibrary/11272803524	1	000287	11272803524	http://farm8.staticflickr.com/7303/11272803524_311307a0d1_m.jpg	159	240	http://farm8.staticflickr.com/7303/11272803524_311307a0d1.jpg	332	500	http://farm8.staticflickr.com/7303/11272803524_311307a0d1_b.jpg	679	1024	http://farm8.staticflickr.com/7303/11272803524_d35d0c4647_o.jpg	1032	1556
01	L. H. Everts	History of the Connecticut Valley in Massachusetts (by N. B. Sylvester), with illustrations and biographical sketches of some of its prominent men and pioneers [by other authors]	SYLVESTER, Nathaniel Bartlett.		Philadelphia	003562080		1879	http://www.flickr.com/photos/britishlibrary/11272802974	1	000291	11272802974	http://farm3.staticflickr.com/2842/11272802974_1cc9dec3f9_m.jpg	240	189	http://farm3.staticflickr.com/2842/11272802974_1cc9dec3f9.jpg	500	394	http://farm3.staticflickr.com/2842/11272802974_1cc9dec3f9_b.jpg	1024	806	http://farm3.staticflickr.com/2842/11272802974_95504d3752_o.jpg	1646	1295
0		The Complete Guide to Clevedon and its vicinity ... with notes on the natural history of the neighbourhood. By R. S. S. Illustrated	S., R. S.		Clevedon	003213996		1879	http://www.flickr.com/photos/britishlibrary/11272801634	1	000050	11272801634	http://farm4.staticflickr.com/3668/11272801634_9d91e3c15b_m.jpg	240	191	http://farm4.staticflickr.com/3668/11272801634_9d91e3c15b.jpg	500	399	http://farm4.staticflickr.com/3668/11272801634_9d91e3c15b_b.jpg	1024	817	http://farm4.staticflickr.com/3668/11272801634_d36b918dc9_o.jpg	1571	1254
02	D. Appleton & Co.	[Appleton's European Guide Book illustrated. Including England, Scotland, and Ireland, France, Belgium, Holland, Northern and Southern Germany, Switzerland, Italy, Spain and Portugal, Russia, Denmark, Norway, and Sweden. Containing ... maps, etc.]	APPLETON, Daniel AND CO	lsidyv3cbe7355	New York; Longmans & Co	000100280	ark:/81055/vdc_00000005D9DE	1879	http://www.flickr.com/photos/britishlibrary/11272738145	1	000141	11272738145	http://farm4.staticflickr.com/3776/11272738145_5d5d161725_m.jpg	173	240	http://farm4.staticflickr.com/3776/11272738145_5d5d161725.jpg	361	500	http://farm4.staticflickr.com/3776/11272738145_5d5d161725_b.jpg	739	1024	http://farm4.staticflickr.com/3776/11272738145_04215bc2c5_o.jpg	877	1215
01	Tinsley Brothers	Berlin under the New Empire, its institutions, inhabitants, industry ... With ... engravings, etc	VIZETELLY, Henry.		London	003807524		1879	http://www.flickr.com/photos/britishlibrary/11272777256	1	000371	11272777256	http://farm4.staticflickr.com/3741/11272777256_f7a41c5290_m.jpg	240	177	http://farm4.staticflickr.com/3741/11272777256_f7a41c5290.jpg	500	368	http://farm4.staticflickr.com/3741/11272777256_f7a41c5290_b.jpg	1024	754	http://farm4.staticflickr.com/3741/11272777256_b63fbf1e75_o.jpg	1376	1013
01	William Mackenzie	The National Burns. Edited by Rev. George Gilfillan, including the airs of all the songs, and an original life of Burns by the editor. [With plates, including portraits.]	Burns, Robert		Glasgow	000543200		1879	http://www.flickr.com/photos/britishlibrary/11272775216	1	000383	11272775216	http://farm6.staticflickr.com/5543/11272775216_67d9fc15cf_m.jpg	240	215	http://farm6.staticflickr.com/5543/11272775216_67d9fc15cf.jpg	500	447	http://farm6.staticflickr.com/5543/11272775216_67d9fc15cf_b.jpg	1024	916	http://farm6.staticflickr.com/5543/11272775216_56e93cca45_o.jpg	1308	1170
01	John Murray	Bedouin Tribes of the Euphrates ... Edited, with a preface and some account of the Arabs and their horses, by W. S. B. [i.e. W. S. Blunt] ... With map and sketches by the author	BLUNT, Anne Isabella Noel Baroness Wentworth	lsidyv3c8f4fb9	London	000382895	ark:/81055/vdc_00000005BBF6	1879	http://www.flickr.com/photos/britishlibrary/11272800024	1	000209	11272800024	http://farm3.staticflickr.com/2861/11272800024_151b86d5dc_m.jpg	240	190	http://farm3.staticflickr.com/2861/11272800024_151b86d5dc.jpg	500	396	http://farm3.staticflickr.com/2861/11272800024_151b86d5dc_b.jpg	1024	812	http://farm3.staticflickr.com/2861/11272800024_c8f56f33b5_o.jpg	1375	1090
0		Reise nach West-Sibirien im Jahre 1876. Auf Veranstaltung des Vereins für die Deutsche Nordpolarfahrt in Bremen unternommen mit Dr. A. E. Brehm und Karl Graf v. Waldburg-Zeil-Trauchburg, von Dr. O. F., etc	Finsch, O. (Otto)		Berlin	001238638		1879	http://www.flickr.com/photos/britishlibrary/11272799954	1	000247	11272799954	http://farm4.staticflickr.com/3681/11272799954_1e674f0fc4_m.jpg	155	240	http://farm4.staticflickr.com/3681/11272799954_1e674f0fc4.jpg	322	500	http://farm4.staticflickr.com/3681/11272799954_1e674f0fc4_b.jpg	660	1024	http://farm4.staticflickr.com/3681/11272799954_01a123d1b5_o.jpg	988	1532
0	Western Historical Company	The History of Muscatine County, Iowa ... Illustrated			Chicago	002592978		1879	http://www.flickr.com/photos/britishlibrary/11272798124	1	000089	11272798124	http://farm8.staticflickr.com/7320/11272798124_c59bb02f00_m.jpg	142	240	http://farm8.staticflickr.com/7320/11272798124_c59bb02f00.jpg	296	500	http://farm8.staticflickr.com/7320/11272798124_c59bb02f00_b.jpg	606	1024	http://farm8.staticflickr.com/7320/11272798124_069d12933b_o.jpg	938	1585
01	Tinsley Brothers	Berlin under the New Empire, its institutions, inhabitants, industry ... With ... engravings, etc	VIZETELLY, Henry.		London	003807524		1879	http://www.flickr.com/photos/britishlibrary/11272735155	1	000211	11272735155	http://farm6.staticflickr.com/5522/11272735155_39b359dd9a_m.jpg	240	215	http://farm6.staticflickr.com/5522/11272735155_39b359dd9a.jpg	500	448	http://farm6.staticflickr.com/5522/11272735155_39b359dd9a_b.jpg	1024	918	http://farm6.staticflickr.com/5522/11272735155_4520a48d6c_o.jpg	1250	1121
0	Alex Rivington	The Hundred of Swanborough ... Reprinted from vol. XXIX., Sussex Archæological Collections. [With plates.]	COOPER, Joseph F.S.A		Lewes	000778014		1879	http://www.flickr.com/photos/britishlibrary/11272773636	1	000040	11272773636	http://farm8.staticflickr.com/7381/11272773636_6cab27faaf_m.jpg	240	208	http://farm8.staticflickr.com/7381/11272773636_6cab27faaf.jpg	500	433	http://farm8.staticflickr.com/7381/11272773636_6cab27faaf_b.jpg	1024	887	http://farm8.staticflickr.com/7381/11272773636_02799fe90f_o.jpg	1103	955
0		[Brazil and the Brazilians ... in historical and descriptive sketches ... Engravings.]	KIDDER, Daniel Parish and FLETCHER (James C.)		London	001961854		1879	http://www.flickr.com/photos/britishlibrary/11272772326	1	000581	11272772326	http://farm8.staticflickr.com/7403/11272772326_9ecce719f0_m.jpg	240	234	http://farm8.staticflickr.com/7403/11272772326_9ecce719f0.jpg	500	488	http://farm8.staticflickr.com/7403/11272772326_9ecce719f0_b.jpg	1024	999	http://farm8.staticflickr.com/7403/11272772326_8d41dddfc9_o.jpg	1431	1396
01	American News Company	Round the world with General Grant. A narrative of the visit of General U. S. Grant ... to various countries ... in 1877, 1878, 1879. To which are added certain conversations with General Grant on questions connected with American politics and history ... With ... illustrations	YOUNG, John Russell.		New York	004002305		1879	http://www.flickr.com/photos/britishlibrary/11272845033	1	000215	11272845033	http://farm8.staticflickr.com/7317/11272845033_6bd42a00f2_m.jpg	240	165	http://farm8.staticflickr.com/7317/11272845033_6bd42a00f2.jpg	500	343	http://farm8.staticflickr.com/7317/11272845033_6bd42a00f2_b.jpg	1024	703	http://farm8.staticflickr.com/7317/11272845033_061a0852ce_o.jpg	1286	883
0		Imperial India. An Artist's journals. Illustrated, etc	Prinsep, Val C. (Val Cameron)	lsidyv3c8b5c91	London	002992309	ark:/81055/vdc_00000005B95C	1879	http://www.flickr.com/photos/britishlibrary/11272733845	1	000270	11272733845	http://farm6.staticflickr.com/5490/11272733845_8a28238896_m.jpg	185	240	http://farm6.staticflickr.com/5490/11272733845_8a28238896.jpg	386	500	http://farm6.staticflickr.com/5490/11272733845_8a28238896_b.jpg	791	1024	http://farm6.staticflickr.com/5490/11272733845_9834af63f0_o.jpg	1097	1421
02		Old and New London, etc	Thornbury, Walter	lsidyv3c47ab1a	London	003628788	ark:/81055/vdc_000000059328	1879	http://www.flickr.com/photos/britishlibrary/11272843203	1	000446	11272843203	http://farm4.staticflickr.com/3707/11272843203_7b9e130691_m.jpg	240	192	http://farm4.staticflickr.com/3707/11272843203_7b9e130691.jpg	500	400	http://farm4.staticflickr.com/3707/11272843203_7b9e130691_b.jpg	1024	820	http://farm4.staticflickr.com/3707/11272843203_6458c0fa62_o.jpg	1608	1287
0	W. Le Baron, Jr., & Co.	The history of Edgar County, Illinois, containing a history of the County [by W. H. Perrin, H. H. Hill and A. A. Graham], Directory ... Illustrated	PERRIN, William Henry.		Chicago	001034891		1879	http://www.flickr.com/photos/britishlibrary/11272843633	2	000128	11272843633	http://farm3.staticflickr.com/2888/11272843633_a470c6c364_m.jpg	157	240	http://farm3.staticflickr.com/2888/11272843633_a470c6c364.jpg	326	500	http://farm3.staticflickr.com/2888/11272843633_a470c6c364_b.jpg	668	1024	http://farm3.staticflickr.com/2888/11272843633_bdc0b137b6_o.jpg	1047	1604
0	Lewis, Peck & Co.	History of Steuben County, New York, with illustrations and biographical sketches of some of its prominent men and pioneers	CLAYTON, W. Woodford.		Philadelphia	000719876		1879	http://www.flickr.com/photos/britishlibrary/11272841633	1	000243	11272841633	http://farm4.staticflickr.com/3704/11272841633_548f302e69_m.jpg	240	198	http://farm4.staticflickr.com/3704/11272841633_548f302e69.jpg	500	413	http://farm4.staticflickr.com/3704/11272841633_548f302e69_b.jpg	1024	845	http://farm4.staticflickr.com/3704/11272841633_d04500af27_o.jpg	1505	1242
02	American News Company	Round the world with General Grant. A narrative of the visit of General U. S. Grant ... to various countries ... in 1877, 1878, 1879. To which are added certain conversations with General Grant on questions connected with American politics and history ... With ... illustrations	YOUNG, John Russell.		New York	004002305		1879	http://www.flickr.com/photos/britishlibrary/11272791384	1	000511	11272791384	http://farm8.staticflickr.com/7340/11272791384_b90d535bca_m.jpg	164	240	http://farm8.staticflickr.com/7340/11272791384_b90d535bca.jpg	341	500	http://farm8.staticflickr.com/7340/11272791384_b90d535bca_b.jpg	699	1024	http://farm8.staticflickr.com/7340/11272791384_86d52c558b_o.jpg	1131	1657
0		The Illustrated Guide to Sheffield and the surrounding district, etc	TAYLOR, John of Sheffield		Sheffield	003589731		1879	http://www.flickr.com/photos/britishlibrary/11272841723	1	000336	11272841723	http://farm4.staticflickr.com/3670/11272841723_1305643b2b_m.jpg	184	240	http://farm4.staticflickr.com/3670/11272841723_1305643b2b.jpg	383	500	http://farm4.staticflickr.com/3670/11272841723_1305643b2b_b.jpg	784	1024	http://farm4.staticflickr.com/3670/11272841723_184a3091f2_o.jpg	1082	1413
0		Saint-Pierre de Rome. Ouvrage illustré, etc	LORBAC, Charles de.		Rome	002259706		1879	http://www.flickr.com/photos/britishlibrary/11272791594	1	000088	11272791594	http://farm6.staticflickr.com/5497/11272791594_59f71c7229_m.jpg	240	158	http://farm6.staticflickr.com/5497/11272791594_59f71c7229.jpg	500	329	http://farm6.staticflickr.com/5497/11272791594_59f71c7229_b.jpg	1024	673	http://farm6.staticflickr.com/5497/11272791594_17002a7109_o.jpg	1293	850
02	J. B. Lippincott & Co.	History of Princeton and its institutions. ... Illustrated with ... engravings Second edition	HAGEMAN, John Frelinghuysen.		Philadelphia	001560548		1879	http://www.flickr.com/photos/britishlibrary/11272791304	1	000511	11272791304	http://farm6.staticflickr.com/5546/11272791304_cc4c6ed985_m.jpg	240	161	http://farm6.staticflickr.com/5546/11272791304_cc4c6ed985.jpg	500	336	http://farm6.staticflickr.com/5546/11272791304_cc4c6ed985_b.jpg	1024	688	http://farm6.staticflickr.com/5546/11272791304_1903971cc5_o.jpg	1391	935
02	Tinsley Brothers	Berlin under the New Empire, its institutions, inhabitants, industry ... With ... engravings, etc	VIZETELLY, Henry.		London	003807524		1879	http://www.flickr.com/photos/britishlibrary/11272789994	1	000411	11272789994	http://farm8.staticflickr.com/7370/11272789994_b2ddf65bf5_m.jpg	138	240	http://farm8.staticflickr.com/7370/11272789994_b2ddf65bf5.jpg	287	500	http://farm8.staticflickr.com/7370/11272789994_b2ddf65bf5_b.jpg	587	1024	http://farm8.staticflickr.com/7370/11272789994_aeb92c6794_o.jpg	833	1452
01		Paris à travers les siècles. Histoire nationale de Paris et des Parisiens depuis la fondation de Lutèce jusqu'à nos jours, etc	GOURDON DE GENOUILLAC, Nicolas Jules Henri.		Paris	001476975		1879	http://www.flickr.com/photos/britishlibrary/11272765746	1	000585	11272765746	http://farm8.staticflickr.com/7368/11272765746_20854c36ed_m.jpg	156	240	http://farm8.staticflickr.com/7368/11272765746_20854c36ed.jpg	325	500	http://farm8.staticflickr.com/7368/11272765746_20854c36ed_b.jpg	666	1024	http://farm8.staticflickr.com/7368/11272765746_b67cfe5fb1_o.jpg	1137	1747
02	D. Appleton & Co.	[Appleton's European Guide Book illustrated. Including England, Scotland, and Ireland, France, Belgium, Holland, Northern and Southern Germany, Switzerland, Italy, Spain and Portugal, Russia, Denmark, Norway, and Sweden. Containing ... maps, etc.]	APPLETON, Daniel AND CO	lsidyv3cbe7355	New York; Longmans & Co	000100280	ark:/81055/vdc_00000005D9DE	1879	http://www.flickr.com/photos/britishlibrary/11272838473	1	000136	11272838473	http://farm8.staticflickr.com/7383/11272838473_c6053e115d_m.jpg	150	240	http://farm8.staticflickr.com/7383/11272838473_c6053e115d.jpg	313	500	http://farm8.staticflickr.com/7383/11272838473_c6053e115d_b.jpg	640	1024	http://farm8.staticflickr.com/7383/11272838473_74dac774ba_o.jpg	803	1284
01	Griffith & Farran	[Memorable Battles in English History, where fought, why fought, and their results. With the military lives of the commanders, etc.]	Adams, W. H. Davenport (William Henry Davenport)		London	000017042		1879	http://www.flickr.com/photos/britishlibrary/11272725805	1	000189	11272725805	http://farm6.staticflickr.com/5529/11272725805_7fb2851a08_m.jpg	240	212	http://farm6.staticflickr.com/5529/11272725805_7fb2851a08.jpg	500	442	http://farm6.staticflickr.com/5529/11272725805_7fb2851a08_b.jpg	1024	906	http://farm6.staticflickr.com/5529/11272725805_9de24c153c_o.jpg	1470	1301
01	L. H. Everts	History of the Connecticut Valley in Massachusetts (by N. B. Sylvester), with illustrations and biographical sketches of some of its prominent men and pioneers [by other authors]	SYLVESTER, Nathaniel Bartlett.		Philadelphia	003562080		1879	http://www.flickr.com/photos/britishlibrary/11272725615	2	000341	11272725615	http://farm8.staticflickr.com/7313/11272725615_90a5cff179_m.jpg	100	240	http://farm8.staticflickr.com/7313/11272725615_90a5cff179.jpg	208	500	http://farm8.staticflickr.com/7313/11272725615_90a5cff179_b.jpg	426	1024	http://farm8.staticflickr.com/7313/11272725615_b11692e59a_o.jpg	718	1727
0		[Brazil and the Brazilians ... in historical and descriptive sketches ... Engravings.]	KIDDER, Daniel Parish and FLETCHER (James C.)		London	001961854		1879	http://www.flickr.com/photos/britishlibrary/11272788414	1	000453	11272788414	http://farm8.staticflickr.com/7424/11272788414_4af3a1e596_m.jpg	222	240	http://farm8.staticflickr.com/7424/11272788414_4af3a1e596.jpg	463	500	http://farm8.staticflickr.com/7424/11272788414_4af3a1e596_b.jpg	949	1024	http://farm8.staticflickr.com/7424/11272788414_c1e424ec5f_o.jpg	1313	1417
0	Everts & Ensign	History of Toga, Chemung, Tompkins, and Schuyler Counties, New York. With illustrations and biographical sketches of some of its prominent men and pioneers	PEIRCE, Henry B. and HURD (Duane Hamilton)		Philadelphia	002810116		1879	http://www.flickr.com/photos/britishlibrary/11272762956	1	000558	11272762956	http://farm6.staticflickr.com/5507/11272762956_f0eceffbb4_m.jpg	240	167	http://farm6.staticflickr.com/5507/11272762956_f0eceffbb4.jpg	500	349	http://farm6.staticflickr.com/5507/11272762956_f0eceffbb4_b.jpg	1024	714	http://farm6.staticflickr.com/5507/11272762956_e528187405_o.jpg	1666	1161
02		Narrative of a journey through the province of Khorassan and on the N.W. frontier of Afghanistan in 1875 ... With illustrations	MacGregor, Charles Metcalfe Sir	lsidyv3c71d1bc	London	002315775	ark:/81055/vdc_00000005B032	1879	http://www.flickr.com/photos/britishlibrary/11272835763	1	000034	11272835763	http://farm6.staticflickr.com/5519/11272835763_ae5b24834a_m.jpg	240	138	http://farm6.staticflickr.com/5519/11272835763_ae5b24834a.jpg	500	288	http://farm6.staticflickr.com/5519/11272835763_ae5b24834a_b.jpg	1024	589	http://farm6.staticflickr.com/5519/11272835763_af1faca23c_o.jpg	1646	947
0	J. Tweed	The Annals of Dumfermline and vicinity ... 1069-1878. Interspersed with ... notes, ... and ... engravings	HENDERSON, Ebenezer LL.D., F.R.A.S		Glasgow	001648659		1879	http://www.flickr.com/photos/britishlibrary/11272787184	1	000811	11272787184	http://farm3.staticflickr.com/2894/11272787184_fa8593c0e3_m.jpg	165	240	http://farm3.staticflickr.com/2894/11272787184_fa8593c0e3.jpg	343	500	http://farm3.staticflickr.com/2894/11272787184_fa8593c0e3_b.jpg	702	1024	http://farm3.staticflickr.com/2894/11272787184_aba2692b2f_o.jpg	1147	1672
0	Union Historical Co.	The History of Madison County ... Illustrated			Des Moines	002336728		1879	http://www.flickr.com/photos/britishlibrary/11272723125	1	000373	11272723125	http://farm6.staticflickr.com/5531/11272723125_fa3818341c_m.jpg	240	182	http://farm6.staticflickr.com/5531/11272723125_fa3818341c.jpg	500	378	http://farm6.staticflickr.com/5531/11272723125_fa3818341c_b.jpg	1024	775	http://farm6.staticflickr.com/5531/11272723125_78f93af290_o.jpg	1602	1212
0		Sahara & Sahel. I. Un Été dans le Sahara. II. Une Année dans le Sahel. Édition illustrée d'eaux fortes ... et de quarante-cinq gravures, etc	Fromentin, Eugène		Paris	001334608		1879	http://www.flickr.com/photos/britishlibrary/11272834343	1	000473	11272834343	http://farm8.staticflickr.com/7323/11272834343_c5d01e053a_m.jpg	150	240	http://farm8.staticflickr.com/7323/11272834343_c5d01e053a.jpg	312	500	http://farm8.staticflickr.com/7323/11272834343_c5d01e053a_b.jpg	639	1024	http://farm8.staticflickr.com/7323/11272834343_f899bd642e_o.jpg	847	1357
02	American News Company	Round the world with General Grant. A narrative of the visit of General U. S. Grant ... to various countries ... in 1877, 1878, 1879. To which are added certain conversations with General Grant on questions connected with American politics and history ... With ... illustrations	YOUNG, John Russell.		New York	004002305		1879	http://www.flickr.com/photos/britishlibrary/11272785384	1	000453	11272785384	http://farm6.staticflickr.com/5493/11272785384_9ef9be02de_m.jpg	240	215	http://farm6.staticflickr.com/5493/11272785384_9ef9be02de.jpg	500	449	http://farm6.staticflickr.com/5493/11272785384_9ef9be02de_b.jpg	1024	919	http://farm6.staticflickr.com/5493/11272785384_a058d602d7_o.jpg	1218	1093
0	C. C. Chapman & Co.	History of Fulton County, together with sketches of its cities, villages and townships, ... and biographies ... History of Illinois ... Illustrated			Peoria	001341605		1879	http://www.flickr.com/photos/britishlibrary/11272784334	1	000731	11272784334	http://farm8.staticflickr.com/7302/11272784334_5b41f91e66_m.jpg	155	240	http://farm8.staticflickr.com/7302/11272784334_5b41f91e66.jpg	323	500	http://farm8.staticflickr.com/7302/11272784334_5b41f91e66_b.jpg	662	1024	http://farm8.staticflickr.com/7302/11272784334_f1cc09b433_o.jpg	967	1496
01		Xenophon's Anabasis of Cyrus. ... With ... notes ... by R. W. Taylor. Gr	Xenophon.		London	003992074		1879	http://www.flickr.com/photos/britishlibrary/11272760536	1	000102	11272760536	http://farm8.staticflickr.com/7380/11272760536_f8261c45de_m.jpg	169	240	http://farm8.staticflickr.com/7380/11272760536_f8261c45de.jpg	352	500	http://farm8.staticflickr.com/7380/11272760536_f8261c45de_b.jpg	720	1024	http://farm8.staticflickr.com/7380/11272760536_a3f7645931_o.jpg	880	1252
0	[Ward, Lock & Co.	[Charles O'Malley, the Irish Dragoon. Edited by Harry Lorrequer. [By C. J. L.]]	LEVER, Charles James.		London,] Perth [printed	002150760		1879	http://www.flickr.com/photos/britishlibrary/11272721035	1	000228	11272721035	http://farm8.staticflickr.com/7403/11272721035_5892cfa747_m.jpg	133	240	http://farm8.staticflickr.com/7403/11272721035_5892cfa747.jpg	277	500	http://farm8.staticflickr.com/7403/11272721035_5892cfa747_b.jpg	567	1024	http://farm8.staticflickr.com/7403/11272721035_306bf1dcd4_o.jpg	818	1477
0		Les Vieilles Villes de Suisse. Notes et souvenirs. Ouvrage illustré de 105 dessins à la plume par A. Robida reproduits en fac-simile	ROBIDA, Albert.		Paris	003121715		1879	http://www.flickr.com/photos/britishlibrary/11272720035	1	000079	11272720035	http://farm3.staticflickr.com/2889/11272720035_7356e8a8e2_m.jpg	240	203	http://farm3.staticflickr.com/2889/11272720035_7356e8a8e2.jpg	500	423	http://farm3.staticflickr.com/2889/11272720035_7356e8a8e2_b.jpg	1024	866	http://farm3.staticflickr.com/2889/11272720035_8052cec066_o.jpg	1290	1091
01		Paris à travers les siècles. Histoire nationale de Paris et des Parisiens depuis la fondation de Lutèce jusqu'à nos jours, etc	GOURDON DE GENOUILLAC, Nicolas Jules Henri.		Paris	001476975		1879	http://www.flickr.com/photos/britishlibrary/11272758346	1	000060	11272758346	http://farm8.staticflickr.com/7400/11272758346_079663afd3_m.jpg	240	134	http://farm8.staticflickr.com/7400/11272758346_079663afd3.jpg	500	279	http://farm8.staticflickr.com/7400/11272758346_079663afd3_b.jpg	1024	572	http://farm8.staticflickr.com/7400/11272758346_742f4f6057_o.jpg	1438	803
0	Cassell, Petter, Galpin & Co.	Morocco: its people and places ... Translated by C. Rollin-Tilton. With ... illustrations	AMICIS, Edmondo de.	lsidyv3c6b00d2	London	000070870	ark:/81055/vdc_00000005AC0C	1879	http://www.flickr.com/photos/britishlibrary/11272719835	1	000090	11272719835	http://farm3.staticflickr.com/2806/11272719835_d0483a24c4_m.jpg	240	125	http://farm3.staticflickr.com/2806/11272719835_d0483a24c4.jpg	500	260	http://farm3.staticflickr.com/2806/11272719835_d0483a24c4_b.jpg	1024	532	http://farm3.staticflickr.com/2806/11272719835_eef7b0b2af_o.jpg	1746	907
0	Western Historical Company	The History of Jackson County, Iowa ... Illustrated			Chicago	001833692		1879	http://www.flickr.com/photos/britishlibrary/11272829963	1	000657	11272829963	http://farm3.staticflickr.com/2869/11272829963_ce03cf0327_m.jpg	240	157	http://farm3.staticflickr.com/2869/11272829963_ce03cf0327.jpg	500	327	http://farm3.staticflickr.com/2869/11272829963_ce03cf0327_b.jpg	1024	670	http://farm3.staticflickr.com/2869/11272829963_0d398aae66_o.jpg	1821	1192
02	D. Appleton & Co.	[Appleton's European Guide Book illustrated. Including England, Scotland, and Ireland, France, Belgium, Holland, Northern and Southern Germany, Switzerland, Italy, Spain and Portugal, Russia, Denmark, Norway, and Sweden. Containing ... maps, etc.]	APPLETON, Daniel AND CO	lsidyv3cbe7355	New York; Longmans & Co	000100280	ark:/81055/vdc_00000005D9DE	1879	http://www.flickr.com/photos/britishlibrary/11272781204	1	000131	11272781204	http://farm3.staticflickr.com/2836/11272781204_7fcc8cbcbf_m.jpg	177	240	http://farm3.staticflickr.com/2836/11272781204_7fcc8cbcbf.jpg	368	500	http://farm3.staticflickr.com/2836/11272781204_7fcc8cbcbf_b.jpg	754	1024	http://farm3.staticflickr.com/2836/11272781204_dcf5e06c8d_o.jpg	946	1284
0	Western Historical Company	The History of Jackson County, Iowa ... Illustrated			Chicago	001833692		1879	http://www.flickr.com/photos/britishlibrary/11272718075	1	000403	11272718075	http://farm8.staticflickr.com/7312/11272718075_d83d7d3859_m.jpg	240	233	http://farm8.staticflickr.com/7312/11272718075_d83d7d3859.jpg	500	485	http://farm8.staticflickr.com/7312/11272718075_d83d7d3859_b.jpg	1024	993	http://farm8.staticflickr.com/7312/11272718075_c4dfea0468_o.jpg	1496	1450
01		The Australian abroad. Branches from the Main Routes round the World. [Reprinted from the Melbourne “Argus.” With illustrations.] 2 series	HINGSTON, James.	lsidyv3cbf9abe	London	001689101	ark:/81055/vdc_00000005DA7A	1879	http://www.flickr.com/photos/britishlibrary/11272756336	1	000366	11272756336	http://farm6.staticflickr.com/5474/11272756336_600c092333_m.jpg	240	203	http://farm6.staticflickr.com/5474/11272756336_600c092333.jpg	500	422	http://farm6.staticflickr.com/5474/11272756336_600c092333_b.jpg	1024	864	http://farm6.staticflickr.com/5474/11272756336_e5cb52fe30_o.jpg	1187	1002
0		The Illustrated Guide to Sheffield and the surrounding district, etc	TAYLOR, John of Sheffield		Sheffield	003589731		1879	http://www.flickr.com/photos/britishlibrary/11272828703	1	000271	11272828703	http://farm4.staticflickr.com/3716/11272828703_7e7df1dc4f_m.jpg	240	239	http://farm4.staticflickr.com/3716/11272828703_7e7df1dc4f.jpg	500	499	http://farm4.staticflickr.com/3716/11272828703_7e7df1dc4f_b.jpg	1024	1021	http://farm4.staticflickr.com/3716/11272828703_518e147850_o.jpg	1145	1142
0	Religious Tract Society	The Lands of Scripture: comprising “Those Holy Fields”; “The Land of the Pharaohs” [both by S. M.]; “Pictures from Bible Lands” (edited by S. G. Green. The illustrations by E. Whymper, etc.)	MANNING, Samuel LL.D		London	002369128		1879	http://www.flickr.com/photos/britishlibrary/11272779494	1	000314	11272779494	http://farm4.staticflickr.com/3667/11272779494_bf6032cbd6_m.jpg	126	240	http://farm4.staticflickr.com/3667/11272779494_bf6032cbd6.jpg	262	500	http://farm4.staticflickr.com/3667/11272779494_bf6032cbd6_b.jpg	537	1024	http://farm4.staticflickr.com/3667/11272779494_e16ba9ccb3_o.jpg	988	1883
02	D. Appleton & Co.	[Appleton's European Guide Book illustrated. Including England, Scotland, and Ireland, France, Belgium, Holland, Northern and Southern Germany, Switzerland, Italy, Spain and Portugal, Russia, Denmark, Norway, and Sweden. Containing ... maps, etc.]	APPLETON, Daniel AND CO	lsidyv3cbe7355	New York; Longmans & Co	000100280	ark:/81055/vdc_00000005D9DE	1879	http://www.flickr.com/photos/britishlibrary/11272715585	1	000257	11272715585	http://farm4.staticflickr.com/3726/11272715585_8236daa60f_m.jpg	170	240	http://farm4.staticflickr.com/3726/11272715585_8236daa60f.jpg	355	500	http://farm4.staticflickr.com/3726/11272715585_8236daa60f_b.jpg	727	1024	http://farm4.staticflickr.com/3726/11272715585_f494b6a7bc_o.jpg	912	1284
0		Nouveau Guide complet du Parisien et de l'Étranger. Paris-Exact	PILLE, L. and FERRIER (A.)		Paris	002917540		1879	http://www.flickr.com/photos/britishlibrary/11272715465	2	000174	11272715465	http://farm3.staticflickr.com/2838/11272715465_8fe7d337d9_m.jpg	202	240	http://farm3.staticflickr.com/2838/11272715465_8fe7d337d9.jpg	421	500	http://farm3.staticflickr.com/2838/11272715465_8fe7d337d9_b.jpg	863	1024	http://farm3.staticflickr.com/2838/11272715465_77a4fafa4b_o.jpg	1007	1195
0		The History of France, from the earliest times to the outbreak of the Revolution. Abridged from ... R. Black's translation of ... Guizot's larger history. With chronological index, ... tables, portraits ... By G. Masson, etc	GUIZOT, François Pierre Guillaume.		London	001541681		1879	http://www.flickr.com/photos/britishlibrary/11272777684	1	000327	11272777684	http://farm8.staticflickr.com/7327/11272777684_93d9fa8c31_m.jpg	165	240	http://farm8.staticflickr.com/7327/11272777684_93d9fa8c31.jpg	345	500	http://farm8.staticflickr.com/7327/11272777684_93d9fa8c31_b.jpg	706	1024	http://farm8.staticflickr.com/7327/11272777684_e3e57199bb_o.jpg	962	1396
0	Waterlow & Sons	Up the River from Westminster to Windsor and Oxford; a descriptive panorama of Thames Scenery			London	003606029		1879	http://www.flickr.com/photos/britishlibrary/11272776774	1	000059	11272776774	http://farm6.staticflickr.com/5513/11272776774_1b47b0dda2_m.jpg	124	240	http://farm6.staticflickr.com/5513/11272776774_1b47b0dda2.jpg	258	500	http://farm6.staticflickr.com/5513/11272776774_1b47b0dda2_b.jpg	528	1024	http://farm6.staticflickr.com/5513/11272776774_05cd1bfe0e_o.jpg	792	1536
01		A magyar nemzet története. I. kötet írta Bodon J. és Dr. Szalay J. (II.-IV.) kötet, írta Dr. Szalay J.) [With portraits.]	BODON, József and SZALAY (József)		Budapest	000389221		1879	http://www.flickr.com/photos/britishlibrary/11272776314	1	000111	11272776314	http://farm6.staticflickr.com/5540/11272776314_a54926246c_m.jpg	240	212	http://farm6.staticflickr.com/5540/11272776314_a54926246c.jpg	500	441	http://farm6.staticflickr.com/5540/11272776314_a54926246c_b.jpg	1024	903	http://farm6.staticflickr.com/5540/11272776314_2353331ddb_o.jpg	1305	1151
02	L. H. Everts	History of the Connecticut Valley in Massachusetts (by N. B. Sylvester), with illustrations and biographical sketches of some of its prominent men and pioneers [by other authors]	SYLVESTER, Nathaniel Bartlett.		Philadelphia	003562080		1879	http://www.flickr.com/photos/britishlibrary/11272752256	1	000192	11272752256	http://farm3.staticflickr.com/2891/11272752256_5aa6496b88_m.jpg	240	167	http://farm3.staticflickr.com/2891/11272752256_5aa6496b88.jpg	500	349	http://farm3.staticflickr.com/2891/11272752256_5aa6496b88_b.jpg	1024	714	http://farm3.staticflickr.com/2891/11272752256_21108bf738_o.jpg	1747	1218
0		[Brazil and the Brazilians ... in historical and descriptive sketches ... Engravings.]	KIDDER, Daniel Parish and FLETCHER (James C.)		London	001961854		1879	http://www.flickr.com/photos/britishlibrary/11272823493	1	000197	11272823493	http://farm8.staticflickr.com/7340/11272823493_034d79d63d_m.jpg	218	240	http://farm8.staticflickr.com/7340/11272823493_034d79d63d.jpg	455	500	http://farm8.staticflickr.com/7340/11272823493_034d79d63d_b.jpg	932	1024	http://farm8.staticflickr.com/7340/11272823493_66bd5566db_o.jpg	1267	1392
02		A magyar nemzet története. I. kötet írta Bodon J. és Dr. Szalay J. (II.-IV.) kötet, írta Dr. Szalay J.) [With portraits.]	BODON, József and SZALAY (József)		Budapest	000389221		1879	http://www.flickr.com/photos/britishlibrary/11272712245	1	000101	11272712245	http://farm3.staticflickr.com/2864/11272712245_208bb8c8b6_m.jpg	240	205	http://farm3.staticflickr.com/2864/11272712245_208bb8c8b6.jpg	500	427	http://farm3.staticflickr.com/2864/11272712245_208bb8c8b6_b.jpg	1024	874	http://farm3.staticflickr.com/2864/11272712245_9a355fe5e1_o.jpg	1382	1180
0	Harper & Bros.	From Egypt to Palestine through Sinai, the Wilderness and the South Country. Observations of a journey made with special reference to the history of the Israelites ... With maps and illustrations	BARTLETT, Samuel Colcord.	lsidyv3c53baba	New York	000216339	ark:/81055/vdc_000000059CA0	1879	http://www.flickr.com/photos/britishlibrary/11272711005	1	000456	11272711005	http://farm3.staticflickr.com/2866/11272711005_373f3ae37d_m.jpg	240	235	http://farm3.staticflickr.com/2866/11272711005_373f3ae37d.jpg	500	489	http://farm3.staticflickr.com/2866/11272711005_373f3ae37d_b.jpg	1024	1002	http://farm3.staticflickr.com/2866/11272711005_a870c41b41_o.jpg	1418	1387
02		Danmarks og Norges Historie i Slutningen af det 16de Aarhundrede	TROELS-LUND, Troels Frederik.		Kjøbenhavn	003677661		1879	http://www.flickr.com/photos/britishlibrary/11272773124	1	000361	11272773124	http://farm8.staticflickr.com/7363/11272773124_693fa6852c_m.jpg	189	240	http://farm8.staticflickr.com/7363/11272773124_693fa6852c.jpg	394	500	http://farm8.staticflickr.com/7363/11272773124_693fa6852c_b.jpg	806	1024	http://farm8.staticflickr.com/7363/11272773124_8de6ebdfeb_o.jpg	1061	1348
0	C. R. Barns	Switzler's Illustrated History of Missouri, from 1541 to 1877, etc. [Edited by C. R. Barns. From the larger work edited by him, entitled: “The Commonwealth of Missouri.”]	BARNS, Chancy R.		Saint Louis	000206134		1879	http://www.flickr.com/photos/britishlibrary/11272819873	1	000627	11272819873	http://farm6.staticflickr.com/5487/11272819873_3e46a16c8c_m.jpg	203	240	http://farm6.staticflickr.com/5487/11272819873_3e46a16c8c.jpg	422	500	http://farm6.staticflickr.com/5487/11272819873_3e46a16c8c_b.jpg	864	1024	http://farm6.staticflickr.com/5487/11272819873_0fa78bb34c_o.jpg	1220	1446
0		Songs and Lyrics for Little Lips. Set to music by W. H. Cummings and others. Illustrated, etc			London, [1879.]	003440815		1879	http://www.flickr.com/photos/britishlibrary/11272820653	1	000035	11272820653	http://farm8.staticflickr.com/7302/11272820653_5a6dcf0469_m.jpg	139	240	http://farm8.staticflickr.com/7302/11272820653_5a6dcf0469.jpg	290	500	http://farm8.staticflickr.com/7302/11272820653_5a6dcf0469_b.jpg	594	1024	http://farm8.staticflickr.com/7302/11272820653_818b7877d5_o.jpg	1081	1862
0		A History of the Town of Franklin, Mass.; from its settlement to the completion of its first century, 2d March, 1878; with genealogical notices of its earliest families, sketches of its professional men, and a report of the centennial celebration. By Mortimer Blake	BLAKE, Mortimer.		Franklin	001311432		1879	http://www.flickr.com/photos/britishlibrary/11272820193	1	000229	11272820193	http://farm3.staticflickr.com/2806/11272820193_1950565ab7_m.jpg	240	188	http://farm3.staticflickr.com/2806/11272820193_1950565ab7.jpg	500	392	http://farm3.staticflickr.com/2806/11272820193_1950565ab7_b.jpg	1024	802	http://farm3.staticflickr.com/2806/11272820193_0e0a268bcb_o.jpg	1203	942
0	N. D. Thompson & Co.	A Pictorial History of Texas, from the earliest visits of European adventurers to A.D. 1879 ... Third edition, ... revised	THRALL, Homer S.		St. Louis, Mo	003632148		1879	http://www.flickr.com/photos/britishlibrary/11272746356	1	000521	11272746356	http://farm8.staticflickr.com/7309/11272746356_c318cf8857_m.jpg	191	240	http://farm8.staticflickr.com/7309/11272746356_c318cf8857.jpg	397	500	http://farm8.staticflickr.com/7309/11272746356_c318cf8857_b.jpg	814	1024	http://farm8.staticflickr.com/7309/11272746356_43019ff56b_o.jpg	1040	1308
0	Religious Tract Society	The Lands of Scripture: comprising “Those Holy Fields”; “The Land of the Pharaohs” [both by S. M.]; “Pictures from Bible Lands” (edited by S. G. Green. The illustrations by E. Whymper, etc.)	MANNING, Samuel LL.D		London	002369128		1879	http://www.flickr.com/photos/britishlibrary/11272817803	1	000243	11272817803	http://farm6.staticflickr.com/5473/11272817803_1aab1dd3c8_m.jpg	83	240	http://farm6.staticflickr.com/5473/11272817803_1aab1dd3c8.jpg	173	500	http://farm6.staticflickr.com/5473/11272817803_1aab1dd3c8_b.jpg	355	1024	http://farm6.staticflickr.com/5473/11272817803_419ea06a9a_o.jpg	673	1942
0	A. Williams & Co.	School-history of North Carolina, from 1584 to 1879	MOORE, John Wheeler.		Raleigh, N.C	002540019		1879	http://www.flickr.com/photos/britishlibrary/11272817823	1	000223	11272817823	http://farm4.staticflickr.com/3690/11272817823_d1d26fef5e_m.jpg	240	210	http://farm4.staticflickr.com/3690/11272817823_d1d26fef5e.jpg	500	438	http://farm4.staticflickr.com/3690/11272817823_d1d26fef5e_b.jpg	1024	898	http://farm4.staticflickr.com/3690/11272817823_9c20523a65_o.jpg	1442	1265
0	C. R. Barns	Switzler's Illustrated History of Missouri, from 1541 to 1877, etc. [Edited by C. R. Barns. From the larger work edited by him, entitled: “The Commonwealth of Missouri.”]	BARNS, Chancy R.		Saint Louis	000206134		1879	http://www.flickr.com/photos/britishlibrary/11272767154	1	000560	11272767154	http://farm3.staticflickr.com/2879/11272767154_a86a0aa3c4_m.jpg	193	240	http://farm3.staticflickr.com/2879/11272767154_a86a0aa3c4.jpg	403	500	http://farm3.staticflickr.com/2879/11272767154_a86a0aa3c4_b.jpg	825	1024	http://farm3.staticflickr.com/2879/11272767154_482e727763_o.jpg	1226	1521
0	Wesleyan Conference Office	Rambles in Bible Lands	NEWTON, Richard D.D., Rector of St. Paul's Church, Philadelphia	lsidyv3ca35e3a	London	002646495	ark:/81055/vdc_00000005C826	1879	http://www.flickr.com/photos/britishlibrary/11272744416	1	000021	11272744416	http://farm8.staticflickr.com/7444/11272744416_6e1768f28f_m.jpg	229	240	http://farm8.staticflickr.com/7444/11272744416_6e1768f28f.jpg	476	500	http://farm8.staticflickr.com/7444/11272744416_6e1768f28f_b.jpg	975	1024	http://farm8.staticflickr.com/7444/11272744416_ba58455a2c_o.jpg	1310	1376
01	Tinsley Brothers	Berlin under the New Empire, its institutions, inhabitants, industry ... With ... engravings, etc	VIZETELLY, Henry.		London	003807524		1879	http://www.flickr.com/photos/britishlibrary/11272768044	2	000162	11272768044	http://farm6.staticflickr.com/5525/11272768044_73a5a13028_m.jpg	240	206	http://farm6.staticflickr.com/5525/11272768044_73a5a13028.jpg	500	430	http://farm6.staticflickr.com/5525/11272768044_73a5a13028_b.jpg	1024	880	http://farm6.staticflickr.com/5525/11272768044_d448b4a2a9_o.jpg	1193	1025
0		The History of France, from the earliest times to the outbreak of the Revolution. Abridged from ... R. Black's translation of ... Guizot's larger history. With chronological index, ... tables, portraits ... By G. Masson, etc	GUIZOT, François Pierre Guillaume.		London	001541681		1879	http://www.flickr.com/photos/britishlibrary/11272702925	1	000169	11272702925	http://farm3.staticflickr.com/2851/11272702925_0a2f09ce37_m.jpg	234	240	http://farm3.staticflickr.com/2851/11272702925_0a2f09ce37.jpg	487	500	http://farm3.staticflickr.com/2851/11272702925_0a2f09ce37_b.jpg	997	1024	http://farm3.staticflickr.com/2851/11272702925_e7aecfa432_o.jpg	1078	1107
0	Wesleyan Conference Office	Rambles in Bible Lands	NEWTON, Richard D.D., Rector of St. Paul's Church, Philadelphia	lsidyv3ca35e3a	London	002646495	ark:/81055/vdc_00000005C826	1879	http://www.flickr.com/photos/britishlibrary/11272742566	1	000193	11272742566	http://farm6.staticflickr.com/5542/11272742566_e8548cb4c2_m.jpg	240	220	http://farm6.staticflickr.com/5542/11272742566_e8548cb4c2.jpg	500	458	http://farm6.staticflickr.com/5542/11272742566_e8548cb4c2_b.jpg	1024	937	http://farm6.staticflickr.com/5542/11272742566_5787189781_o.jpg	1503	1376
02		Danmarks og Norges Historie i Slutningen af det 16de Aarhundrede	TROELS-LUND, Troels Frederik.		Kjøbenhavn	003677661		1879	http://www.flickr.com/photos/britishlibrary/11272702405	1	000341	11272702405	http://farm4.staticflickr.com/3805/11272702405_2a09388ec8_m.jpg	240	157	http://farm4.staticflickr.com/3805/11272702405_2a09388ec8.jpg	500	327	http://farm4.staticflickr.com/3805/11272702405_2a09388ec8_b.jpg	1024	670	http://farm4.staticflickr.com/3805/11272702405_9447dbdec7_o.jpg	1792	1172
01	American News Company	Round the world with General Grant. A narrative of the visit of General U. S. Grant ... to various countries ... in 1877, 1878, 1879. To which are added certain conversations with General Grant on questions connected with American politics and history ... With ... illustrations	YOUNG, John Russell.		New York	004002305		1879	http://www.flickr.com/photos/britishlibrary/11272764024	1	000298	11272764024	http://farm4.staticflickr.com/3744/11272764024_d5b078e634_m.jpg	173	240	http://farm4.staticflickr.com/3744/11272764024_d5b078e634.jpg	359	500	http://farm4.staticflickr.com/3744/11272764024_d5b078e634_b.jpg	736	1024	http://farm4.staticflickr.com/3744/11272764024_4c883242da_o.jpg	1240	1725
0	Union Historical Co.	The History of Madison County ... Illustrated			Des Moines	002336728		1879	http://www.flickr.com/photos/britishlibrary/11272811983	2	000119	11272811983	http://farm6.staticflickr.com/5521/11272811983_2f63240835_m.jpg	178	240	http://farm6.staticflickr.com/5521/11272811983_2f63240835.jpg	371	500	http://farm6.staticflickr.com/5521/11272811983_2f63240835_b.jpg	759	1024	http://farm6.staticflickr.com/5521/11272811983_1ca527f245_o.jpg	1181	1593
02		The Borders of the Tamar and the Tavy; their natural history, etc. A new edition	STOTHARD, afterwards BRAY, Anna Eliza.	lsidyv3c4640f3	London	003517963	ark:/81055/vdc_0000000591E4	1879	http://www.flickr.com/photos/britishlibrary/11272811803	1	000339	11272811803	http://farm4.staticflickr.com/3753/11272811803_eb29f4778d_m.jpg	240	118	http://farm4.staticflickr.com/3753/11272811803_eb29f4778d.jpg	500	246	http://farm4.staticflickr.com/3753/11272811803_eb29f4778d_b.jpg	1024	504	http://farm4.staticflickr.com/3753/11272811803_17c626e68b_o.jpg	1557	767
0		[Voyage aux pays annexés. Suite et fin du Voyage au pays des Milliards.]	TISSOT, Victor.		Paris	003643050		1879	http://www.flickr.com/photos/britishlibrary/11272739006	1	000046	11272739006	http://farm6.staticflickr.com/5536/11272739006_9a8a56cc0f_m.jpg	162	240	http://farm6.staticflickr.com/5536/11272739006_9a8a56cc0f.jpg	338	500	http://farm6.staticflickr.com/5536/11272739006_9a8a56cc0f_b.jpg	692	1024	http://farm6.staticflickr.com/5536/11272739006_454a23336d_o.jpg	856	1267
03		Paris à travers les siècles. Histoire nationale de Paris et des Parisiens depuis la fondation de Lutèce jusqu'à nos jours, etc	GOURDON DE GENOUILLAC, Nicolas Jules Henri.		Paris	001476975		1879	http://www.flickr.com/photos/britishlibrary/11272762594	1	000712	11272762594	http://farm4.staticflickr.com/3785/11272762594_f847b8af23_m.jpg	223	240	http://farm4.staticflickr.com/3785/11272762594_f847b8af23.jpg	465	500	http://farm4.staticflickr.com/3785/11272762594_f847b8af23_b.jpg	953	1024	http://farm4.staticflickr.com/3785/11272762594_c0ecf5a910_o.jpg	1091	1172
02	J. B. Lippincott & Co.	History of Princeton and its institutions. ... Illustrated with ... engravings Second edition	HAGEMAN, John Frelinghuysen.		Philadelphia	001560548		1879	http://www.flickr.com/photos/britishlibrary/11272762534	1	000300	11272762534	http://farm3.staticflickr.com/2863/11272762534_6f267755ea_m.jpg	240	192	http://farm3.staticflickr.com/2863/11272762534_6f267755ea.jpg	500	399	http://farm3.staticflickr.com/2863/11272762534_6f267755ea_b.jpg	1024	818	http://farm3.staticflickr.com/2863/11272762534_177264d72b_o.jpg	1403	1121
0	C. R. Barns	Switzler's Illustrated History of Missouri, from 1541 to 1877, etc. [Edited by C. R. Barns. From the larger work edited by him, entitled: “The Commonwealth of Missouri.”]	BARNS, Chancy R.		Saint Louis	000206134		1879	http://www.flickr.com/photos/britishlibrary/11272697295	1	000128	11272697295	http://farm4.staticflickr.com/3691/11272697295_2e78a534cd_m.jpg	139	240	http://farm4.staticflickr.com/3691/11272697295_2e78a534cd.jpg	289	500	http://farm4.staticflickr.com/3691/11272697295_2e78a534cd_b.jpg	591	1024	http://farm4.staticflickr.com/3691/11272697295_020b060c1b_o.jpg	905	1568
0	Netherton & Worth	[Peeps into the Haunts and Homes of the Rural Population of Cornwall. Being reminiscences of Cornish character and characteristics, etc.]	TREGELLAS, John Tabois.	lsidyv3c0f7179	Truro	003669474	ark:/81055/vdc_00000005644E	1879	http://www.flickr.com/photos/britishlibrary/11272809133	1	000115	11272809133	http://farm6.staticflickr.com/5503/11272809133_d739125b57_m.jpg	233	240	http://farm6.staticflickr.com/5503/11272809133_d739125b57.jpg	484	500	http://farm6.staticflickr.com/5503/11272809133_d739125b57_b.jpg	992	1024	http://farm6.staticflickr.com/5503/11272809133_b400bf5cfb_o.jpg	1120	1156
0	Netherton & Worth	[Peeps into the Haunts and Homes of the Rural Population of Cornwall. Being reminiscences of Cornish character and characteristics, etc.]	TREGELLAS, John Tabois.	lsidyv3c0f7179	Truro	003669474	ark:/81055/vdc_00000005644E	1879	http://www.flickr.com/photos/britishlibrary/11272760584	1	000072	11272760584	http://farm8.staticflickr.com/7293/11272760584_e7db8bf8af_m.jpg	240	233	http://farm8.staticflickr.com/7293/11272760584_e7db8bf8af.jpg	500	486	http://farm8.staticflickr.com/7293/11272760584_e7db8bf8af_b.jpg	1024	996	http://farm8.staticflickr.com/7293/11272760584_69eac4f4b6_o.jpg	1150	1118
01	American News Company	Round the world with General Grant. A narrative of the visit of General U. S. Grant ... to various countries ... in 1877, 1878, 1879. To which are added certain conversations with General Grant on questions connected with American politics and history ... With ... illustrations	YOUNG, John Russell.		New York	004002305		1879	http://www.flickr.com/photos/britishlibrary/11272695765	1	000065	11272695765	http://farm8.staticflickr.com/7427/11272695765_5574833249_m.jpg	175	240	http://farm8.staticflickr.com/7427/11272695765_5574833249.jpg	365	500	http://farm8.staticflickr.com/7427/11272695765_5574833249_b.jpg	748	1024	http://farm8.staticflickr.com/7427/11272695765_7a3345cbf0_o.jpg	1247	1708
0		The Complete Guide to Clevedon and its vicinity ... with notes on the natural history of the neighbourhood. By R. S. S. Illustrated	S., R. S.		Clevedon	003213996		1879	http://www.flickr.com/photos/britishlibrary/11272736616	1	000074	11272736616	http://farm4.staticflickr.com/3823/11272736616_e11cdd9963_m.jpg	240	199	http://farm4.staticflickr.com/3823/11272736616_e11cdd9963.jpg	500	415	http://farm4.staticflickr.com/3823/11272736616_e11cdd9963_b.jpg	1024	849	http://farm4.staticflickr.com/3823/11272736616_4e607c0aaf_o.jpg	1505	1248
0	T. Lewis	Waltham, past and present, and its industries. With ... photographic illustrations	NELSON, Charles Alexander.		Cambridge [Mass.]	002618620		1879	http://www.flickr.com/photos/britishlibrary/11272806293	1	000153	11272806293	http://farm8.staticflickr.com/7430/11272806293_dcf569bc0f_m.jpg	166	240	http://farm8.staticflickr.com/7430/11272806293_dcf569bc0f.jpg	346	500	http://farm8.staticflickr.com/7430/11272806293_dcf569bc0f_b.jpg	708	1024	http://farm8.staticflickr.com/7430/11272806293_ecd6f2cbe4_o.jpg	1007	1457
0	John Murray	[The Student's Manual of Modern Geography. Mathematical, physical, and descriptive.]	BEVAN, William Latham.	lsidyv3ca2f2a9	London	000307737	ark:/81055/vdc_00000005C7F6	1879	http://www.flickr.com/photos/britishlibrary/11272693165	1	000275	11272693165	http://farm3.staticflickr.com/2851/11272693165_7092600e3f_m.jpg	240	175	http://farm3.staticflickr.com/2851/11272693165_7092600e3f.jpg	500	365	http://farm3.staticflickr.com/2851/11272693165_7092600e3f_b.jpg	1024	748	http://farm3.staticflickr.com/2851/11272693165_a3ce68ee8b_o.jpg	1278	933
01		Sahărâ und Sûdân. Ergebnisse sechsjähriger Reisen in Afrika. (Thl. 3 herausgegeben von E. Groddeck.)	NACHTIGAL, Gustav.		Berlin	002599811		1879	http://www.flickr.com/photos/britishlibrary/11272734756	1	000727	11272734756	http://farm4.staticflickr.com/3684/11272734756_33cd65fb04_m.jpg	205	240	http://farm4.staticflickr.com/3684/11272734756_33cd65fb04.jpg	427	500	http://farm4.staticflickr.com/3684/11272734756_33cd65fb04_b.jpg	874	1024	http://farm4.staticflickr.com/3684/11272734756_567a8f9f33_o.jpg	953	1116
02		A magyar nemzet története. I. kötet írta Bodon J. és Dr. Szalay J. (II.-IV.) kötet, írta Dr. Szalay J.) [With portraits.]	BODON, József and SZALAY (József)		Budapest	000389221		1879	http://www.flickr.com/photos/britishlibrary/11272805073	1	000411	11272805073	http://farm6.staticflickr.com/5503/11272805073_a567061630_m.jpg	240	214	http://farm6.staticflickr.com/5503/11272805073_a567061630.jpg	500	445	http://farm6.staticflickr.com/5503/11272805073_a567061630_b.jpg	1024	912	http://farm6.staticflickr.com/5503/11272805073_0118061a7e_o.jpg	1440	1283
01	L. H. Everts	History of the Connecticut Valley in Massachusetts (by N. B. Sylvester), with illustrations and biographical sketches of some of its prominent men and pioneers [by other authors]	SYLVESTER, Nathaniel Bartlett.		Philadelphia	003562080		1879	http://www.flickr.com/photos/britishlibrary/11272733546	1	000581	11272733546	http://farm4.staticflickr.com/3797/11272733546_c78efc8410_m.jpg	240	180	http://farm4.staticflickr.com/3797/11272733546_c78efc8410.jpg	500	375	http://farm4.staticflickr.com/3797/11272733546_c78efc8410_b.jpg	1024	768	http://farm4.staticflickr.com/3797/11272733546_16ab96ef77_o.jpg	1683	1263
01		Old and New London, etc	Thornbury, Walter	lsidyv3c47ab1a	London	003628788	ark:/81055/vdc_000000059328	1879	http://www.flickr.com/photos/britishlibrary/11272732336	1	000429	11272732336	http://farm4.staticflickr.com/3797/11272732336_9a41b4e55e_m.jpg	167	240	http://farm4.staticflickr.com/3797/11272732336_9a41b4e55e.jpg	348	500	http://farm4.staticflickr.com/3797/11272732336_9a41b4e55e_b.jpg	713	1024	http://farm4.staticflickr.com/3797/11272732336_c6e3ed01a0_o.jpg	1048	1505
0	C. R. Barns	Switzler's Illustrated History of Missouri, from 1541 to 1877, etc. [Edited by C. R. Barns. From the larger work edited by him, entitled: “The Commonwealth of Missouri.”]	BARNS, Chancy R.		Saint Louis	000206134		1879	http://www.flickr.com/photos/britishlibrary/11272756154	1	000059	11272756154	http://farm4.staticflickr.com/3744/11272756154_05b128f17e_m.jpg	120	240	http://farm4.staticflickr.com/3744/11272756154_05b128f17e.jpg	251	500	http://farm4.staticflickr.com/3744/11272756154_05b128f17e_b.jpg	514	1024	http://farm4.staticflickr.com/3744/11272756154_b0be7a9db1_o.jpg	795	1584
0	Murray Williamson & Phelps	The History of Adams County, Illinois ... Illustrated			Chicago	000014468		1879	http://www.flickr.com/photos/britishlibrary/11272802443	1	000121	11272802443	http://farm3.staticflickr.com/2858/11272802443_2be24b3099_m.jpg	185	240	http://farm3.staticflickr.com/2858/11272802443_2be24b3099.jpg	386	500	http://farm3.staticflickr.com/2858/11272802443_2be24b3099_b.jpg	791	1024	http://farm3.staticflickr.com/2858/11272802443_a6630a60cb_o.jpg	1207	1563
02	Tinsley Brothers	Berlin under the New Empire, its institutions, inhabitants, industry ... With ... engravings, etc	VIZETELLY, Henry.		London	003807524		1879	http://www.flickr.com/photos/britishlibrary/11272754774	1	000151	11272754774	http://farm8.staticflickr.com/7299/11272754774_6d5dc44c6e_m.jpg	240	208	http://farm8.staticflickr.com/7299/11272754774_6d5dc44c6e.jpg	500	434	http://farm8.staticflickr.com/7299/11272754774_6d5dc44c6e_b.jpg	1024	888	http://farm8.staticflickr.com/7299/11272754774_5783fd3153_o.jpg	1193	1035
01	American News Company	Round the world with General Grant. A narrative of the visit of General U. S. Grant ... to various countries ... in 1877, 1878, 1879. To which are added certain conversations with General Grant on questions connected with American politics and history ... With ... illustrations	YOUNG, John Russell.		New York	004002305		1879	http://www.flickr.com/photos/britishlibrary/11272689765	1	000486	11272689765	http://farm3.staticflickr.com/2805/11272689765_7c1f838eaa_m.jpg	164	240	http://farm3.staticflickr.com/2805/11272689765_7c1f838eaa.jpg	342	500	http://farm3.staticflickr.com/2805/11272689765_7c1f838eaa_b.jpg	701	1024	http://farm3.staticflickr.com/2805/11272689765_2ab707cce2_o.jpg	1172	1713
0		[Brazil and the Brazilians ... in historical and descriptive sketches ... Engravings.]	KIDDER, Daniel Parish and FLETCHER (James C.)		London	001961854		1879	http://www.flickr.com/photos/britishlibrary/11272729676	1	000375	11272729676	http://farm4.staticflickr.com/3674/11272729676_fbbf056c01_m.jpg	221	240	http://farm4.staticflickr.com/3674/11272729676_fbbf056c01.jpg	460	500	http://farm4.staticflickr.com/3674/11272729676_fbbf056c01_b.jpg	943	1024	http://farm4.staticflickr.com/3674/11272729676_f81a26ee01_o.jpg	1291	1402
0	D. W. Ensign & Co.	History of Columbiana County, Ohio, with illustrations and biographical sketches of its prominent men and pioneers	MACK, Horace.		Philadelphia	002319445		1879	http://www.flickr.com/photos/britishlibrary/11272688365	1	000189	11272688365	http://farm3.staticflickr.com/2832/11272688365_9955061cc1_m.jpg	240	193	http://farm3.staticflickr.com/2832/11272688365_9955061cc1.jpg	500	402	http://farm3.staticflickr.com/2832/11272688365_9955061cc1_b.jpg	1024	823	http://farm3.staticflickr.com/2832/11272688365_827a4e5d86_o.jpg	1272	1022
01	William Mackenzie	The National Burns. Edited by Rev. George Gilfillan, including the airs of all the songs, and an original life of Burns by the editor. [With plates, including portraits.]	Burns, Robert		Glasgow	000543200		1879	http://www.flickr.com/photos/britishlibrary/11272729746	2	000176	11272729746	http://farm6.staticflickr.com/5489/11272729746_4fa0352a48_m.jpg	217	240	http://farm6.staticflickr.com/5489/11272729746_4fa0352a48.jpg	452	500	http://farm6.staticflickr.com/5489/11272729746_4fa0352a48_b.jpg	926	1024	http://farm6.staticflickr.com/5489/11272729746_729d977fe0_o.jpg	1050	1161
0		A Brief Description of the Hamlet of Heigham, Norwich ... Compiled ... by E. Delves. [With plates.]	DELVES, Edward.		Norwich	000903610		1879	http://www.flickr.com/photos/britishlibrary/11272728546	1	000009	11272728546	http://farm3.staticflickr.com/2867/11272728546_9c6af047e1_m.jpg	240	175	http://farm3.staticflickr.com/2867/11272728546_9c6af047e1.jpg	500	365	http://farm3.staticflickr.com/2867/11272728546_9c6af047e1_b.jpg	1024	748	http://farm3.staticflickr.com/2867/11272728546_48e6d4d83f_o.jpg	1257	918
0	Mark and Bailey	Northampton past and present, a Handy Guide Book to the town and neighbourhood			Northampton	002673317		1879	http://www.flickr.com/photos/britishlibrary/11272752044	1	000007	11272752044	http://farm6.staticflickr.com/5491/11272752044_f71230b47a_m.jpg	240	176	http://farm6.staticflickr.com/5491/11272752044_f71230b47a.jpg	500	368	http://farm6.staticflickr.com/5491/11272752044_f71230b47a_b.jpg	1024	753	http://farm6.staticflickr.com/5491/11272752044_bc53b7557a_o.jpg	1426	1048
0		Monuments religieux, civils et militaires du Gatinais, ... depuis le XIe jusqu'au XVIIe siècle. ... Ouvrage accompagné de planches, etc	MICHEL, Edmond.		Lyon	002482448		1879	http://www.flickr.com/photos/britishlibrary/11272686845	3	000483	11272686845	http://farm6.staticflickr.com/5511/11272686845_96f9389bcd_m.jpg	240	136	http://farm6.staticflickr.com/5511/11272686845_96f9389bcd.jpg	500	284	http://farm6.staticflickr.com/5511/11272686845_96f9389bcd_b.jpg	1024	582	http://farm6.staticflickr.com/5511/11272686845_0338cf75fd_o.jpg	1611	916
01	Tinsley Brothers	Berlin under the New Empire, its institutions, inhabitants, industry ... With ... engravings, etc	VIZETELLY, Henry.		London	003807524		1879	http://www.flickr.com/photos/britishlibrary/11272797673	1	000229	11272797673	http://farm6.staticflickr.com/5525/11272797673_a405021fc1_m.jpg	221	240	http://farm6.staticflickr.com/5525/11272797673_a405021fc1.jpg	460	500	http://farm6.staticflickr.com/5525/11272797673_a405021fc1_b.jpg	943	1024	http://farm6.staticflickr.com/5525/11272797673_9bcc2e37cc_o.jpg	1180	1281
0		The Illustrated Guide to Sheffield and the surrounding district, etc	TAYLOR, John of Sheffield		Sheffield	003589731		1879	http://www.flickr.com/photos/britishlibrary/11272685445	1	000335	11272685445	http://farm4.staticflickr.com/3820/11272685445_c758c339db_m.jpg	189	240	http://farm4.staticflickr.com/3820/11272685445_c758c339db.jpg	393	500	http://farm4.staticflickr.com/3820/11272685445_c758c339db_b.jpg	805	1024	http://farm4.staticflickr.com/3820/11272685445_2ca7527d1e_o.jpg	1113	1415
0		Saint-Pierre de Rome. Ouvrage illustré, etc	LORBAC, Charles de.		Rome	002259706		1879	http://www.flickr.com/photos/britishlibrary/11272750524	1	000284	11272750524	http://farm3.staticflickr.com/2871/11272750524_fa07fe734a_m.jpg	240	203	http://farm3.staticflickr.com/2871/11272750524_fa07fe734a.jpg	500	422	http://farm3.staticflickr.com/2871/11272750524_fa07fe734a_b.jpg	1024	865	http://farm3.staticflickr.com/2871/11272750524_68e7f51c7a_o.jpg	1266	1070
01		Sahărâ und Sûdân. Ergebnisse sechsjähriger Reisen in Afrika. (Thl. 3 herausgegeben von E. Groddeck.)	NACHTIGAL, Gustav.		Berlin	002599811		1879	http://www.flickr.com/photos/britishlibrary/11272795463	1	000549	11272795463	http://farm8.staticflickr.com/7419/11272795463_2b70abea4e_m.jpg	240	179	http://farm8.staticflickr.com/7419/11272795463_2b70abea4e.jpg	500	373	http://farm8.staticflickr.com/7419/11272795463_2b70abea4e_b.jpg	1024	763	http://farm8.staticflickr.com/7419/11272795463_f647be1f62_o.jpg	1453	1083
01		Memorials of the Civil War between King Charles I. and the Parliament of England as it affected Herefordshire and the adjacent counties ... Edited and completed by ... T. W. Webb ... with an appendix of documents. [With illustrations.]	WEBB, John Rector of Tretyre, Herefordshire		London	003870802		1879	http://www.flickr.com/photos/britishlibrary/11272684225	1	000190	11272684225	http://farm6.staticflickr.com/5530/11272684225_ed980fb33d_m.jpg	240	219	http://farm6.staticflickr.com/5530/11272684225_ed980fb33d.jpg	500	457	http://farm6.staticflickr.com/5530/11272684225_ed980fb33d_b.jpg	1024	936	http://farm6.staticflickr.com/5530/11272684225_8a5fd2ec4c_o.jpg	1315	1202
02		Danmarks og Norges Historie i Slutningen af det 16de Aarhundrede	TROELS-LUND, Troels Frederik.		Kjøbenhavn	003677661		1879	http://www.flickr.com/photos/britishlibrary/11272795413	1	000342	11272795413	http://farm6.staticflickr.com/5522/11272795413_a6aaa72d03_m.jpg	240	149	http://farm6.staticflickr.com/5522/11272795413_a6aaa72d03.jpg	500	310	http://farm6.staticflickr.com/5522/11272795413_a6aaa72d03_b.jpg	1024	635	http://farm6.staticflickr.com/5522/11272795413_d449162e5f_o.jpg	1776	1102
0	Pickering & Co.	The History of the County of Monaghan	SHIRLEY, Evelyn Philip.		London	003370961		1879	http://www.flickr.com/photos/britishlibrary/11272794663	1	000048	11272794663	http://farm8.staticflickr.com/7426/11272794663_069d4df898_m.jpg	240	201	http://farm8.staticflickr.com/7426/11272794663_069d4df898.jpg	500	419	http://farm8.staticflickr.com/7426/11272794663_069d4df898_b.jpg	1024	858	http://farm8.staticflickr.com/7426/11272794663_5c7cbc9eb4_o.jpg	1298	1087
0		[Brazil and the Brazilians ... in historical and descriptive sketches ... Engravings.]	KIDDER, Daniel Parish and FLETCHER (James C.)		London	001961854		1879	http://www.flickr.com/photos/britishlibrary/11272793283	1	000352	11272793283	http://farm4.staticflickr.com/3823/11272793283_271b2f5acc_m.jpg	221	240	http://farm4.staticflickr.com/3823/11272793283_271b2f5acc.jpg	461	500	http://farm4.staticflickr.com/3823/11272793283_271b2f5acc_b.jpg	944	1024	http://farm4.staticflickr.com/3823/11272793283_0cf5e075ec_o.jpg	1286	1395
0	Waterlow & Sons	Up the River from Westminster to Windsor and Oxford; a descriptive panorama of Thames Scenery			London	003606029		1879	http://www.flickr.com/photos/britishlibrary/11272746034	1	000081	11272746034	http://farm4.staticflickr.com/3795/11272746034_0cd64c4046_m.jpg	240	184	http://farm4.staticflickr.com/3795/11272746034_0cd64c4046.jpg	500	383	http://farm4.staticflickr.com/3795/11272746034_0cd64c4046_b.jpg	1024	784	http://farm4.staticflickr.com/3795/11272746034_2bc5cc0595_o.jpg	1250	957
02	American News Company	Round the world with General Grant. A narrative of the visit of General U. S. Grant ... to various countries ... in 1877, 1878, 1879. To which are added certain conversations with General Grant on questions connected with American politics and history ... With ... illustrations	YOUNG, John Russell.		New York	004002305		1879	http://www.flickr.com/photos/britishlibrary/11272681305	1	000074	11272681305	http://farm6.staticflickr.com/5541/11272681305_f2123c4e2c_m.jpg	175	240	http://farm6.staticflickr.com/5541/11272681305_f2123c4e2c.jpg	365	500	http://farm6.staticflickr.com/5541/11272681305_f2123c4e2c_b.jpg	748	1024	http://farm6.staticflickr.com/5541/11272681305_8ffd1ea4cb_o.jpg	1193	1633
01		Paris à travers les siècles. Histoire nationale de Paris et des Parisiens depuis la fondation de Lutèce jusqu'à nos jours, etc	GOURDON DE GENOUILLAC, Nicolas Jules Henri.		Paris	001476975		1879	http://www.flickr.com/photos/britishlibrary/11272744974	2	000595	11272744974	http://farm4.staticflickr.com/3739/11272744974_a2a41fc1e0_m.jpg	165	240	http://farm4.staticflickr.com/3739/11272744974_a2a41fc1e0.jpg	343	500	http://farm4.staticflickr.com/3739/11272744974_a2a41fc1e0_b.jpg	703	1024	http://farm4.staticflickr.com/3739/11272744974_19c4918e53_o.jpg	1161	1691
02		Old and New London, etc	Thornbury, Walter	lsidyv3c47ab1a	London	003628788	ark:/81055/vdc_000000059328	1879	http://www.flickr.com/photos/britishlibrary/11272720656	1	000254	11272720656	http://farm3.staticflickr.com/2830/11272720656_85cdbbb094_m.jpg	240	163	http://farm3.staticflickr.com/2830/11272720656_85cdbbb094.jpg	500	340	http://farm3.staticflickr.com/2830/11272720656_85cdbbb094_b.jpg	1024	696	http://farm3.staticflickr.com/2830/11272720656_97e450fde0_o.jpg	1668	1133
0		Viaje á la Patagonia austral emprendido bajo los auspicios del Gobierno Nacional 1876-1877. tom. 1	MORENO, Francisco Josué Pascasio.		Buenos Aires	002546654		1879	http://www.flickr.com/photos/britishlibrary/11272792003	1	000234	11272792003	http://farm4.staticflickr.com/3766/11272792003_b10f18afa0_m.jpg	158	240	http://farm4.staticflickr.com/3766/11272792003_b10f18afa0.jpg	330	500	http://farm4.staticflickr.com/3766/11272792003_b10f18afa0_b.jpg	676	1024	http://farm4.staticflickr.com/3766/11272792003_c093912008_o.jpg	1027	1556
02	L. H. Everts	History of the Connecticut Valley in Massachusetts (by N. B. Sylvester), with illustrations and biographical sketches of some of its prominent men and pioneers [by other authors]	SYLVESTER, Nathaniel Bartlett.		Philadelphia	003562080		1879	http://www.flickr.com/photos/britishlibrary/11272678525	1	000554	11272678525	http://farm8.staticflickr.com/7342/11272678525_92530440ba_m.jpg	240	176	http://farm8.staticflickr.com/7342/11272678525_92530440ba.jpg	500	367	http://farm8.staticflickr.com/7342/11272678525_92530440ba_b.jpg	1024	751	http://farm8.staticflickr.com/7342/11272678525_02de1866e5_o.jpg	1483	1088
0	Lewis, Peck & Co.	History of Steuben County, New York, with illustrations and biographical sketches of some of its prominent men and pioneers	CLAYTON, W. Woodford.		Philadelphia	000719876		1879	http://www.flickr.com/photos/britishlibrary/11272743134	1	000438	11272743134	http://farm4.staticflickr.com/3745/11272743134_54c632f24a_m.jpg	240	181	http://farm4.staticflickr.com/3745/11272743134_54c632f24a.jpg	500	376	http://farm4.staticflickr.com/3745/11272743134_54c632f24a_b.jpg	1024	771	http://farm4.staticflickr.com/3745/11272743134_fc5cfbbbfd_o.jpg	1682	1266
0	The Mission Press	The manners and customs of the Chinese of the Straits Settlements	VAUGHAN, Jonas Daniel.	lsidyv3c6920e3	Singapore	003763775	ark:/81055/vdc_00000005AABC	1879	http://www.flickr.com/photos/britishlibrary/11272742734	1	000098	11272742734	http://farm8.staticflickr.com/7430/11272742734_362606939f_m.jpg	185	240	http://farm8.staticflickr.com/7430/11272742734_362606939f.jpg	386	500	http://farm8.staticflickr.com/7430/11272742734_362606939f_b.jpg	791	1024	http://farm8.staticflickr.com/7430/11272742734_e6721f0020_o.jpg	1106	1431
0	Religious Tract Society	The Lands of Scripture: comprising “Those Holy Fields”; “The Land of the Pharaohs” [both by S. M.]; “Pictures from Bible Lands” (edited by S. G. Green. The illustrations by E. Whymper, etc.)	MANNING, Samuel LL.D		London	002369128		1879	http://www.flickr.com/photos/britishlibrary/11272741034	1	000059	11272741034	http://farm6.staticflickr.com/5483/11272741034_b6d2b2b559_m.jpg	240	214	http://farm6.staticflickr.com/5483/11272741034_b6d2b2b559.jpg	500	445	http://farm6.staticflickr.com/5483/11272741034_b6d2b2b559_b.jpg	1024	912	http://farm6.staticflickr.com/5483/11272741034_c031acb349_o.jpg	1416	1261
0	Western Historical Company	The history of Henry County, Iowa. ... Illustrated			Chicago	001653329		1879	http://www.flickr.com/photos/britishlibrary/11272740994	1	000015	11272740994	http://farm4.staticflickr.com/3734/11272740994_4553da4f73_m.jpg	240	240	http://farm4.staticflickr.com/3734/11272740994_4553da4f73.jpg	500	500	http://farm4.staticflickr.com/3734/11272740994_4553da4f73_b.jpg	1024	1024	http://farm4.staticflickr.com/3734/11272740994_27a59b9580_o.jpg	1182	1182
0		The Children's fairy geography, or a merry trip round Europe	WINSLOW, Forbes Edward.	lsidyv3c92d153	London	003952456	ark:/81055/vdc_00000005BE18	1879	http://www.flickr.com/photos/britishlibrary/11272741494	1	000195	11272741494	http://farm4.staticflickr.com/3790/11272741494_7a7fa3b2bc_m.jpg	227	240	http://farm4.staticflickr.com/3790/11272741494_7a7fa3b2bc.jpg	474	500	http://farm4.staticflickr.com/3790/11272741494_7a7fa3b2bc_b.jpg	970	1024	http://farm4.staticflickr.com/3790/11272741494_d6e452efd9_o.jpg	1110	1172
0	Religious Tract Society	English Pictures drawn with pen and pencil	MANNING, Samuel LL.D. and GREEN (Samuel Gosnell)	lsidyv3c492c1d	London	002369135	ark:/81055/vdc_000000059460	1879	http://www.flickr.com/photos/britishlibrary/11272740334	1	000133	11272740334	http://farm6.staticflickr.com/5507/11272740334_d92007f11c_m.jpg	231	240	http://farm6.staticflickr.com/5507/11272740334_d92007f11c.jpg	480	500	http://farm6.staticflickr.com/5507/11272740334_d92007f11c_b.jpg	984	1024	http://farm6.staticflickr.com/5507/11272740334_b08b37e949_o.jpg	1065	1108
0		Les Rues du vieux Paris. Galerie populaire et pittoresque ... Ouvrage illustré de 165 gravures sur bois	FOURNEL, Victor.		Paris	001279089		1879	http://www.flickr.com/photos/britishlibrary/11272716116	1	000529	11272716116	http://farm6.staticflickr.com/5484/11272716116_74b427e842_m.jpg	240	191	http://farm6.staticflickr.com/5484/11272716116_74b427e842.jpg	500	398	http://farm6.staticflickr.com/5484/11272716116_74b427e842_b.jpg	1024	816	http://farm6.staticflickr.com/5484/11272716116_2c8b0c491f_o.jpg	1502	1197
01	American News Company	Round the world with General Grant. A narrative of the visit of General U. S. Grant ... to various countries ... in 1877, 1878, 1879. To which are added certain conversations with General Grant on questions connected with American politics and history ... With ... illustrations	YOUNG, John Russell.		New York	004002305		1879	http://www.flickr.com/photos/britishlibrary/11272715676	1	000201	11272715676	http://farm4.staticflickr.com/3834/11272715676_3d97ac1b50_m.jpg	240	187	http://farm4.staticflickr.com/3834/11272715676_3d97ac1b50.jpg	500	390	http://farm4.staticflickr.com/3834/11272715676_3d97ac1b50_b.jpg	1024	798	http://farm4.staticflickr.com/3834/11272715676_0c62324d83_o.jpg	1210	943
0	Moses King	King's Handbook of Boston. Profusely illustrated. [With a map.]	KING, Moses.		Cambridge, Mass	001968594		1879	http://www.flickr.com/photos/britishlibrary/11272738964	1	000185	11272738964	http://farm3.staticflickr.com/2894/11272738964_372f82777a_m.jpg	226	240	http://farm3.staticflickr.com/2894/11272738964_372f82777a.jpg	471	500	http://farm3.staticflickr.com/2894/11272738964_372f82777a_b.jpg	965	1024	http://farm3.staticflickr.com/2894/11272738964_62873c1f3b_o.jpg	1096	1163
0	Marcus Ward & Co.	Our Native Land, its scenery and associations. A series of 36 water-colour sketches after Rowbotham, Read, Needham, and other eminent artists. With descriptive notes. [The author of the text identified on the wrapper of pt. 1 as “the author of By Loch and by Land”, i.e. Jean L. Watson.]	WATSON, Jean L.		London	001140593		1879	http://www.flickr.com/photos/britishlibrary/11272738594	1	000243	11272738594	http://farm8.staticflickr.com/7346/11272738594_3ed817b143_m.jpg	240	180	http://farm8.staticflickr.com/7346/11272738594_3ed817b143.jpg	500	376	http://farm8.staticflickr.com/7346/11272738594_3ed817b143_b.jpg	1024	770	http://farm8.staticflickr.com/7346/11272738594_3bc951103e_o.jpg	1232	926
0		[Brazil and the Brazilians ... in historical and descriptive sketches ... Engravings.]	KIDDER, Daniel Parish and FLETCHER (James C.)		London	001961854		1879	http://www.flickr.com/photos/britishlibrary/11272738144	1	000170	11272738144	http://farm4.staticflickr.com/3777/11272738144_72628d30bc_m.jpg	240	162	http://farm4.staticflickr.com/3777/11272738144_72628d30bc.jpg	500	338	http://farm4.staticflickr.com/3777/11272738144_72628d30bc_b.jpg	1024	693	http://farm4.staticflickr.com/3777/11272738144_1e584f9cd0_o.jpg	1295	877
01	L. H. Everts	History of the Connecticut Valley in Massachusetts (by N. B. Sylvester), with illustrations and biographical sketches of some of its prominent men and pioneers [by other authors]	SYLVESTER, Nathaniel Bartlett.		Philadelphia	003562080		1879	http://www.flickr.com/photos/britishlibrary/11272784783	1	000437	11272784783	http://farm6.staticflickr.com/5485/11272784783_e260c14bcf_m.jpg	240	200	http://farm6.staticflickr.com/5485/11272784783_e260c14bcf.jpg	500	417	http://farm6.staticflickr.com/5485/11272784783_e260c14bcf_b.jpg	1024	853	http://farm6.staticflickr.com/5485/11272784783_5cdf51d63b_o.jpg	1532	1276
0	J. A. & R. A. Reid	The Past and the Present. Narragansett sea and shore. An illustrated guide to Providence, Newport, Narragansett Pier, Block Island, Watch Hill, Rocky Point, Silver Spring, and all the famous sea-side resorts of Rhode Island, with a map of Narragansett Bay	DENISON, Frederic.		Providence	000908069		1879	http://www.flickr.com/photos/britishlibrary/11272784543	1	000047	11272784543	http://farm8.staticflickr.com/7350/11272784543_688c94c821_m.jpg	184	240	http://farm8.staticflickr.com/7350/11272784543_688c94c821.jpg	384	500	http://farm8.staticflickr.com/7350/11272784543_688c94c821_b.jpg	786	1024	http://farm8.staticflickr.com/7350/11272784543_150ac6fe7c_o.jpg	1061	1382
01	American News Company	Round the world with General Grant. A narrative of the visit of General U. S. Grant ... to various countries ... in 1877, 1878, 1879. To which are added certain conversations with General Grant on questions connected with American politics and history ... With ... illustrations	YOUNG, John Russell.		New York	004002305		1879	http://www.flickr.com/photos/britishlibrary/11272736554	1	000610	11272736554	http://farm6.staticflickr.com/5532/11272736554_866b596b0e_m.jpg	240	175	http://farm6.staticflickr.com/5532/11272736554_866b596b0e.jpg	500	365	http://farm6.staticflickr.com/5532/11272736554_866b596b0e_b.jpg	1024	748	http://farm6.staticflickr.com/5532/11272736554_7e833ae67c_o.jpg	1708	1248
0	Waterlow & Sons	Up the River from Westminster to Windsor and Oxford; a descriptive panorama of Thames Scenery			London	003606029		1879	http://www.flickr.com/photos/britishlibrary/11272712286	1	000040	11272712286	http://farm8.staticflickr.com/7408/11272712286_1810f385a4_m.jpg	108	240	http://farm8.staticflickr.com/7408/11272712286_1810f385a4.jpg	225	500	http://farm8.staticflickr.com/7408/11272712286_1810f385a4_b.jpg	461	1024	http://farm8.staticflickr.com/7408/11272712286_2160139b67_o.jpg	697	1548
02	L. H. Everts	History of the Connecticut Valley in Massachusetts (by N. B. Sylvester), with illustrations and biographical sketches of some of its prominent men and pioneers [by other authors]	SYLVESTER, Nathaniel Bartlett.		Philadelphia	003562080		1879	http://www.flickr.com/photos/britishlibrary/11272670545	1	000583	11272670545	http://farm8.staticflickr.com/7438/11272670545_f7ddb07514_m.jpg	240	197	http://farm8.staticflickr.com/7438/11272670545_f7ddb07514.jpg	500	410	http://farm8.staticflickr.com/7438/11272670545_f7ddb07514_b.jpg	1024	840	http://farm8.staticflickr.com/7438/11272670545_f32d70f1f8_o.jpg	1296	1063
0		Очерки Русской Исторіи въ памятникахъ быта. pt. 1, 2	POLEVOI, Petr Nikolaevich.		С.-Петербургъ	002948284		1879	http://www.flickr.com/photos/britishlibrary/11272734904	1	000405	11272734904	http://farm6.staticflickr.com/5486/11272734904_6d0088ab44_m.jpg	240	219	http://farm6.staticflickr.com/5486/11272734904_6d0088ab44.jpg	500	457	http://farm6.staticflickr.com/5486/11272734904_6d0088ab44_b.jpg	1024	935	http://farm6.staticflickr.com/5486/11272734904_82b36ea3f2_o.jpg	1535	1401
03		Old and New London, etc	Thornbury, Walter	lsidyv3c47ab1a	London	003628788	ark:/81055/vdc_000000059328	1879	http://www.flickr.com/photos/britishlibrary/11272670075	1	000194	11272670075	http://farm3.staticflickr.com/2883/11272670075_8e61655341_m.jpg	240	187	http://farm3.staticflickr.com/2883/11272670075_8e61655341.jpg	500	389	http://farm3.staticflickr.com/2883/11272670075_8e61655341_b.jpg	1024	796	http://farm3.staticflickr.com/2883/11272670075_b88d6e44b6_o.jpg	1220	948
0	[Ward, Lock & Co.	[Charles O'Malley, the Irish Dragoon. Edited by Harry Lorrequer. [By C. J. L.]]	LEVER, Charles James.		London,] Perth [printed	002150760		1879	http://www.flickr.com/photos/britishlibrary/11272710206	1	000166	11272710206	http://farm8.staticflickr.com/7341/11272710206_7ff9c186c9_m.jpg	198	240	http://farm8.staticflickr.com/7341/11272710206_7ff9c186c9.jpg	412	500	http://farm8.staticflickr.com/7341/11272710206_7ff9c186c9_b.jpg	844	1024	http://farm8.staticflickr.com/7341/11272710206_ea10afd129_o.jpg	932	1131
03		Paris à travers les siècles. Histoire nationale de Paris et des Parisiens depuis la fondation de Lutèce jusqu'à nos jours, etc	GOURDON DE GENOUILLAC, Nicolas Jules Henri.		Paris	001476975		1879	http://www.flickr.com/photos/britishlibrary/11272780933	4	000447	11272780933	http://farm3.staticflickr.com/2874/11272780933_8c3530c2a2_m.jpg	240	165	http://farm3.staticflickr.com/2874/11272780933_8c3530c2a2.jpg	500	343	http://farm3.staticflickr.com/2874/11272780933_8c3530c2a2_b.jpg	1024	703	http://farm3.staticflickr.com/2874/11272780933_f39f91d1b3_o.jpg	1416	972
0	Religious Tract Society	English Pictures drawn with pen and pencil	MANNING, Samuel LL.D. and GREEN (Samuel Gosnell)	lsidyv3c492c1d	London	002369135	ark:/81055/vdc_000000059460	1879	http://www.flickr.com/photos/britishlibrary/11272733244	1	000083	11272733244	http://farm4.staticflickr.com/3757/11272733244_b21dd46db1_m.jpg	240	159	http://farm4.staticflickr.com/3757/11272733244_b21dd46db1.jpg	500	332	http://farm4.staticflickr.com/3757/11272733244_b21dd46db1_b.jpg	1024	680	http://farm4.staticflickr.com/3757/11272733244_2d1d59f5b4_o.jpg	1666	1107
0	J. A. & R. A. Reid	The Past and the Present. Narragansett sea and shore. An illustrated guide to Providence, Newport, Narragansett Pier, Block Island, Watch Hill, Rocky Point, Silver Spring, and all the famous sea-side resorts of Rhode Island, with a map of Narragansett Bay	DENISON, Frederic.		Providence	000908069		1879	http://www.flickr.com/photos/britishlibrary/11272732564	1	000085	11272732564	http://farm6.staticflickr.com/5481/11272732564_1845532018_m.jpg	240	74	http://farm6.staticflickr.com/5481/11272732564_1845532018.jpg	500	154	http://farm6.staticflickr.com/5481/11272732564_1845532018_b.jpg	1024	316	http://farm6.staticflickr.com/5481/11272732564_8a9c41b154_o.jpg	2431	751
0	Waterlow & Sons	Up the River from Westminster to Windsor and Oxford; a descriptive panorama of Thames Scenery			London	003606029		1879	http://www.flickr.com/photos/britishlibrary/11272779553	1	000163	11272779553	http://farm8.staticflickr.com/7411/11272779553_ca0f0b6318_m.jpg	149	240	http://farm8.staticflickr.com/7411/11272779553_ca0f0b6318.jpg	310	500	http://farm8.staticflickr.com/7411/11272779553_ca0f0b6318_b.jpg	635	1024	http://farm8.staticflickr.com/7411/11272779553_c33e021d12_o.jpg	866	1397
01	Tinsley Brothers	Berlin under the New Empire, its institutions, inhabitants, industry ... With ... engravings, etc	VIZETELLY, Henry.		London	003807524		1879	http://www.flickr.com/photos/britishlibrary/11272708256	2	000086	11272708256	http://farm4.staticflickr.com/3728/11272708256_f941d13fce_m.jpg	240	193	http://farm4.staticflickr.com/3728/11272708256_f941d13fce.jpg	500	402	http://farm4.staticflickr.com/3728/11272708256_f941d13fce_b.jpg	1024	823	http://farm4.staticflickr.com/3728/11272708256_fe4d71d192_o.jpg	1177	946
0	Everts & Ensign	History of Toga, Chemung, Tompkins, and Schuyler Counties, New York. With illustrations and biographical sketches of some of its prominent men and pioneers	PEIRCE, Henry B. and HURD (Duane Hamilton)		Philadelphia	002810116		1879	http://www.flickr.com/photos/britishlibrary/11272666355	1	000665	11272666355	http://farm8.staticflickr.com/7325/11272666355_1b69a5e62c_m.jpg	240	148	http://farm8.staticflickr.com/7325/11272666355_1b69a5e62c.jpg	500	309	http://farm8.staticflickr.com/7325/11272666355_1b69a5e62c_b.jpg	1024	633	http://farm8.staticflickr.com/7325/11272666355_998433bb40_o.jpg	1602	991
02		Narrative of a journey through the province of Khorassan and on the N.W. frontier of Afghanistan in 1875 ... With illustrations	MacGregor, Charles Metcalfe Sir	lsidyv3c71d1bc	London	002315775	ark:/81055/vdc_00000005B032	1879	http://www.flickr.com/photos/britishlibrary/11272730754	1	000024	11272730754	http://farm8.staticflickr.com/7445/11272730754_469353235e_m.jpg	137	240	http://farm8.staticflickr.com/7445/11272730754_469353235e.jpg	286	500	http://farm8.staticflickr.com/7445/11272730754_469353235e_b.jpg	586	1024	http://farm8.staticflickr.com/7445/11272730754_cd00819102_o.jpg	796	1391
02		Danmarks og Norges Historie i Slutningen af det 16de Aarhundrede	TROELS-LUND, Troels Frederik.		Kjøbenhavn	003677661		1879	http://www.flickr.com/photos/britishlibrary/11272731004	1	000340	11272731004	http://farm8.staticflickr.com/7401/11272731004_38b480fdaf_m.jpg	240	92	http://farm8.staticflickr.com/7401/11272731004_38b480fdaf.jpg	500	191	http://farm8.staticflickr.com/7401/11272731004_38b480fdaf_b.jpg	1024	391	http://farm8.staticflickr.com/7401/11272731004_9417599233_o.jpg	2096	800
01	D. Appleton & Co.	[Appleton's European Guide Book illustrated. Including England, Scotland, and Ireland, France, Belgium, Holland, Northern and Southern Germany, Switzerland, Italy, Spain and Portugal, Russia, Denmark, Norway, and Sweden. Containing ... maps, etc.]	APPLETON, Daniel AND CO	lsidyv3cbe7355	New York; Longmans & Co	000100280	ark:/81055/vdc_00000005D9DE	1879	http://www.flickr.com/photos/britishlibrary/11272665035	1	000409	11272665035	http://farm4.staticflickr.com/3770/11272665035_a1daee25c2_m.jpg	240	147	http://farm4.staticflickr.com/3770/11272665035_a1daee25c2.jpg	500	307	http://farm4.staticflickr.com/3770/11272665035_a1daee25c2_b.jpg	1024	628	http://farm4.staticflickr.com/3770/11272665035_e4d1ae3f29_o.jpg	1607	985
0	Religious Tract Society	The Lands of Scripture: comprising “Those Holy Fields”; “The Land of the Pharaohs” [both by S. M.]; “Pictures from Bible Lands” (edited by S. G. Green. The illustrations by E. Whymper, etc.)	MANNING, Samuel LL.D		London	002369128		1879	http://www.flickr.com/photos/britishlibrary/11272664785	1	000108	11272664785	http://farm8.staticflickr.com/7458/11272664785_c737e27930_m.jpg	240	167	http://farm8.staticflickr.com/7458/11272664785_c737e27930.jpg	500	348	http://farm8.staticflickr.com/7458/11272664785_c737e27930_b.jpg	1024	713	http://farm8.staticflickr.com/7458/11272664785_3ba91e55c4_o.jpg	1547	1077
0	J. Tweed	The Annals of Dumfermline and vicinity ... 1069-1878. Interspersed with ... notes, ... and ... engravings	HENDERSON, Ebenezer LL.D., F.R.A.S		Glasgow	001648659		1879	http://www.flickr.com/photos/britishlibrary/11272729734	1	000545	11272729734	http://farm3.staticflickr.com/2812/11272729734_78a5542644_m.jpg	158	240	http://farm3.staticflickr.com/2812/11272729734_78a5542644.jpg	329	500	http://farm3.staticflickr.com/2812/11272729734_78a5542644_b.jpg	673	1024	http://farm3.staticflickr.com/2812/11272729734_7148943b12_o.jpg	1056	1607
0	John Murray	[The Student's Manual of Modern Geography. Mathematical, physical, and descriptive.]	BEVAN, William Latham.	lsidyv3ca2f2a9	London	000307737	ark:/81055/vdc_00000005C7F6	1879	http://www.flickr.com/photos/britishlibrary/11272663525	1	000080	11272663525	http://farm6.staticflickr.com/5522/11272663525_a2b5309d6e_m.jpg	205	240	http://farm6.staticflickr.com/5522/11272663525_a2b5309d6e.jpg	428	500	http://farm6.staticflickr.com/5522/11272663525_a2b5309d6e_b.jpg	876	1024	http://farm6.staticflickr.com/5522/11272663525_0fdb299b51_o.jpg	1048	1225
0	Lewis, Peck & Co.	History of Steuben County, New York, with illustrations and biographical sketches of some of its prominent men and pioneers	CLAYTON, W. Woodford.		Philadelphia	000719876		1879	http://www.flickr.com/photos/britishlibrary/11272704436	1	000801	11272704436	http://farm8.staticflickr.com/7290/11272704436_099d476ec2_m.jpg	240	169	http://farm8.staticflickr.com/7290/11272704436_099d476ec2.jpg	500	353	http://farm8.staticflickr.com/7290/11272704436_099d476ec2_b.jpg	1024	722	http://farm8.staticflickr.com/7290/11272704436_e08143e731_o.jpg	1531	1080
0	Moses King	King's Handbook of Boston. Profusely illustrated. [With a map.]	KING, Moses.		Cambridge, Mass	001968594		1879	http://www.flickr.com/photos/britishlibrary/11272704256	1	000174	11272704256	http://farm4.staticflickr.com/3783/11272704256_6d8af76bcb_m.jpg	240	167	http://farm4.staticflickr.com/3783/11272704256_6d8af76bcb.jpg	500	348	http://farm4.staticflickr.com/3783/11272704256_6d8af76bcb_b.jpg	1024	713	http://farm4.staticflickr.com/3783/11272704256_19a7e6899f_o.jpg	1288	897
0	O. L. Baskin Co.	The history of Menard and Mason Counties, Illinois, containing a history of the counties [by R. D. Miller and J. M. Ruggles], ... statistics, &c. Illustrated			Chicago	002456488		1879	http://www.flickr.com/photos/britishlibrary/11272774723	1	000016	11272774723	http://farm4.staticflickr.com/3773/11272774723_f99e7f0d5c_m.jpg	237	240	http://farm4.staticflickr.com/3773/11272774723_f99e7f0d5c.jpg	494	500	http://farm4.staticflickr.com/3773/11272774723_f99e7f0d5c_b.jpg	1012	1024	http://farm4.staticflickr.com/3773/11272774723_d2de1fa8a1_o.jpg	1173	1187
0	Marcus Ward & Co.	Our Native Land, its scenery and associations. A series of 36 water-colour sketches after Rowbotham, Read, Needham, and other eminent artists. With descriptive notes. [The author of the text identified on the wrapper of pt. 1 as “the author of By Loch and by Land”, i.e. Jean L. Watson.]	WATSON, Jean L.		London	001140593		1879	http://www.flickr.com/photos/britishlibrary/11272661855	1	000248	11272661855	http://farm8.staticflickr.com/7449/11272661855_6f5c098e27_m.jpg	164	240	http://farm8.staticflickr.com/7449/11272661855_6f5c098e27.jpg	342	500	http://farm8.staticflickr.com/7449/11272661855_6f5c098e27_b.jpg	700	1024	http://farm8.staticflickr.com/7449/11272661855_31fc244dfd_o.jpg	1083	1585
02	Tinsley Brothers	Berlin under the New Empire, its institutions, inhabitants, industry ... With ... engravings, etc	VIZETELLY, Henry.		London	003807524		1879	http://www.flickr.com/photos/britishlibrary/11272726544	1	000352	11272726544	http://farm8.staticflickr.com/7314/11272726544_38a0135e6e_m.jpg	240	176	http://farm8.staticflickr.com/7314/11272726544_38a0135e6e.jpg	500	366	http://farm8.staticflickr.com/7314/11272726544_38a0135e6e_b.jpg	1024	750	http://farm8.staticflickr.com/7314/11272726544_760bbd653a_o.jpg	1305	956
0	Published by the Author	History of Grafton, Worcester County, Massachusetts ... Including the genealogies of seventy-nine of the older families	PEIRCE, Frederick Clifton.		Worcester [Mass.]	002810106		1879	http://www.flickr.com/photos/britishlibrary/11272772693	1	000501	11272772693	http://farm3.staticflickr.com/2836/11272772693_07d4e67c96_m.jpg	240	188	http://farm3.staticflickr.com/2836/11272772693_07d4e67c96.jpg	500	392	http://farm3.staticflickr.com/2836/11272772693_07d4e67c96_b.jpg	1024	802	http://farm3.staticflickr.com/2836/11272772693_2b0a261179_o.jpg	1570	1230
01	American News Company	Round the world with General Grant. A narrative of the visit of General U. S. Grant ... to various countries ... in 1877, 1878, 1879. To which are added certain conversations with General Grant on questions connected with American politics and history ... With ... illustrations	YOUNG, John Russell.		New York	004002305		1879	http://www.flickr.com/photos/britishlibrary/11272660335	1	000390	11272660335	http://farm3.staticflickr.com/2841/11272660335_1d693d578a_m.jpg	146	240	http://farm3.staticflickr.com/2841/11272660335_1d693d578a.jpg	305	500	http://farm3.staticflickr.com/2841/11272660335_1d693d578a_b.jpg	624	1024	http://farm3.staticflickr.com/2841/11272660335_5065956f01_o.jpg	982	1612
0	Union Historical Co.	The History of Madison County ... Illustrated			Des Moines	002336728		1879	http://www.flickr.com/photos/britishlibrary/11272700576	1	000355	11272700576	http://farm6.staticflickr.com/5526/11272700576_3eebdfdc7c_m.jpg	240	163	http://farm6.staticflickr.com/5526/11272700576_3eebdfdc7c.jpg	500	340	http://farm6.staticflickr.com/5526/11272700576_3eebdfdc7c_b.jpg	1024	696	http://farm6.staticflickr.com/5526/11272700576_f53561b585_o.jpg	1733	1178
0	John Murray	[The Student's Manual of Modern Geography. Mathematical, physical, and descriptive.]	BEVAN, William Latham.	lsidyv3ca2f2a9	London	000307737	ark:/81055/vdc_00000005C7F6	1879	http://www.flickr.com/photos/britishlibrary/11272770733	1	000625	11272770733	http://farm8.staticflickr.com/7342/11272770733_bae5e79f06_m.jpg	168	240	http://farm8.staticflickr.com/7342/11272770733_bae5e79f06.jpg	350	500	http://farm8.staticflickr.com/7342/11272770733_bae5e79f06_b.jpg	716	1024	http://farm8.staticflickr.com/7342/11272770733_b18833414c_o.jpg	857	1225
0		[Brazil and the Brazilians ... in historical and descriptive sketches ... Engravings.]	KIDDER, Daniel Parish and FLETCHER (James C.)		London	001961854		1879	http://www.flickr.com/photos/britishlibrary/11272699426	1	000520	11272699426	http://farm6.staticflickr.com/5524/11272699426_991741b5cb_m.jpg	142	240	http://farm6.staticflickr.com/5524/11272699426_991741b5cb.jpg	296	500	http://farm6.staticflickr.com/5524/11272699426_991741b5cb_b.jpg	606	1024	http://farm6.staticflickr.com/5524/11272699426_49f06769e7_o.jpg	812	1371
0	Cassell, Petter, Galpin & Co.	Morocco: its people and places ... Translated by C. Rollin-Tilton. With ... illustrations	AMICIS, Edmondo de.	lsidyv3c6b00d2	London	000070870	ark:/81055/vdc_00000005AC0C	1879	http://www.flickr.com/photos/britishlibrary/11272658805	1	000020	11272658805	http://farm4.staticflickr.com/3774/11272658805_d1440f8421_m.jpg	240	131	http://farm4.staticflickr.com/3774/11272658805_d1440f8421.jpg	500	272	http://farm4.staticflickr.com/3774/11272658805_d1440f8421_b.jpg	1024	557	http://farm4.staticflickr.com/3774/11272658805_b5e2ed9490_o.jpg	1976	1075
0	Simpkin, Marshall & Co.	[Canterbury in the Olden Time, from the municipal archives and other sources. [With illustrations and plans.]]	BRENT, John F.S.A	lsidyv3c4b2696	London	000465042	ark:/81055/vdc_000000059610	1879	http://www.flickr.com/photos/britishlibrary/11272769613	1	000324	11272769613	http://farm4.staticflickr.com/3689/11272769613_2e83e56960_m.jpg	240	160	http://farm4.staticflickr.com/3689/11272769613_2e83e56960.jpg	500	333	http://farm4.staticflickr.com/3689/11272769613_2e83e56960_b.jpg	1024	682	http://farm4.staticflickr.com/3689/11272769613_497a6c79c0_o.jpg	1675	1116
01	American News Company	Round the world with General Grant. A narrative of the visit of General U. S. Grant ... to various countries ... in 1877, 1878, 1879. To which are added certain conversations with General Grant on questions connected with American politics and history ... With ... illustrations	YOUNG, John Russell.		New York	004002305		1879	http://www.flickr.com/photos/britishlibrary/11272721724	1	000350	11272721724	http://farm3.staticflickr.com/2829/11272721724_28bcd34699_m.jpg	240	175	http://farm3.staticflickr.com/2829/11272721724_28bcd34699.jpg	500	365	http://farm3.staticflickr.com/2829/11272721724_28bcd34699_b.jpg	1024	748	http://farm3.staticflickr.com/2829/11272721724_d99d9aa6b1_o.jpg	1717	1255
0	J. Tweed	The Annals of Dumfermline and vicinity ... 1069-1878. Interspersed with ... notes, ... and ... engravings	HENDERSON, Ebenezer LL.D., F.R.A.S		Glasgow	001648659		1879	http://www.flickr.com/photos/britishlibrary/11272769243	1	000110	11272769243	http://farm6.staticflickr.com/5542/11272769243_e3b6458a13_m.jpg	240	228	http://farm6.staticflickr.com/5542/11272769243_e3b6458a13.jpg	500	476	http://farm6.staticflickr.com/5542/11272769243_e3b6458a13_b.jpg	1024	974	http://farm6.staticflickr.com/5542/11272769243_443a219d4b_o.jpg	1241	1181
0		Reise nach West-Sibirien im Jahre 1876. Auf Veranstaltung des Vereins für die Deutsche Nordpolarfahrt in Bremen unternommen mit Dr. A. E. Brehm und Karl Graf v. Waldburg-Zeil-Trauchburg, von Dr. O. F., etc	Finsch, O. (Otto)		Berlin	001238638		1879	http://www.flickr.com/photos/britishlibrary/11272768123	1	000123	11272768123	http://farm4.staticflickr.com/3689/11272768123_3111b45090_m.jpg	141	240	http://farm4.staticflickr.com/3689/11272768123_3111b45090.jpg	294	500	http://farm4.staticflickr.com/3689/11272768123_3111b45090_b.jpg	603	1024	http://farm4.staticflickr.com/3689/11272768123_16ee9a6926_o.jpg	902	1532
0		The Children's fairy geography, or a merry trip round Europe	WINSLOW, Forbes Edward.	lsidyv3c92d153	London	003952456	ark:/81055/vdc_00000005BE18	1879	http://www.flickr.com/photos/britishlibrary/11272696516	1	000027	11272696516	http://farm3.staticflickr.com/2813/11272696516_2d8cfd9186_m.jpg	136	240	http://farm3.staticflickr.com/2813/11272696516_2d8cfd9186.jpg	284	500	http://farm3.staticflickr.com/2813/11272696516_2d8cfd9186_b.jpg	582	1024	http://farm3.staticflickr.com/2813/11272696516_9c0051406e_o.jpg	817	1437
01		Paris à travers les siècles. Histoire nationale de Paris et des Parisiens depuis la fondation de Lutèce jusqu'à nos jours, etc	GOURDON DE GENOUILLAC, Nicolas Jules Henri.		Paris	001476975		1879	http://www.flickr.com/photos/britishlibrary/11272696236	1	000141	11272696236	http://farm8.staticflickr.com/7408/11272696236_e75d862d52_m.jpg	240	169	http://farm8.staticflickr.com/7408/11272696236_e75d862d52.jpg	500	351	http://farm8.staticflickr.com/7408/11272696236_e75d862d52_b.jpg	1024	719	http://farm8.staticflickr.com/7408/11272696236_4a724b124c_o.jpg	1318	925
01	American News Company	Round the world with General Grant. A narrative of the visit of General U. S. Grant ... to various countries ... in 1877, 1878, 1879. To which are added certain conversations with General Grant on questions connected with American politics and history ... With ... illustrations	YOUNG, John Russell.		New York	004002305		1879	http://www.flickr.com/photos/britishlibrary/11272694906	1	000029	11272694906	http://farm8.staticflickr.com/7428/11272694906_cb55294a03_m.jpg	169	240	http://farm8.staticflickr.com/7428/11272694906_cb55294a03.jpg	353	500	http://farm8.staticflickr.com/7428/11272694906_cb55294a03_b.jpg	722	1024	http://farm8.staticflickr.com/7428/11272694906_f52cc40869_o.jpg	1208	1713
0	Cassell, Petter, Galpin & Co.	Morocco: its people and places ... Translated by C. Rollin-Tilton. With ... illustrations	AMICIS, Edmondo de.	lsidyv3c6b00d2	London	000070870	ark:/81055/vdc_00000005AC0C	1879	http://www.flickr.com/photos/britishlibrary/11272719214	1	000170	11272719214	http://farm4.staticflickr.com/3704/11272719214_3ae85df08d_m.jpg	240	81	http://farm4.staticflickr.com/3704/11272719214_3ae85df08d.jpg	500	169	http://farm4.staticflickr.com/3704/11272719214_3ae85df08d_b.jpg	1024	346	http://farm4.staticflickr.com/3704/11272719214_a3efb012f7_o.jpg	1763	596
0	Blackie & Son	A Thousand Miles' Cruise in the Silver Cloud: from Dundee to France and back in a small boat ... Second edition	FORWELL, William.	lsidyv3c9cb959	Glasgow	001274687	ark:/81055/vdc_00000005C4CC	1879	http://www.flickr.com/photos/britishlibrary/11272765893	1	000040	11272765893	http://farm3.staticflickr.com/2853/11272765893_8f50210ebe_m.jpg	193	240	http://farm3.staticflickr.com/2853/11272765893_8f50210ebe.jpg	401	500	http://farm3.staticflickr.com/2853/11272765893_8f50210ebe_b.jpg	822	1024	http://farm3.staticflickr.com/2853/11272765893_16cb7c50ab_o.jpg	942	1174
0	Religious Tract Society	English Pictures drawn with pen and pencil	MANNING, Samuel LL.D. and GREEN (Samuel Gosnell)	lsidyv3c492c1d	London	002369135	ark:/81055/vdc_000000059460	1879	http://www.flickr.com/photos/britishlibrary/11272693696	1	000166	11272693696	http://farm3.staticflickr.com/2825/11272693696_12afd174f1_m.jpg	240	189	http://farm3.staticflickr.com/2825/11272693696_12afd174f1.jpg	500	394	http://farm3.staticflickr.com/2825/11272693696_12afd174f1_b.jpg	1024	806	http://farm3.staticflickr.com/2825/11272693696_a9f5563669_o.jpg	1626	1280
0	Western Historical Company	The History of Muscatine County, Iowa ... Illustrated			Chicago	002592978		1879	http://www.flickr.com/photos/britishlibrary/11272652005	2	000015	11272652005	http://farm3.staticflickr.com/2833/11272652005_12a2292562_m.jpg	240	240	http://farm3.staticflickr.com/2833/11272652005_12a2292562.jpg	500	500	http://farm3.staticflickr.com/2833/11272652005_12a2292562_b.jpg	1024	1024	http://farm3.staticflickr.com/2833/11272652005_2098f7194d_o.jpg	1187	1187
0	A. Williams & Co.	History of the town of Hollis, New Hampshire, from its first settlement to ... 1879. ... Illustrated, etc	WORCESTER, Samuel T.		Boston [Mass.]	003975907		1879	http://www.flickr.com/photos/britishlibrary/11272717184	1	000365	11272717184	http://farm3.staticflickr.com/2886/11272717184_c22a0ac255_m.jpg	240	207	http://farm3.staticflickr.com/2886/11272717184_c22a0ac255.jpg	500	432	http://farm3.staticflickr.com/2886/11272717184_c22a0ac255_b.jpg	1024	885	http://farm3.staticflickr.com/2886/11272717184_a04a6e97c5_o.jpg	1522	1316
0	Everts & Ensign	History of Toga, Chemung, Tompkins, and Schuyler Counties, New York. With illustrations and biographical sketches of some of its prominent men and pioneers	PEIRCE, Henry B. and HURD (Duane Hamilton)		Philadelphia	002810116		1879	http://www.flickr.com/photos/britishlibrary/11272691756	1	000308	11272691756	http://farm8.staticflickr.com/7356/11272691756_80bf6074d9_m.jpg	240	161	http://farm8.staticflickr.com/7356/11272691756_80bf6074d9.jpg	500	336	http://farm8.staticflickr.com/7356/11272691756_80bf6074d9_b.jpg	1024	689	http://farm8.staticflickr.com/7356/11272691756_0e14f7cfe8_o.jpg	1460	983
0	Everts & Abbott	History of Hillsdale County, Michigan, with illustrations and biographical sketches of some of its prominent men, etc	Johnson, Crisfield.		Philadelphia	001884500		1879	http://www.flickr.com/photos/britishlibrary/11272763493	2	000380	11272763493	http://farm6.staticflickr.com/5489/11272763493_4b7dc27bfa_m.jpg	240	192	http://farm6.staticflickr.com/5489/11272763493_4b7dc27bfa.jpg	500	399	http://farm6.staticflickr.com/5489/11272763493_4b7dc27bfa_b.jpg	1024	818	http://farm6.staticflickr.com/5489/11272763493_3d5cdd9b12_o.jpg	1187	948
0		[Voyage aux pays annexés. Suite et fin du Voyage au pays des Milliards.]	TISSOT, Victor.		Paris	003643050		1879	http://www.flickr.com/photos/britishlibrary/11272762243	1	000102	11272762243	http://farm8.staticflickr.com/7385/11272762243_c837f31be8_m.jpg	134	240	http://farm8.staticflickr.com/7385/11272762243_c837f31be8.jpg	280	500	http://farm8.staticflickr.com/7385/11272762243_c837f31be8_b.jpg	573	1024	http://farm8.staticflickr.com/7385/11272762243_cd7021ac65_o.jpg	901	1611
0		Reise nach West-Sibirien im Jahre 1876. Auf Veranstaltung des Vereins für die Deutsche Nordpolarfahrt in Bremen unternommen mit Dr. A. E. Brehm und Karl Graf v. Waldburg-Zeil-Trauchburg, von Dr. O. F., etc	Finsch, O. (Otto)		Berlin	001238638		1879	http://www.flickr.com/photos/britishlibrary/11272761723	1	000445	11272761723	http://farm8.staticflickr.com/7408/11272761723_7ec801aa31_m.jpg	185	240	http://farm8.staticflickr.com/7408/11272761723_7ec801aa31.jpg	385	500	http://farm8.staticflickr.com/7408/11272761723_7ec801aa31_b.jpg	788	1024	http://farm8.staticflickr.com/7408/11272761723_0353531ff0_o.jpg	1013	1316
0		Reise nach West-Sibirien im Jahre 1876. Auf Veranstaltung des Vereins für die Deutsche Nordpolarfahrt in Bremen unternommen mit Dr. A. E. Brehm und Karl Graf v. Waldburg-Zeil-Trauchburg, von Dr. O. F., etc	Finsch, O. (Otto)		Berlin	001238638		1879	http://www.flickr.com/photos/britishlibrary/11272713964	2	000601	11272713964	http://farm6.staticflickr.com/5485/11272713964_6447292104_m.jpg	177	240	http://farm6.staticflickr.com/5485/11272713964_6447292104.jpg	370	500	http://farm6.staticflickr.com/5485/11272713964_6447292104_b.jpg	757	1024	http://farm6.staticflickr.com/5485/11272713964_339acb3f52_o.jpg	956	1293
01	Tinsley Brothers	Berlin under the New Empire, its institutions, inhabitants, industry ... With ... engravings, etc	VIZETELLY, Henry.		London	003807524		1879	http://www.flickr.com/photos/britishlibrary/11272688996	1	000021	11272688996	http://farm3.staticflickr.com/2808/11272688996_f9128d6e39_m.jpg	133	240	http://farm3.staticflickr.com/2808/11272688996_f9128d6e39.jpg	277	500	http://farm3.staticflickr.com/2808/11272688996_f9128d6e39_b.jpg	568	1024	http://farm3.staticflickr.com/2808/11272688996_15b8d089b4_o.jpg	788	1421
0	Netherton & Worth	[Peeps into the Haunts and Homes of the Rural Population of Cornwall. Being reminiscences of Cornish character and characteristics, etc.]	TREGELLAS, John Tabois.	lsidyv3c0f7179	Truro	003669474	ark:/81055/vdc_00000005644E	1879	http://www.flickr.com/photos/britishlibrary/11272713044	1	000190	11272713044	http://farm4.staticflickr.com/3682/11272713044_b5fc256c0d_m.jpg	240	131	http://farm4.staticflickr.com/3682/11272713044_b5fc256c0d.jpg	500	273	http://farm4.staticflickr.com/3682/11272713044_b5fc256c0d_b.jpg	1024	560	http://farm4.staticflickr.com/3682/11272713044_a6f17d709a_o.jpg	1483	811
0	Cassell, Petter, Galpin & Co.	Morocco: its people and places ... Translated by C. Rollin-Tilton. With ... illustrations	AMICIS, Edmondo de.	lsidyv3c6b00d2	London	000070870	ark:/81055/vdc_00000005AC0C	1879	http://www.flickr.com/photos/britishlibrary/11272688566	1	000016	11272688566	http://farm8.staticflickr.com/7319/11272688566_9a7ff54868_m.jpg	139	240	http://farm8.staticflickr.com/7319/11272688566_9a7ff54868.jpg	290	500	http://farm8.staticflickr.com/7319/11272688566_9a7ff54868_b.jpg	593	1024	http://farm8.staticflickr.com/7319/11272688566_771f25b3a6_o.jpg	891	1538
0	Everts & Ensign	History of Toga, Chemung, Tompkins, and Schuyler Counties, New York. With illustrations and biographical sketches of some of its prominent men and pioneers	PEIRCE, Henry B. and HURD (Duane Hamilton)		Philadelphia	002810116		1879	http://www.flickr.com/photos/britishlibrary/11272759163	1	000407	11272759163	http://farm3.staticflickr.com/2820/11272759163_900084a003_m.jpg	240	166	http://farm3.staticflickr.com/2820/11272759163_900084a003.jpg	500	346	http://farm3.staticflickr.com/2820/11272759163_900084a003_b.jpg	1024	708	http://farm3.staticflickr.com/2820/11272759163_3165786190_o.jpg	1531	1058
01		Memorials of the Civil War between King Charles I. and the Parliament of England as it affected Herefordshire and the adjacent counties ... Edited and completed by ... T. W. Webb ... with an appendix of documents. [With illustrations.]	WEBB, John Rector of Tretyre, Herefordshire		London	003870802		1879	http://www.flickr.com/photos/britishlibrary/11272758693	1	000347	11272758693	http://farm8.staticflickr.com/7437/11272758693_3caa6a8550_m.jpg	240	229	http://farm8.staticflickr.com/7437/11272758693_3caa6a8550.jpg	500	477	http://farm8.staticflickr.com/7437/11272758693_3caa6a8550_b.jpg	1024	977	http://farm8.staticflickr.com/7437/11272758693_3487df9f4b_o.jpg	1468	1401
0		A History of the Town of Franklin, Mass.; from its settlement to the completion of its first century, 2d March, 1878; with genealogical notices of its earliest families, sketches of its professional men, and a report of the centennial celebration. By Mortimer Blake	BLAKE, Mortimer.		Franklin	001311432		1879	http://www.flickr.com/photos/britishlibrary/11272758053	1	000346	11272758053	http://farm6.staticflickr.com/5522/11272758053_4e207784ee_m.jpg	240	231	http://farm6.staticflickr.com/5522/11272758053_4e207784ee.jpg	500	481	http://farm6.staticflickr.com/5522/11272758053_4e207784ee_b.jpg	1024	986	http://farm6.staticflickr.com/5522/11272758053_e5e6563b46_o.jpg	1366	1315
0	Religious Tract Society	The Lands of Scripture: comprising “Those Holy Fields”; “The Land of the Pharaohs” [both by S. M.]; “Pictures from Bible Lands” (edited by S. G. Green. The illustrations by E. Whymper, etc.)	MANNING, Samuel LL.D		London	002369128		1879	http://www.flickr.com/photos/britishlibrary/11272757293	1	000303	11272757293	http://farm4.staticflickr.com/3793/11272757293_53566f5f82_m.jpg	60	240	http://farm4.staticflickr.com/3793/11272757293_53566f5f82.jpg	126	500	http://farm4.staticflickr.com/3793/11272757293_53566f5f82_b.jpg	258	1024	http://farm4.staticflickr.com/3793/11272757293_10bea9c141_o.jpg	506	2008
01	William Mackenzie	The National Burns. Edited by Rev. George Gilfillan, including the airs of all the songs, and an original life of Burns by the editor. [With plates, including portraits.]	Burns, Robert		Glasgow	000543200		1879	http://www.flickr.com/photos/britishlibrary/11272645885	1	000167	11272645885	http://farm6.staticflickr.com/5549/11272645885_5f04b15e56_m.jpg	240	193	http://farm6.staticflickr.com/5549/11272645885_5f04b15e56.jpg	500	402	http://farm6.staticflickr.com/5549/11272645885_5f04b15e56_b.jpg	1024	823	http://farm6.staticflickr.com/5549/11272645885_2ca263c7c2_o.jpg	1543	1240
02	American News Company	Round the world with General Grant. A narrative of the visit of General U. S. Grant ... to various countries ... in 1877, 1878, 1879. To which are added certain conversations with General Grant on questions connected with American politics and history ... With ... illustrations	YOUNG, John Russell.		New York	004002305		1879	http://www.flickr.com/photos/britishlibrary/11272645055	1	000318	11272645055	http://farm8.staticflickr.com/7404/11272645055_41ab38db8b_m.jpg	167	240	http://farm8.staticflickr.com/7404/11272645055_41ab38db8b.jpg	348	500	http://farm8.staticflickr.com/7404/11272645055_41ab38db8b_b.jpg	712	1024	http://farm8.staticflickr.com/7404/11272645055_7271dacf10_o.jpg	1143	1645
01		Sahărâ und Sûdân. Ergebnisse sechsjähriger Reisen in Afrika. (Thl. 3 herausgegeben von E. Groddeck.)	NACHTIGAL, Gustav.		Berlin	002599811		1879	http://www.flickr.com/photos/britishlibrary/11272708704	1	000094	11272708704	http://farm3.staticflickr.com/2865/11272708704_6017cb7cd1_m.jpg	240	176	http://farm3.staticflickr.com/2865/11272708704_6017cb7cd1.jpg	500	367	http://farm3.staticflickr.com/2865/11272708704_6017cb7cd1_b.jpg	1024	752	http://farm3.staticflickr.com/2865/11272708704_3832ab03f8_o.jpg	1276	937
0	W. H. Luke	Illustrated Handbook to Plymouth, Stonehouse & Devonport, with a new map ... New and enlarged edition	WRIGHT, William Henry Kearley.		Plymouth	003985100		1879	http://www.flickr.com/photos/britishlibrary/11272708474	1	000185	11272708474	http://farm8.staticflickr.com/7339/11272708474_9d65155c97_m.jpg	168	240	http://farm8.staticflickr.com/7339/11272708474_9d65155c97.jpg	349	500	http://farm8.staticflickr.com/7339/11272708474_9d65155c97_b.jpg	715	1024	http://farm8.staticflickr.com/7339/11272708474_8426c60fef_o.jpg	885	1267
02	American News Company	Round the world with General Grant. A narrative of the visit of General U. S. Grant ... to various countries ... in 1877, 1878, 1879. To which are added certain conversations with General Grant on questions connected with American politics and history ... With ... illustrations	YOUNG, John Russell.		New York	004002305		1879	http://www.flickr.com/photos/britishlibrary/11272683446	1	000224	11272683446	http://farm6.staticflickr.com/5496/11272683446_301c15bf77_m.jpg	160	240	http://farm6.staticflickr.com/5496/11272683446_301c15bf77.jpg	333	500	http://farm6.staticflickr.com/5496/11272683446_301c15bf77_b.jpg	683	1024	http://farm6.staticflickr.com/5496/11272683446_4c1e813fc8_o.jpg	1118	1676
0	Wesleyan Conference Office	British Rule in South Africa. Illustrated in the Story of Kama and his tribe, and of the war in Zululand	HOLDEN, William Clifford.		London	001711117		1879	http://www.flickr.com/photos/britishlibrary/11272754293	1	000066	11272754293	http://farm3.staticflickr.com/2852/11272754293_5d4256d0ec_m.jpg	240	180	http://farm3.staticflickr.com/2852/11272754293_5d4256d0ec.jpg	500	375	http://farm3.staticflickr.com/2852/11272754293_5d4256d0ec_b.jpg	1024	769	http://farm3.staticflickr.com/2852/11272754293_3eb5769d30_o.jpg	1560	1171
02	American News Company	Round the world with General Grant. A narrative of the visit of General U. S. Grant ... to various countries ... in 1877, 1878, 1879. To which are added certain conversations with General Grant on questions connected with American politics and history ... With ... illustrations	YOUNG, John Russell.		New York	004002305		1879	http://www.flickr.com/photos/britishlibrary/11272707344	1	000300	11272707344	http://farm8.staticflickr.com/7323/11272707344_1a561767e9_m.jpg	240	173	http://farm8.staticflickr.com/7323/11272707344_1a561767e9.jpg	500	360	http://farm8.staticflickr.com/7323/11272707344_1a561767e9_b.jpg	1024	738	http://farm8.staticflickr.com/7323/11272707344_cf91b45595_o.jpg	1676	1208
03		A magyar nemzet története. I. kötet írta Bodon J. és Dr. Szalay J. (II.-IV.) kötet, írta Dr. Szalay J.) [With portraits.]	BODON, József and SZALAY (József)		Budapest	000389221		1879	http://www.flickr.com/photos/britishlibrary/11272681976	1	000263	11272681976	http://farm3.staticflickr.com/2836/11272681976_de75676bf6_m.jpg	240	195	http://farm3.staticflickr.com/2836/11272681976_de75676bf6.jpg	500	406	http://farm3.staticflickr.com/2836/11272681976_de75676bf6_b.jpg	1024	832	http://farm3.staticflickr.com/2836/11272681976_79b6f8663c_o.jpg	1146	931
0		[Brazil and the Brazilians ... in historical and descriptive sketches ... Engravings.]	KIDDER, Daniel Parish and FLETCHER (James C.)		London	001961854		1879	http://www.flickr.com/photos/britishlibrary/11272640995	1	000509	11272640995	http://farm3.staticflickr.com/2816/11272640995_eb0eafa7e8_m.jpg	240	152	http://farm3.staticflickr.com/2816/11272640995_eb0eafa7e8.jpg	500	317	http://farm3.staticflickr.com/2816/11272640995_eb0eafa7e8_b.jpg	1024	650	http://farm3.staticflickr.com/2816/11272640995_ef0ba28268_o.jpg	1316	835
01		The Australian abroad. Branches from the Main Routes round the World. [Reprinted from the Melbourne “Argus.” With illustrations.] 2 series	HINGSTON, James.	lsidyv3cbf9abe	London	001689101	ark:/81055/vdc_00000005DA7A	1879	http://www.flickr.com/photos/britishlibrary/11272640895	1	000024	11272640895	http://farm4.staticflickr.com/3753/11272640895_4c6965203f_m.jpg	156	240	http://farm4.staticflickr.com/3753/11272640895_4c6965203f.jpg	326	500	http://farm4.staticflickr.com/3753/11272640895_4c6965203f_b.jpg	667	1024	http://farm4.staticflickr.com/3753/11272640895_ff7885c878_o.jpg	866	1330
01		A magyar nemzet története. I. kötet írta Bodon J. és Dr. Szalay J. (II.-IV.) kötet, írta Dr. Szalay J.) [With portraits.]	BODON, József and SZALAY (József)		Budapest	000389221		1879	http://www.flickr.com/photos/britishlibrary/11272751653	1	000157	11272751653	http://farm6.staticflickr.com/5512/11272751653_69f0e3bce9_m.jpg	240	205	http://farm6.staticflickr.com/5512/11272751653_69f0e3bce9.jpg	500	427	http://farm6.staticflickr.com/5512/11272751653_69f0e3bce9_b.jpg	1024	874	http://farm6.staticflickr.com/5512/11272751653_d3f348a6c4_o.jpg	1395	1191
0		Sahara & Sahel. I. Un Été dans le Sahara. II. Une Année dans le Sahel. Édition illustrée d'eaux fortes ... et de quarante-cinq gravures, etc	Fromentin, Eugène		Paris	001334608		1879	http://www.flickr.com/photos/britishlibrary/11272703464	1	000381	11272703464	http://farm6.staticflickr.com/5526/11272703464_5b0f78a3d6_m.jpg	240	179	http://farm6.staticflickr.com/5526/11272703464_5b0f78a3d6.jpg	500	373	http://farm6.staticflickr.com/5526/11272703464_5b0f78a3d6_b.jpg	1024	764	http://farm6.staticflickr.com/5526/11272703464_fb38b5f155_o.jpg	1193	890
0	O. L. Baskin Co.	The history of Menard and Mason Counties, Illinois, containing a history of the counties [by R. D. Miller and J. M. Ruggles], ... statistics, &c. Illustrated			Chicago	002456488		1879	http://www.flickr.com/photos/britishlibrary/11272703734	1	000181	11272703734	http://farm8.staticflickr.com/7454/11272703734_69a18f3a4e_m.jpg	240	193	http://farm8.staticflickr.com/7454/11272703734_69a18f3a4e.jpg	500	402	http://farm8.staticflickr.com/7454/11272703734_69a18f3a4e_b.jpg	1024	824	http://farm8.staticflickr.com/7454/11272703734_13039e97ab_o.jpg	1636	1317
02		Danmarks og Norges Historie i Slutningen af det 16de Aarhundrede	TROELS-LUND, Troels Frederik.		Kjøbenhavn	003677661		1879	http://www.flickr.com/photos/britishlibrary/11272703514	1	000429	11272703514	http://farm6.staticflickr.com/5482/11272703514_9f90f9308a_m.jpg	240	125	http://farm6.staticflickr.com/5482/11272703514_9f90f9308a.jpg	500	260	http://farm6.staticflickr.com/5482/11272703514_9f90f9308a_b.jpg	1024	532	http://farm6.staticflickr.com/5482/11272703514_91932d721e_o.jpg	1450	753
0	F. W. Bird	History of the Town of Douglas, Massachusetts, from the earliest period to the close of 1878	EMERSON, William Andrew.		Boston [Mass.]	001065911		1879	http://www.flickr.com/photos/britishlibrary/11272677356	1	000072	11272677356	http://farm8.staticflickr.com/7432/11272677356_68c856b5b8_m.jpg	240	161	http://farm8.staticflickr.com/7432/11272677356_68c856b5b8.jpg	500	335	http://farm8.staticflickr.com/7432/11272677356_68c856b5b8_b.jpg	1024	687	http://farm8.staticflickr.com/7432/11272677356_2c89c1e9eb_o.jpg	1723	1156
0		Les Vieilles Villes de Suisse. Notes et souvenirs. Ouvrage illustré de 105 dessins à la plume par A. Robida reproduits en fac-simile	ROBIDA, Albert.		Paris	003121715		1879	http://www.flickr.com/photos/britishlibrary/11272637255	1	000082	11272637255	http://farm4.staticflickr.com/3735/11272637255_c6b4b49b7c_m.jpg	171	240	http://farm4.staticflickr.com/3735/11272637255_c6b4b49b7c.jpg	356	500	http://farm4.staticflickr.com/3735/11272637255_c6b4b49b7c_b.jpg	730	1024	http://farm4.staticflickr.com/3735/11272637255_9c687408ed_o.jpg	1183	1660
0	W. Le Baron, Jr., & Co.	The history of McLean County, Illinois, containing a history of the County [by C. P. Merriman], its cities, towns, etc. [by J. H. Burnham, H. H. Hill, and A. W. Kellogg]	HILL, H. H. Historian		Chicago	002326542		1879	http://www.flickr.com/photos/britishlibrary/11272702274	1	000079	11272702274	http://farm8.staticflickr.com/7436/11272702274_fd51dccdd0_m.jpg	193	240	http://farm8.staticflickr.com/7436/11272702274_fd51dccdd0.jpg	403	500	http://farm8.staticflickr.com/7436/11272702274_fd51dccdd0_b.jpg	825	1024	http://farm8.staticflickr.com/7436/11272702274_b018496747_o.jpg	1286	1597
0	Everts & Ensign	History of Toga, Chemung, Tompkins, and Schuyler Counties, New York. With illustrations and biographical sketches of some of its prominent men and pioneers	PEIRCE, Henry B. and HURD (Duane Hamilton)		Philadelphia	002810116		1879	http://www.flickr.com/photos/britishlibrary/11272635855	1	000559	11272635855	http://farm6.staticflickr.com/5501/11272635855_6d630e70ff_m.jpg	240	187	http://farm6.staticflickr.com/5501/11272635855_6d630e70ff.jpg	500	389	http://farm6.staticflickr.com/5501/11272635855_6d630e70ff_b.jpg	1024	797	http://farm6.staticflickr.com/5501/11272635855_98fd0bc6e7_o.jpg	1460	1136
0		The Life of Charles Dickens ... With forty illustrations	FORSTER, John Barrister-at-Law, of the Inner Temple		Chapman & Hall, London	001272474		1879	http://www.flickr.com/photos/britishlibrary/11272747383	2	000343	11272747383	http://farm8.staticflickr.com/7452/11272747383_1a0dd0880f_m.jpg	190	240	http://farm8.staticflickr.com/7452/11272747383_1a0dd0880f.jpg	396	500	http://farm8.staticflickr.com/7452/11272747383_1a0dd0880f_b.jpg	812	1024	http://farm8.staticflickr.com/7452/11272747383_9aaf6c3211_o.jpg	991	1250
0	E. Marlborough & Co.	Popular Guide up the Thames, to Kew, Richmond, Twickenham and Hampton Court			London	003605985		1879	http://www.flickr.com/photos/britishlibrary/11272675486	1	000005	11272675486	http://farm4.staticflickr.com/3807/11272675486_334c79ef60_m.jpg	187	240	http://farm4.staticflickr.com/3807/11272675486_334c79ef60.jpg	390	500	http://farm4.staticflickr.com/3807/11272675486_334c79ef60_b.jpg	799	1024	http://farm4.staticflickr.com/3807/11272675486_78f1eacf77_o.jpg	1065	1365
0		Die amerikanische Nordpol-Expedition ... Mit zahlreichen Illustrationen in Holzschnitt, etc	BESSELS, Emil.		Leipzig	000303634		1879	http://www.flickr.com/photos/britishlibrary/11272698594	1	000035	11272698594	http://farm3.staticflickr.com/2892/11272698594_299c36d74e_m.jpg	239	240	http://farm3.staticflickr.com/2892/11272698594_299c36d74e.jpg	498	500	http://farm3.staticflickr.com/2892/11272698594_299c36d74e_b.jpg	1020	1024	http://farm3.staticflickr.com/2892/11272698594_a499f96dec_o.jpg	1457	1463
0	Everts & Abbott	History of Hillsdale County, Michigan, with illustrations and biographical sketches of some of its prominent men, etc	Johnson, Crisfield.		Philadelphia	001884500		1879	http://www.flickr.com/photos/britishlibrary/11272674066	1	000406	11272674066	http://farm6.staticflickr.com/5535/11272674066_a182a66073_m.jpg	240	189	http://farm6.staticflickr.com/5535/11272674066_a182a66073.jpg	500	393	http://farm6.staticflickr.com/5535/11272674066_a182a66073_b.jpg	1024	805	http://farm6.staticflickr.com/5535/11272674066_886b63e813_o.jpg	1218	957
03		Paris à travers les siècles. Histoire nationale de Paris et des Parisiens depuis la fondation de Lutèce jusqu'à nos jours, etc	GOURDON DE GENOUILLAC, Nicolas Jules Henri.		Paris	001476975		1879	http://www.flickr.com/photos/britishlibrary/11272634605	1	000401	11272634605	http://farm6.staticflickr.com/5483/11272634605_8b8d8b1c62_m.jpg	135	240	http://farm6.staticflickr.com/5483/11272634605_8b8d8b1c62.jpg	281	500	http://farm6.staticflickr.com/5483/11272634605_8b8d8b1c62_b.jpg	575	1024	http://farm6.staticflickr.com/5483/11272634605_d92f6609c2_o.jpg	885	1577
01	Tinsley Brothers	Berlin under the New Empire, its institutions, inhabitants, industry ... With ... engravings, etc	VIZETELLY, Henry.		London	003807524		1879	http://www.flickr.com/photos/britishlibrary/11272697594	1	000088	11272697594	http://farm3.staticflickr.com/2806/11272697594_0c5db1fb9d_m.jpg	200	240	http://farm3.staticflickr.com/2806/11272697594_0c5db1fb9d.jpg	417	500	http://farm3.staticflickr.com/2806/11272697594_0c5db1fb9d_b.jpg	854	1024	http://farm3.staticflickr.com/2806/11272697594_c38f5e0a16_o.jpg	1185	1421
02	L. H. Everts	History of the Connecticut Valley in Massachusetts (by N. B. Sylvester), with illustrations and biographical sketches of some of its prominent men and pioneers [by other authors]	SYLVESTER, Nathaniel Bartlett.		Philadelphia	003562080		1879	http://www.flickr.com/photos/britishlibrary/11272742623	1	000079	11272742623	http://farm6.staticflickr.com/5540/11272742623_eced4b49e0_m.jpg	240	185	http://farm6.staticflickr.com/5540/11272742623_eced4b49e0.jpg	500	386	http://farm6.staticflickr.com/5540/11272742623_eced4b49e0_b.jpg	1024	791	http://farm6.staticflickr.com/5540/11272742623_41a3748c05_o.jpg	1648	1273
0		Leaves from my Note-Book; ... tales ... portraying Irish Life and Character. By an ex-officer of the Royal Irish Constabulary. [With plates.]			London	001819523		1879	http://www.flickr.com/photos/britishlibrary/11272695484	1	000058	11272695484	http://farm8.staticflickr.com/7378/11272695484_4750ec1e93_m.jpg	240	228	http://farm8.staticflickr.com/7378/11272695484_4750ec1e93.jpg	500	474	http://farm8.staticflickr.com/7378/11272695484_4750ec1e93_b.jpg	1024	971	http://farm8.staticflickr.com/7378/11272695484_92dedaf129_o.jpg	1267	1202
0	C. R. Barns	Switzler's Illustrated History of Missouri, from 1541 to 1877, etc. [Edited by C. R. Barns. From the larger work edited by him, entitled: “The Commonwealth of Missouri.”]	BARNS, Chancy R.		Saint Louis	000206134		1879	http://www.flickr.com/photos/britishlibrary/11272742783	1	000594	11272742783	http://farm8.staticflickr.com/7410/11272742783_432234f133_m.jpg	184	240	http://farm8.staticflickr.com/7410/11272742783_432234f133.jpg	382	500	http://farm8.staticflickr.com/7410/11272742783_432234f133_b.jpg	783	1024	http://farm8.staticflickr.com/7410/11272742783_c341476a03_o.jpg	1068	1396
0	John Murray	[The Student's Manual of Modern Geography. Mathematical, physical, and descriptive.]	BEVAN, William Latham.	lsidyv3ca2f2a9	London	000307737	ark:/81055/vdc_00000005C7F6	1879	http://www.flickr.com/photos/britishlibrary/11272629875	1	000493	11272629875	http://farm4.staticflickr.com/3806/11272629875_2715059e8d_m.jpg	182	240	http://farm4.staticflickr.com/3806/11272629875_2715059e8d.jpg	379	500	http://farm4.staticflickr.com/3806/11272629875_2715059e8d_b.jpg	776	1024	http://farm4.staticflickr.com/3806/11272629875_40918be22a_o.jpg	928	1225
0		Les Vieilles Villes de Suisse. Notes et souvenirs. Ouvrage illustré de 105 dessins à la plume par A. Robida reproduits en fac-simile	ROBIDA, Albert.		Paris	003121715		1879	http://www.flickr.com/photos/britishlibrary/11272693284	1	000261	11272693284	http://farm4.staticflickr.com/3699/11272693284_57236b2ea3_m.jpg	161	240	http://farm4.staticflickr.com/3699/11272693284_57236b2ea3.jpg	335	500	http://farm4.staticflickr.com/3699/11272693284_57236b2ea3_b.jpg	686	1024	http://farm4.staticflickr.com/3699/11272693284_5c09121f1e_o.jpg	1093	1631
02	Tinsley Brothers	Berlin under the New Empire, its institutions, inhabitants, industry ... With ... engravings, etc	VIZETELLY, Henry.		London	003807524		1879	http://www.flickr.com/photos/britishlibrary/11272693454	1	000400	11272693454	http://farm6.staticflickr.com/5484/11272693454_50f6c86bd5_m.jpg	173	240	http://farm6.staticflickr.com/5484/11272693454_50f6c86bd5.jpg	360	500	http://farm6.staticflickr.com/5484/11272693454_50f6c86bd5_b.jpg	738	1024	http://farm6.staticflickr.com/5484/11272693454_a925d4296f_o.jpg	1011	1402
0		The Great Eastern Railway Company's Tourist-Guide to the Continent. ... With illustrations ... and a map	LINDLEY, Percy.	lsidyv3cad916f	London	002174468	ark:/81055/vdc_00000005CE44	1879	http://www.flickr.com/photos/britishlibrary/11272667966	1	000090	11272667966	http://farm8.staticflickr.com/7424/11272667966_2a4fdd1c96_m.jpg	240	190	http://farm8.staticflickr.com/7424/11272667966_2a4fdd1c96.jpg	500	396	http://farm8.staticflickr.com/7424/11272667966_2a4fdd1c96_b.jpg	1024	811	http://farm8.staticflickr.com/7424/11272667966_21445db316_o.jpg	1302	1031
0	M. H. Gill & Son	Loca Patriciana: an identification of localities, chiefly in Leinster, visited by Saint Patrick and his assistant missionaries; and of some contemporary kings and chieftains. With an essay on the three Patricks, Palladius, Sen Patrick, and Patrick MacCalphurn, Apostles of Ireland in the fifth century	SHEARMAN, John Francis.		Dublin	003361987		1879	http://www.flickr.com/photos/britishlibrary/11272691854	1	000033	11272691854	http://farm6.staticflickr.com/5483/11272691854_a959e73544_m.jpg	240	199	http://farm6.staticflickr.com/5483/11272691854_a959e73544.jpg	500	415	http://farm6.staticflickr.com/5483/11272691854_a959e73544_b.jpg	1024	850	http://farm6.staticflickr.com/5483/11272691854_1ebacc49a7_o.jpg	1227	1018
02	Tinsley Brothers	Berlin under the New Empire, its institutions, inhabitants, industry ... With ... engravings, etc	VIZETELLY, Henry.		London	003807524		1879	http://www.flickr.com/photos/britishlibrary/11272627745	1	000175	11272627745	http://farm8.staticflickr.com/7447/11272627745_132bf72533_m.jpg	240	173	http://farm8.staticflickr.com/7447/11272627745_132bf72533.jpg	500	361	http://farm8.staticflickr.com/7447/11272627745_132bf72533_b.jpg	1024	740	http://farm8.staticflickr.com/7447/11272627745_21eb03aace_o.jpg	1593	1151
02	L. H. Everts	History of the Connecticut Valley in Massachusetts (by N. B. Sylvester), with illustrations and biographical sketches of some of its prominent men and pioneers [by other authors]	SYLVESTER, Nathaniel Bartlett.		Philadelphia	003562080		1879	http://www.flickr.com/photos/britishlibrary/11272738443	1	000155	11272738443	http://farm4.staticflickr.com/3766/11272738443_ee6d7efbb6_m.jpg	240	168	http://farm4.staticflickr.com/3766/11272738443_ee6d7efbb6.jpg	500	351	http://farm4.staticflickr.com/3766/11272738443_ee6d7efbb6_b.jpg	1024	718	http://farm4.staticflickr.com/3766/11272738443_dfa0c91d8c_o.jpg	1442	1011
01	William Mackenzie	The National Burns. Edited by Rev. George Gilfillan, including the airs of all the songs, and an original life of Burns by the editor. [With plates, including portraits.]	Burns, Robert		Glasgow	000543200		1879	http://www.flickr.com/photos/britishlibrary/11272737913	5	000308	11272737913	http://farm8.staticflickr.com/7301/11272737913_85f5ef0eba_m.jpg	240	206	http://farm8.staticflickr.com/7301/11272737913_85f5ef0eba.jpg	500	428	http://farm8.staticflickr.com/7301/11272737913_85f5ef0eba_b.jpg	1024	877	http://farm8.staticflickr.com/7301/11272737913_28be78d15d_o.jpg	1326	1135
0		Reise nach West-Sibirien im Jahre 1876. Auf Veranstaltung des Vereins für die Deutsche Nordpolarfahrt in Bremen unternommen mit Dr. A. E. Brehm und Karl Graf v. Waldburg-Zeil-Trauchburg, von Dr. O. F., etc	Finsch, O. (Otto)		Berlin	001238638		1879	http://www.flickr.com/photos/britishlibrary/11272665456	1	000705	11272665456	http://farm8.staticflickr.com/7374/11272665456_422a65377f_m.jpg	158	240	http://farm8.staticflickr.com/7374/11272665456_422a65377f.jpg	329	500	http://farm8.staticflickr.com/7374/11272665456_422a65377f_b.jpg	673	1024	http://farm8.staticflickr.com/7374/11272665456_ef66fa73ac_o.jpg	916	1393
0	Waterlow & Sons	Up the River from Westminster to Windsor and Oxford; a descriptive panorama of Thames Scenery			London	003606029		1879	http://www.flickr.com/photos/britishlibrary/11272624975	1	000061	11272624975	http://farm6.staticflickr.com/5516/11272624975_92a088cec1_m.jpg	235	240	http://farm6.staticflickr.com/5516/11272624975_92a088cec1.jpg	490	500	http://farm6.staticflickr.com/5516/11272624975_92a088cec1_b.jpg	1003	1024	http://farm6.staticflickr.com/5516/11272624975_9b4287ef68_o.jpg	1112	1135
0	Religious Tract Society	The Lands of Scripture: comprising “Those Holy Fields”; “The Land of the Pharaohs” [both by S. M.]; “Pictures from Bible Lands” (edited by S. G. Green. The illustrations by E. Whymper, etc.)	MANNING, Samuel LL.D		London	002369128		1879	http://www.flickr.com/photos/britishlibrary/11272624745	2	000341	11272624745	http://farm3.staticflickr.com/2810/11272624745_b6a2cbea7f_m.jpg	199	240	http://farm3.staticflickr.com/2810/11272624745_b6a2cbea7f.jpg	415	500	http://farm3.staticflickr.com/2810/11272624745_b6a2cbea7f_b.jpg	850	1024	http://farm3.staticflickr.com/2810/11272624745_e387b2c821_o.jpg	1006	1212
0	Waterlow & Sons	Up the River from Westminster to Windsor and Oxford; a descriptive panorama of Thames Scenery			London	003606029		1879	http://www.flickr.com/photos/britishlibrary/11272689194	1	000047	11272689194	http://farm4.staticflickr.com/3826/11272689194_23d1ace8f9_m.jpg	115	240	http://farm4.staticflickr.com/3826/11272689194_23d1ace8f9.jpg	239	500	http://farm4.staticflickr.com/3826/11272689194_23d1ace8f9_b.jpg	490	1024	http://farm4.staticflickr.com/3826/11272689194_397191e8eb_o.jpg	733	1531
0		Les Rues du vieux Paris. Galerie populaire et pittoresque ... Ouvrage illustré de 165 gravures sur bois	FOURNEL, Victor.		Paris	001279089		1879	http://www.flickr.com/photos/britishlibrary/11272735693	1	000665	11272735693	http://farm6.staticflickr.com/5506/11272735693_77884c54ce_m.jpg	240	198	http://farm6.staticflickr.com/5506/11272735693_77884c54ce.jpg	500	413	http://farm6.staticflickr.com/5506/11272735693_77884c54ce_b.jpg	1024	845	http://farm6.staticflickr.com/5506/11272735693_81f8b37bea_o.jpg	1158	956
0	Lee & Shepard	A summer jaunt through the old world: a record of an excursion made to and through Europe by the Tourgée educational party of 1878	HOLDEN, Luther L.	lsidyv3c9a5a21	Boston [Mass.]	001711043	ark:/81055/vdc_00000005C31C	1879	http://www.flickr.com/photos/britishlibrary/11272662186	1	000490	11272662186	http://farm4.staticflickr.com/3729/11272662186_b9c4671260_m.jpg	240	233	http://farm4.staticflickr.com/3729/11272662186_b9c4671260.jpg	500	486	http://farm4.staticflickr.com/3729/11272662186_b9c4671260_b.jpg	1024	996	http://farm4.staticflickr.com/3729/11272662186_101fdaac26_o.jpg	1263	1228
03		Paris à travers les siècles. Histoire nationale de Paris et des Parisiens depuis la fondation de Lutèce jusqu'à nos jours, etc	GOURDON DE GENOUILLAC, Nicolas Jules Henri.		Paris	001476975		1879	http://www.flickr.com/photos/britishlibrary/11272734923	1	000090	11272734923	http://farm8.staticflickr.com/7317/11272734923_e95e9c049f_m.jpg	165	240	http://farm8.staticflickr.com/7317/11272734923_e95e9c049f.jpg	344	500	http://farm8.staticflickr.com/7317/11272734923_e95e9c049f_b.jpg	705	1024	http://farm8.staticflickr.com/7317/11272734923_8a701e8393_o.jpg	1093	1587
0		The Illustrated Guide to Sheffield and the surrounding district, etc	TAYLOR, John of Sheffield		Sheffield	003589731		1879	http://www.flickr.com/photos/britishlibrary/11272622315	1	000488	11272622315	http://farm3.staticflickr.com/2863/11272622315_e68babd59c_m.jpg	190	240	http://farm3.staticflickr.com/2863/11272622315_e68babd59c.jpg	396	500	http://farm3.staticflickr.com/2863/11272622315_e68babd59c_b.jpg	812	1024	http://farm3.staticflickr.com/2863/11272622315_e9000a064c_o.jpg	1035	1306
01	American News Company	Round the world with General Grant. A narrative of the visit of General U. S. Grant ... to various countries ... in 1877, 1878, 1879. To which are added certain conversations with General Grant on questions connected with American politics and history ... With ... illustrations	YOUNG, John Russell.		New York	004002305		1879	http://www.flickr.com/photos/britishlibrary/11272621475	1	000554	11272621475	http://farm4.staticflickr.com/3698/11272621475_bf5abd8654_m.jpg	174	240	http://farm4.staticflickr.com/3698/11272621475_bf5abd8654.jpg	362	500	http://farm4.staticflickr.com/3698/11272621475_bf5abd8654_b.jpg	741	1024	http://farm4.staticflickr.com/3698/11272621475_a4825eba0b_o.jpg	1242	1716
0	Moses King	King's Handbook of Boston. Profusely illustrated. [With a map.]	KING, Moses.		Cambridge, Mass	001968594		1879	http://www.flickr.com/photos/britishlibrary/11272732723	1	000190	11272732723	http://farm4.staticflickr.com/3704/11272732723_0d0bcdf6c3_m.jpg	237	240	http://farm4.staticflickr.com/3704/11272732723_0d0bcdf6c3.jpg	493	500	http://farm4.staticflickr.com/3704/11272732723_0d0bcdf6c3_b.jpg	1010	1024	http://farm4.staticflickr.com/3704/11272732723_817f0b54b8_o.jpg	1085	1100
0		Les Vieilles Villes de Suisse. Notes et souvenirs. Ouvrage illustré de 105 dessins à la plume par A. Robida reproduits en fac-simile	ROBIDA, Albert.		Paris	003121715		1879	http://www.flickr.com/photos/britishlibrary/11272685134	1	000315	11272685134	http://farm6.staticflickr.com/5485/11272685134_fd905b23e2_m.jpg	162	240	http://farm6.staticflickr.com/5485/11272685134_fd905b23e2.jpg	337	500	http://farm6.staticflickr.com/5485/11272685134_fd905b23e2_b.jpg	690	1024	http://farm6.staticflickr.com/5485/11272685134_45873fd188_o.jpg	1120	1661
0	Macmillan and Co.	The Arctic Voyages of A. E. Nordenskiöld. 1858-1879. With illustrations and maps	LESLIE, Alexander of Aberdeen		London	002142895		1879	http://www.flickr.com/photos/britishlibrary/11272658806	1	000087	11272658806	http://farm4.staticflickr.com/3821/11272658806_9c1ae66ee5_m.jpg	207	240	http://farm4.staticflickr.com/3821/11272658806_9c1ae66ee5.jpg	432	500	http://farm4.staticflickr.com/3821/11272658806_9c1ae66ee5_b.jpg	884	1024	http://farm4.staticflickr.com/3821/11272658806_17f8d4a723_o.jpg	1276	1478
01	Tinsley Brothers	Berlin under the New Empire, its institutions, inhabitants, industry ... With ... engravings, etc	VIZETELLY, Henry.		London	003807524		1879	http://www.flickr.com/photos/britishlibrary/11272731623	1	000185	11272731623	http://farm3.staticflickr.com/2819/11272731623_039a15fb1e_m.jpg	240	213	http://farm3.staticflickr.com/2819/11272731623_039a15fb1e.jpg	500	444	http://farm3.staticflickr.com/2819/11272731623_039a15fb1e_b.jpg	1024	910	http://farm3.staticflickr.com/2819/11272731623_d92316242f_o.jpg	1087	966
0	C. C. Chapman & Co.	History of Fulton County, together with sketches of its cities, villages and townships, ... and biographies ... History of Illinois ... Illustrated			Peoria	001341605		1879	http://www.flickr.com/photos/britishlibrary/11272619005	2	000841	11272619005	http://farm8.staticflickr.com/7301/11272619005_74d7b85d94_m.jpg	215	240	http://farm8.staticflickr.com/7301/11272619005_74d7b85d94.jpg	447	500	http://farm8.staticflickr.com/7301/11272619005_74d7b85d94_b.jpg	916	1024	http://farm8.staticflickr.com/7301/11272619005_03df68cf6e_o.jpg	1078	1205
01	Tinsley Brothers	Berlin under the New Empire, its institutions, inhabitants, industry ... With ... engravings, etc	VIZETELLY, Henry.		London	003807524		1879	http://www.flickr.com/photos/britishlibrary/11272682204	1	000182	11272682204	http://farm4.staticflickr.com/3681/11272682204_197b0d321c_m.jpg	189	240	http://farm4.staticflickr.com/3681/11272682204_197b0d321c.jpg	393	500	http://farm4.staticflickr.com/3681/11272682204_197b0d321c_b.jpg	805	1024	http://farm4.staticflickr.com/3681/11272682204_b2d9c2eec2_o.jpg	1117	1421
0	Waterlow & Sons	Up the River from Westminster to Windsor and Oxford; a descriptive panorama of Thames Scenery			London	003606029		1879	http://www.flickr.com/photos/britishlibrary/11272657206	1	000128	11272657206	http://farm3.staticflickr.com/2878/11272657206_f7ae36e93d_m.jpg	158	240	http://farm3.staticflickr.com/2878/11272657206_f7ae36e93d.jpg	329	500	http://farm3.staticflickr.com/2878/11272657206_f7ae36e93d_b.jpg	674	1024	http://farm3.staticflickr.com/2878/11272657206_b7d634412d_o.jpg	833	1266
01	D. Appleton & Co.	[Appleton's European Guide Book illustrated. Including England, Scotland, and Ireland, France, Belgium, Holland, Northern and Southern Germany, Switzerland, Italy, Spain and Portugal, Russia, Denmark, Norway, and Sweden. Containing ... maps, etc.]	APPLETON, Daniel AND CO	lsidyv3cbe7355	New York; Longmans & Co	000100280	ark:/81055/vdc_00000005D9DE	1879	http://www.flickr.com/photos/britishlibrary/11272682144	1	000601	11272682144	http://farm6.staticflickr.com/5477/11272682144_e4287a5bdd_m.jpg	148	240	http://farm6.staticflickr.com/5477/11272682144_e4287a5bdd.jpg	309	500	http://farm6.staticflickr.com/5477/11272682144_e4287a5bdd_b.jpg	633	1024	http://farm6.staticflickr.com/5477/11272682144_5e332ea5c8_o.jpg	762	1233
02	D. Appleton & Co.	[Appleton's European Guide Book illustrated. Including England, Scotland, and Ireland, France, Belgium, Holland, Northern and Southern Germany, Switzerland, Italy, Spain and Portugal, Russia, Denmark, Norway, and Sweden. Containing ... maps, etc.]	APPLETON, Daniel AND CO	lsidyv3cbe7355	New York; Longmans & Co	000100280	ark:/81055/vdc_00000005D9DE	1879	http://www.flickr.com/photos/britishlibrary/11272728543	1	000598	11272728543	http://farm4.staticflickr.com/3795/11272728543_746ee65f17_m.jpg	177	240	http://farm4.staticflickr.com/3795/11272728543_746ee65f17.jpg	368	500	http://farm4.staticflickr.com/3795/11272728543_746ee65f17_b.jpg	754	1024	http://farm4.staticflickr.com/3795/11272728543_9e29672de3_o.jpg	946	1284
01	D. Appleton & Co.	[Appleton's European Guide Book illustrated. Including England, Scotland, and Ireland, France, Belgium, Holland, Northern and Southern Germany, Switzerland, Italy, Spain and Portugal, Russia, Denmark, Norway, and Sweden. Containing ... maps, etc.]	APPLETON, Daniel AND CO	lsidyv3cbe7355	New York; Longmans & Co	000100280	ark:/81055/vdc_00000005D9DE	1879	http://www.flickr.com/photos/britishlibrary/11272655766	1	000686	11272655766	http://farm4.staticflickr.com/3770/11272655766_d88f4c833a_m.jpg	171	240	http://farm4.staticflickr.com/3770/11272655766_d88f4c833a.jpg	357	500	http://farm4.staticflickr.com/3770/11272655766_d88f4c833a_b.jpg	731	1024	http://farm4.staticflickr.com/3770/11272655766_5b38ba70f3_o.jpg	933	1307
0	Lewis, Peck & Co.	History of Steuben County, New York, with illustrations and biographical sketches of some of its prominent men and pioneers	CLAYTON, W. Woodford.		Philadelphia	000719876		1879	http://www.flickr.com/photos/britishlibrary/11272728193	1	000333	11272728193	http://farm3.staticflickr.com/2856/11272728193_b67e4b2f92_m.jpg	240	187	http://farm3.staticflickr.com/2856/11272728193_b67e4b2f92.jpg	500	390	http://farm3.staticflickr.com/2856/11272728193_b67e4b2f92_b.jpg	1024	799	http://farm3.staticflickr.com/2856/11272728193_7c83e759bc_o.jpg	1635	1275
01		A magyar nemzet története. I. kötet írta Bodon J. és Dr. Szalay J. (II.-IV.) kötet, írta Dr. Szalay J.) [With portraits.]	BODON, József and SZALAY (József)		Budapest	000389221		1879	http://www.flickr.com/photos/britishlibrary/11272653806	1	000163	11272653806	http://farm4.staticflickr.com/3697/11272653806_affd2f1f85_m.jpg	240	185	http://farm4.staticflickr.com/3697/11272653806_affd2f1f85.jpg	500	386	http://farm4.staticflickr.com/3697/11272653806_affd2f1f85_b.jpg	1024	791	http://farm4.staticflickr.com/3697/11272653806_096b4e7daf_o.jpg	1476	1140
01	American News Company	Round the world with General Grant. A narrative of the visit of General U. S. Grant ... to various countries ... in 1877, 1878, 1879. To which are added certain conversations with General Grant on questions connected with American politics and history ... With ... illustrations	YOUNG, John Russell.		New York	004002305		1879	http://www.flickr.com/photos/britishlibrary/11272679664	1	000537	11272679664	http://farm8.staticflickr.com/7366/11272679664_ccd7950fbd_m.jpg	140	240	http://farm8.staticflickr.com/7366/11272679664_ccd7950fbd.jpg	291	500	http://farm8.staticflickr.com/7366/11272679664_ccd7950fbd_b.jpg	596	1024	http://farm8.staticflickr.com/7366/11272679664_a0695c126a_o.jpg	813	1397
02	D. Appleton & Co.	[Appleton's European Guide Book illustrated. Including England, Scotland, and Ireland, France, Belgium, Holland, Northern and Southern Germany, Switzerland, Italy, Spain and Portugal, Russia, Denmark, Norway, and Sweden. Containing ... maps, etc.]	APPLETON, Daniel AND CO	lsidyv3cbe7355	New York; Longmans & Co	000100280	ark:/81055/vdc_00000005D9DE	1879	http://www.flickr.com/photos/britishlibrary/11272614655	1	000664	11272614655	http://farm8.staticflickr.com/7319/11272614655_51de33a816_m.jpg	152	240	http://farm8.staticflickr.com/7319/11272614655_51de33a816.jpg	316	500	http://farm8.staticflickr.com/7319/11272614655_51de33a816_b.jpg	647	1024	http://farm8.staticflickr.com/7319/11272614655_e4ddb17baa_o.jpg	811	1284
0		[Voyage aux pays annexés. Suite et fin du Voyage au pays des Milliards.]	TISSOT, Victor.		Paris	003643050		1879	http://www.flickr.com/photos/britishlibrary/11272725753	1	000333	11272725753	http://farm8.staticflickr.com/7367/11272725753_270f519668_m.jpg	184	240	http://farm8.staticflickr.com/7367/11272725753_270f519668.jpg	384	500	http://farm8.staticflickr.com/7367/11272725753_270f519668_b.jpg	787	1024	http://farm8.staticflickr.com/7367/11272725753_debfd6c621_o.jpg	1188	1546
0		Viaje á la Patagonia austral emprendido bajo los auspicios del Gobierno Nacional 1876-1877. tom. 1	MORENO, Francisco Josué Pascasio.		Buenos Aires	002546654		1879	http://www.flickr.com/photos/britishlibrary/11272652886	1	000287	11272652886	http://farm4.staticflickr.com/3749/11272652886_1061fccdb8_m.jpg	157	240	http://farm4.staticflickr.com/3749/11272652886_1061fccdb8.jpg	328	500	http://farm4.staticflickr.com/3749/11272652886_1061fccdb8_b.jpg	671	1024	http://farm4.staticflickr.com/3749/11272652886_fb58ccf68c_o.jpg	1021	1558
0	Moses King	King's Handbook of Boston. Profusely illustrated. [With a map.]	KING, Moses.		Cambridge, Mass	001968594		1879	http://www.flickr.com/photos/britishlibrary/11272677664	1	000021	11272677664	http://farm6.staticflickr.com/5538/11272677664_44a95e45cc_m.jpg	171	240	http://farm6.staticflickr.com/5538/11272677664_44a95e45cc.jpg	356	500	http://farm6.staticflickr.com/5538/11272677664_44a95e45cc_b.jpg	729	1024	http://farm6.staticflickr.com/5538/11272677664_646327dffd_o.jpg	1002	1408
02		Danmarks og Norges Historie i Slutningen af det 16de Aarhundrede	TROELS-LUND, Troels Frederik.		Kjøbenhavn	003677661		1879	http://www.flickr.com/photos/britishlibrary/11272676464	1	000450	11272676464	http://farm4.staticflickr.com/3789/11272676464_55ac10ca4d_m.jpg	240	133	http://farm4.staticflickr.com/3789/11272676464_55ac10ca4d.jpg	500	277	http://farm4.staticflickr.com/3789/11272676464_55ac10ca4d_b.jpg	1024	567	http://farm4.staticflickr.com/3789/11272676464_809984cc5a_o.jpg	1466	812
0	Union Historical Co.	The History of Warren County ... Illustrated			Des Moines	003854638		1879	http://www.flickr.com/photos/britishlibrary/11272651566	2	000119	11272651566	http://farm8.staticflickr.com/7449/11272651566_22a2d69b44_m.jpg	178	240	http://farm8.staticflickr.com/7449/11272651566_22a2d69b44.jpg	372	500	http://farm8.staticflickr.com/7449/11272651566_22a2d69b44_b.jpg	761	1024	http://farm8.staticflickr.com/7449/11272651566_fa98856579_o.jpg	1181	1590
0	Ward, Lock & Co.	Brave Old Ballads. Illustrated with coloured engravings from drawings by John Gilbert	Gilbert, John Sir		London	000183576		1879	http://www.flickr.com/photos/britishlibrary/11272611545	1	000163	11272611545	http://farm6.staticflickr.com/5499/11272611545_b62a8442d5_m.jpg	162	240	http://farm6.staticflickr.com/5499/11272611545_b62a8442d5.jpg	337	500	http://farm6.staticflickr.com/5499/11272611545_b62a8442d5_b.jpg	690	1024	http://farm6.staticflickr.com/5499/11272611545_afe106a1b4_o.jpg	948	1407
0		Nouveau Guide complet du Parisien et de l'Étranger. Paris-Exact	PILLE, L. and FERRIER (A.)		Paris	002917540		1879	http://www.flickr.com/photos/britishlibrary/11272675384	1	000172	11272675384	http://farm4.staticflickr.com/3760/11272675384_a97814d937_m.jpg	223	240	http://farm4.staticflickr.com/3760/11272675384_a97814d937.jpg	465	500	http://farm4.staticflickr.com/3760/11272675384_a97814d937_b.jpg	953	1024	http://farm4.staticflickr.com/3760/11272675384_db94ded63d_o.jpg	1086	1167
02	L. H. Everts	History of the Connecticut Valley in Massachusetts (by N. B. Sylvester), with illustrations and biographical sketches of some of its prominent men and pioneers [by other authors]	SYLVESTER, Nathaniel Bartlett.		Philadelphia	003562080		1879	http://www.flickr.com/photos/britishlibrary/11272609025	2	000816	11272609025	http://farm8.staticflickr.com/7406/11272609025_1345c35f78_m.jpg	240	208	http://farm8.staticflickr.com/7406/11272609025_1345c35f78.jpg	500	434	http://farm8.staticflickr.com/7406/11272609025_1345c35f78_b.jpg	1024	889	http://farm8.staticflickr.com/7406/11272609025_41a6380feb_o.jpg	1207	1048
0	Macmillan and Co.	The Arctic Voyages of A. E. Nordenskiöld. 1858-1879. With illustrations and maps	LESLIE, Alexander of Aberdeen		London	002142895		1879	http://www.flickr.com/photos/britishlibrary/11272649496	1	000166	11272649496	http://farm6.staticflickr.com/5525/11272649496_bfb9feba7e_m.jpg	122	240	http://farm6.staticflickr.com/5525/11272649496_bfb9feba7e.jpg	255	500	http://farm6.staticflickr.com/5525/11272649496_bfb9feba7e_b.jpg	522	1024	http://farm6.staticflickr.com/5525/11272649496_06789115b4_o.jpg	770	1510
0		Materialien für den Unterricht in der Geographie nach der constructiven Methode	WENZ, Gustav Geographer		München	003889554		1879	http://www.flickr.com/photos/britishlibrary/11272609585	1	000234	11272609585	http://farm8.staticflickr.com/7331/11272609585_49e2d76483_m.jpg	215	240	http://farm8.staticflickr.com/7331/11272609585_49e2d76483.jpg	449	500	http://farm8.staticflickr.com/7331/11272609585_49e2d76483_b.jpg	919	1024	http://farm8.staticflickr.com/7331/11272609585_fc507f9049_o.jpg	1338	1491
0		Notes on Crystallography and Crystallo-Physics, being the substance of lectures delivered at Yedo during the years 1876-77. [Edited by Thomas Davies.]	MILNE, John F.R.S	lsidyv3cc011b2	London	002500242	ark:/81055/vdc_00000005DADA	1879	http://www.flickr.com/photos/britishlibrary/11272672764	1	000051	11272672764	http://farm3.staticflickr.com/2844/11272672764_33fedd0ca5_m.jpg	201	240	http://farm3.staticflickr.com/2844/11272672764_33fedd0ca5.jpg	418	500	http://farm3.staticflickr.com/2844/11272672764_33fedd0ca5_b.jpg	857	1024	http://farm3.staticflickr.com/2844/11272672764_8bed75ea42_o.jpg	957	1143
01	D. Appleton & Co.	[Appleton's European Guide Book illustrated. Including England, Scotland, and Ireland, France, Belgium, Holland, Northern and Southern Germany, Switzerland, Italy, Spain and Portugal, Russia, Denmark, Norway, and Sweden. Containing ... maps, etc.]	APPLETON, Daniel AND CO	lsidyv3cbe7355	New York; Longmans & Co	000100280	ark:/81055/vdc_00000005D9DE	1879	http://www.flickr.com/photos/britishlibrary/11272671724	1	000164	11272671724	http://farm8.staticflickr.com/7322/11272671724_9b6bf49303_m.jpg	186	240	http://farm8.staticflickr.com/7322/11272671724_9b6bf49303.jpg	387	500	http://farm8.staticflickr.com/7322/11272671724_9b6bf49303_b.jpg	792	1024	http://farm8.staticflickr.com/7322/11272671724_d2e88b52dc_o.jpg	908	1174
0	J. A. & R. A. Reid	The Past and the Present. Narragansett sea and shore. An illustrated guide to Providence, Newport, Narragansett Pier, Block Island, Watch Hill, Rocky Point, Silver Spring, and all the famous sea-side resorts of Rhode Island, with a map of Narragansett Bay	DENISON, Frederic.		Providence	000908069		1879	http://www.flickr.com/photos/britishlibrary/11272607025	1	000097	11272607025	http://farm4.staticflickr.com/3700/11272607025_dea966e0ce_m.jpg	240	130	http://farm4.staticflickr.com/3700/11272607025_dea966e0ce.jpg	500	271	http://farm4.staticflickr.com/3700/11272607025_dea966e0ce_b.jpg	1024	554	http://farm4.staticflickr.com/3700/11272607025_8c7a601729_o.jpg	1922	1040
0	Harper & Bros.	What Mr. Darwin saw in his Voyage round The World in the Ship “Beagle.” [Compiled and adapted from “Journal of Researches into the Geology and Natural History of the Various Countries visited by H.M.S. Beagle, etc.”]	Darwin, Charles	lsidyv3c8ea4b0	New York	000868098	ark:/81055/vdc_00000005BB84	1879	http://www.flickr.com/photos/britishlibrary/11272646696	1	000108	11272646696	http://farm8.staticflickr.com/7415/11272646696_c70dae971d_m.jpg	190	240	http://farm8.staticflickr.com/7415/11272646696_c70dae971d.jpg	396	500	http://farm8.staticflickr.com/7415/11272646696_c70dae971d_b.jpg	810	1024	http://farm8.staticflickr.com/7415/11272646696_d94b24be10_o.jpg	1226	1550
0		Les Rues du vieux Paris. Galerie populaire et pittoresque ... Ouvrage illustré de 165 gravures sur bois	FOURNEL, Victor.		Paris	001279089		1879	http://www.flickr.com/photos/britishlibrary/11272670294	1	000147	11272670294	http://farm6.staticflickr.com/5481/11272670294_1cb1db4043_m.jpg	240	212	http://farm6.staticflickr.com/5481/11272670294_1cb1db4043.jpg	500	441	http://farm6.staticflickr.com/5481/11272670294_1cb1db4043_b.jpg	1024	903	http://farm6.staticflickr.com/5481/11272670294_e31d51d4bd_o.jpg	1437	1267
0		The Illustrated Guide to Sheffield and the surrounding district, etc	TAYLOR, John of Sheffield		Sheffield	003589731		1879	http://www.flickr.com/photos/britishlibrary/11272717603	1	000218	11272717603	http://farm4.staticflickr.com/3755/11272717603_9151e46d4e_m.jpg	240	193	http://farm4.staticflickr.com/3755/11272717603_9151e46d4e.jpg	500	402	http://farm4.staticflickr.com/3755/11272717603_9151e46d4e_b.jpg	1024	823	http://farm4.staticflickr.com/3755/11272717603_b2bb1bf0bd_o.jpg	1432	1151
0	Cassell, Petter, Galpin & Co.	Morocco: its people and places ... Translated by C. Rollin-Tilton. With ... illustrations	AMICIS, Edmondo de.	lsidyv3c6b00d2	London	000070870	ark:/81055/vdc_00000005AC0C	1879	http://www.flickr.com/photos/britishlibrary/11272717873	1	000081	11272717873	http://farm8.staticflickr.com/7454/11272717873_322869e32f_m.jpg	240	106	http://farm8.staticflickr.com/7454/11272717873_322869e32f.jpg	500	221	http://farm8.staticflickr.com/7454/11272717873_322869e32f_b.jpg	1024	453	http://farm8.staticflickr.com/7454/11272717873_31d6a3f6c3_o.jpg	1903	841
0		The Illustrated Guide to Sheffield and the surrounding district, etc	TAYLOR, John of Sheffield		Sheffield	003589731		1879	http://www.flickr.com/photos/britishlibrary/11272605185	2	000562	11272605185	http://farm6.staticflickr.com/5525/11272605185_ab652b8ebf_m.jpg	163	240	http://farm6.staticflickr.com/5525/11272605185_ab652b8ebf.jpg	340	500	http://farm6.staticflickr.com/5525/11272605185_ab652b8ebf_b.jpg	697	1024	http://farm6.staticflickr.com/5525/11272605185_c121d400be_o.jpg	962	1414
0	Moses King	King's Handbook of Boston. Profusely illustrated. [With a map.]	KING, Moses.		Cambridge, Mass	001968594		1879	http://www.flickr.com/photos/britishlibrary/11272715783	1	000061	11272715783	http://farm3.staticflickr.com/2885/11272715783_1a08dbfd2f_m.jpg	240	134	http://farm3.staticflickr.com/2885/11272715783_1a08dbfd2f.jpg	500	279	http://farm3.staticflickr.com/2885/11272715783_1a08dbfd2f_b.jpg	1024	572	http://farm3.staticflickr.com/2885/11272715783_4821afa961_o.jpg	1680	938
0	C. C. Chapman & Co.	History of Fulton County, together with sketches of its cities, villages and townships, ... and biographies ... History of Illinois ... Illustrated			Peoria	001341605		1879	http://www.flickr.com/photos/britishlibrary/11272603195	1	000719	11272603195	http://farm8.staticflickr.com/7405/11272603195_0bc9be1b9c_m.jpg	156	240	http://farm8.staticflickr.com/7405/11272603195_0bc9be1b9c.jpg	324	500	http://farm8.staticflickr.com/7405/11272603195_0bc9be1b9c_b.jpg	664	1024	http://farm8.staticflickr.com/7405/11272603195_11ca17bc11_o.jpg	970	1496
0		The Great Eastern Railway Company's Tourist-Guide to the Continent. ... With illustrations ... and a map	LINDLEY, Percy.	lsidyv3cad916f	London	002174468	ark:/81055/vdc_00000005CE44	1879	http://www.flickr.com/photos/britishlibrary/11272603745	1	000085	11272603745	http://farm4.staticflickr.com/3723/11272603745_00a84670f3_m.jpg	196	240	http://farm4.staticflickr.com/3723/11272603745_00a84670f3.jpg	408	500	http://farm4.staticflickr.com/3723/11272603745_00a84670f3_b.jpg	836	1024	http://farm4.staticflickr.com/3723/11272603745_5de5949a78_o.jpg	983	1204
0	Western Historical Company	The history of Henry County, Iowa. ... Illustrated			Chicago	001653329		1879	http://www.flickr.com/photos/britishlibrary/11272641786	1	000079	11272641786	http://farm6.staticflickr.com/5494/11272641786_41009dde39_m.jpg	170	240	http://farm6.staticflickr.com/5494/11272641786_41009dde39.jpg	355	500	http://farm6.staticflickr.com/5494/11272641786_41009dde39_b.jpg	727	1024	http://farm6.staticflickr.com/5494/11272641786_6be96597bb_o.jpg	1116	1572
01	Tinsley Brothers	Berlin under the New Empire, its institutions, inhabitants, industry ... With ... engravings, etc	VIZETELLY, Henry.		London	003807524		1879	http://www.flickr.com/photos/britishlibrary/11272714683	2	000214	11272714683	http://farm4.staticflickr.com/3725/11272714683_0d584bc5b2_m.jpg	151	240	http://farm4.staticflickr.com/3725/11272714683_0d584bc5b2.jpg	315	500	http://farm4.staticflickr.com/3725/11272714683_0d584bc5b2_b.jpg	646	1024	http://farm4.staticflickr.com/3725/11272714683_9f50afbfa0_o.jpg	862	1366
0	Marcus Ward & Co.	Our Native Land, its scenery and associations. A series of 36 water-colour sketches after Rowbotham, Read, Needham, and other eminent artists. With descriptive notes. [The author of the text identified on the wrapper of pt. 1 as “the author of By Loch and by Land”, i.e. Jean L. Watson.]	WATSON, Jean L.		London	001140593		1879	http://www.flickr.com/photos/britishlibrary/11272601565	1	000265	11272601565	http://farm8.staticflickr.com/7409/11272601565_e917c681cc_m.jpg	148	240	http://farm8.staticflickr.com/7409/11272601565_e917c681cc.jpg	309	500	http://farm8.staticflickr.com/7409/11272601565_e917c681cc_b.jpg	633	1024	http://farm8.staticflickr.com/7409/11272601565_3fce084523_o.jpg	875	1415
0	Chapman & Hall	[On Foot in Spain. A walk from the Bay of Biscay to the Mediterranean ... Illustrated by original sketches.]	CAMPION, John S.	lsidyv3bf64a84	London	000587353	ark:/81055/vdc_000000055AAC	1879	http://www.flickr.com/photos/britishlibrary/11272712963	1	000002	11272712963	http://farm8.staticflickr.com/7428/11272712963_043bfe02fc_m.jpg	240	167	http://farm8.staticflickr.com/7428/11272712963_043bfe02fc.jpg	500	348	http://farm8.staticflickr.com/7428/11272712963_043bfe02fc_b.jpg	1024	712	http://farm8.staticflickr.com/7428/11272712963_b0c9af737f_o.jpg	1305	907
0	Jarrold & Sons	John Snow's Wife; and other temperance stories. By the Rev. C. Courtenay ... and other writers	COURTENAY, Charles.		London	000801566		1879	http://www.flickr.com/photos/britishlibrary/11272664954	1	000058	11272664954	http://farm6.staticflickr.com/5504/11272664954_a58e5ff6e5_m.jpg	240	166	http://farm6.staticflickr.com/5504/11272664954_a58e5ff6e5.jpg	500	345	http://farm6.staticflickr.com/5504/11272664954_a58e5ff6e5_b.jpg	1024	707	http://farm6.staticflickr.com/5504/11272664954_a457ed09f4_o.jpg	1748	1207
0	J. A. & R. A. Reid	The Past and the Present. Narragansett sea and shore. An illustrated guide to Providence, Newport, Narragansett Pier, Block Island, Watch Hill, Rocky Point, Silver Spring, and all the famous sea-side resorts of Rhode Island, with a map of Narragansett Bay	DENISON, Frederic.		Providence	000908069		1879	http://www.flickr.com/photos/britishlibrary/11272712163	1	000119	11272712163	http://farm8.staticflickr.com/7398/11272712163_33c3393910_m.jpg	152	240	http://farm8.staticflickr.com/7398/11272712163_33c3393910.jpg	316	500	http://farm8.staticflickr.com/7398/11272712163_33c3393910_b.jpg	648	1024	http://farm8.staticflickr.com/7398/11272712163_d52b71e706_o.jpg	1055	1668
0		The History of France, from the earliest times to the outbreak of the Revolution. Abridged from ... R. Black's translation of ... Guizot's larger history. With chronological index, ... tables, portraits ... By G. Masson, etc	GUIZOT, François Pierre Guillaume.		London	001541681		1879	http://www.flickr.com/photos/britishlibrary/11272664154	1	000360	11272664154	http://farm4.staticflickr.com/3743/11272664154_f08bb5644c_m.jpg	165	240	http://farm4.staticflickr.com/3743/11272664154_f08bb5644c.jpg	345	500	http://farm4.staticflickr.com/3743/11272664154_f08bb5644c_b.jpg	706	1024	http://farm4.staticflickr.com/3743/11272664154_f755a637cd_o.jpg	962	1396
0	[Ward, Lock & Co.	[Charles O'Malley, the Irish Dragoon. Edited by Harry Lorrequer. [By C. J. L.]]	LEVER, Charles James.		London,] Perth [printed	002150760		1879	http://www.flickr.com/photos/britishlibrary/11272637886	1	000195	11272637886	http://farm8.staticflickr.com/7437/11272637886_9e55a6449b_m.jpg	163	240	http://farm8.staticflickr.com/7437/11272637886_9e55a6449b.jpg	340	500	http://farm8.staticflickr.com/7437/11272637886_9e55a6449b_b.jpg	696	1024	http://farm8.staticflickr.com/7437/11272637886_93d348ae50_o.jpg	1117	1643
01	Tinsley Brothers	Berlin under the New Empire, its institutions, inhabitants, industry ... With ... engravings, etc	VIZETELLY, Henry.		London	003807524		1879	http://www.flickr.com/photos/britishlibrary/11272637786	1	000380	11272637786	http://farm6.staticflickr.com/5491/11272637786_69de4f3393_m.jpg	240	179	http://farm6.staticflickr.com/5491/11272637786_69de4f3393.jpg	500	373	http://farm6.staticflickr.com/5491/11272637786_69de4f3393_b.jpg	1024	764	http://farm6.staticflickr.com/5491/11272637786_4c224a55e2_o.jpg	1227	915
0	Macmillan and Co.	The Arctic Voyages of A. E. Nordenskiöld. 1858-1879. With illustrations and maps	LESLIE, Alexander of Aberdeen		London	002142895		1879	http://www.flickr.com/photos/britishlibrary/11272637426	1	000157	11272637426	http://farm4.staticflickr.com/3668/11272637426_334932ab9e_m.jpg	152	240	http://farm4.staticflickr.com/3668/11272637426_334932ab9e.jpg	317	500	http://farm4.staticflickr.com/3668/11272637426_334932ab9e_b.jpg	650	1024	http://farm4.staticflickr.com/3668/11272637426_0a9af1ba62_o.jpg	877	1381
02		Old and New London, etc	Thornbury, Walter	lsidyv3c47ab1a	London	003628788	ark:/81055/vdc_000000059328	1879	http://www.flickr.com/photos/britishlibrary/11272661214	1	000092	11272661214	http://farm8.staticflickr.com/7430/11272661214_3b12e57f07_m.jpg	148	240	http://farm8.staticflickr.com/7430/11272661214_3b12e57f07.jpg	308	500	http://farm8.staticflickr.com/7430/11272661214_3b12e57f07_b.jpg	630	1024	http://farm8.staticflickr.com/7430/11272661214_79d9350fa3_o.jpg	1030	1675
0	Waterlow & Sons	Up the River from Westminster to Windsor and Oxford; a descriptive panorama of Thames Scenery			London	003606029		1879	http://www.flickr.com/photos/britishlibrary/11272661124	2	000134	11272661124	http://farm6.staticflickr.com/5516/11272661124_f459eccd3e_m.jpg	161	240	http://farm6.staticflickr.com/5516/11272661124_f459eccd3e.jpg	335	500	http://farm6.staticflickr.com/5516/11272661124_f459eccd3e_b.jpg	687	1024	http://farm6.staticflickr.com/5516/11272661124_0b5ab2a9d6_o.jpg	870	1296
0	Everts & Abbott	History of Hillsdale County, Michigan, with illustrations and biographical sketches of some of its prominent men, etc	Johnson, Crisfield.		Philadelphia	001884500		1879	http://www.flickr.com/photos/britishlibrary/11272708493	2	000202	11272708493	http://farm8.staticflickr.com/7405/11272708493_ac97a9148d_m.jpg	240	190	http://farm8.staticflickr.com/7405/11272708493_ac97a9148d.jpg	500	396	http://farm8.staticflickr.com/7405/11272708493_ac97a9148d_b.jpg	1024	812	http://farm8.staticflickr.com/7405/11272708493_1a64f04268_o.jpg	1212	961
0		[Voyage aux pays annexés. Suite et fin du Voyage au pays des Milliards.]	TISSOT, Victor.		Paris	003643050		1879	http://www.flickr.com/photos/britishlibrary/11272707133	1	000379	11272707133	http://farm4.staticflickr.com/3712/11272707133_30c016947c_m.jpg	240	194	http://farm4.staticflickr.com/3712/11272707133_30c016947c.jpg	500	405	http://farm4.staticflickr.com/3712/11272707133_30c016947c_b.jpg	1024	829	http://farm4.staticflickr.com/3712/11272707133_f264b6a048_o.jpg	1637	1326
0	Harper & Bros.	What Mr. Darwin saw in his Voyage round The World in the Ship “Beagle.” [Compiled and adapted from “Journal of Researches into the Geology and Natural History of the Various Countries visited by H.M.S. Beagle, etc.”]	Darwin, Charles	lsidyv3c8ea4b0	New York	000868098	ark:/81055/vdc_00000005BB84	1879	http://www.flickr.com/photos/britishlibrary/11272659474	1	000158	11272659474	http://farm8.staticflickr.com/7321/11272659474_952b50ce48_m.jpg	198	240	http://farm8.staticflickr.com/7321/11272659474_952b50ce48.jpg	413	500	http://farm8.staticflickr.com/7321/11272659474_952b50ce48_b.jpg	846	1024	http://farm8.staticflickr.com/7321/11272659474_4ca9b7d3ec_o.jpg	1280	1550
0		Et Besøg i Grækenland, Ægypten og Tyrkiet, etc	HOSKIÆR, Otto Valdemar von.		Kjøbenhavn	001740426		1879	http://www.flickr.com/photos/britishlibrary/11272707013	1	000159	11272707013	http://farm8.staticflickr.com/7407/11272707013_d219671a79_m.jpg	240	192	http://farm8.staticflickr.com/7407/11272707013_d219671a79.jpg	500	399	http://farm8.staticflickr.com/7407/11272707013_d219671a79_b.jpg	1024	818	http://farm8.staticflickr.com/7407/11272707013_d61ef66013_o.jpg	1151	920
02	D. Appleton & Co.	[Appleton's European Guide Book illustrated. Including England, Scotland, and Ireland, France, Belgium, Holland, Northern and Southern Germany, Switzerland, Italy, Spain and Portugal, Russia, Denmark, Norway, and Sweden. Containing ... maps, etc.]	APPLETON, Daniel AND CO	lsidyv3cbe7355	New York; Longmans & Co	000100280	ark:/81055/vdc_00000005D9DE	1879	http://www.flickr.com/photos/britishlibrary/11272633556	1	000199	11272633556	http://farm4.staticflickr.com/3820/11272633556_066357e244_m.jpg	197	240	http://farm4.staticflickr.com/3820/11272633556_066357e244.jpg	410	500	http://farm4.staticflickr.com/3820/11272633556_066357e244_b.jpg	840	1024	http://farm4.staticflickr.com/3820/11272633556_555fca6f29_o.jpg	1053	1284
0	Moses King	King's Handbook of Boston. Profusely illustrated. [With a map.]	KING, Moses.		Cambridge, Mass	001968594		1879	http://www.flickr.com/photos/britishlibrary/11272705243	1	000186	11272705243	http://farm6.staticflickr.com/5492/11272705243_c12f21c4bf_m.jpg	240	191	http://farm6.staticflickr.com/5492/11272705243_c12f21c4bf.jpg	500	397	http://farm6.staticflickr.com/5492/11272705243_c12f21c4bf_b.jpg	1024	814	http://farm6.staticflickr.com/5492/11272705243_6a619ecd7c_o.jpg	1202	955
0	Lewis, Peck & Co.	History of Steuben County, New York, with illustrations and biographical sketches of some of its prominent men and pioneers	CLAYTON, W. Woodford.		Philadelphia	000719876		1879	http://www.flickr.com/photos/britishlibrary/11272632426	1	000620	11272632426	http://farm4.staticflickr.com/3747/11272632426_28b90e3202_m.jpg	240	161	http://farm4.staticflickr.com/3747/11272632426_28b90e3202.jpg	500	335	http://farm4.staticflickr.com/3747/11272632426_28b90e3202_b.jpg	1024	686	http://farm4.staticflickr.com/3747/11272632426_24c2926132_o.jpg	1690	1132
01	American News Company	Round the world with General Grant. A narrative of the visit of General U. S. Grant ... to various countries ... in 1877, 1878, 1879. To which are added certain conversations with General Grant on questions connected with American politics and history ... With ... illustrations	YOUNG, John Russell.		New York	004002305		1879	http://www.flickr.com/photos/britishlibrary/11272656684	1	000362	11272656684	http://farm8.staticflickr.com/7407/11272656684_44b01b6ab6_m.jpg	164	240	http://farm8.staticflickr.com/7407/11272656684_44b01b6ab6.jpg	342	500	http://farm8.staticflickr.com/7407/11272656684_44b01b6ab6_b.jpg	700	1024	http://farm8.staticflickr.com/7407/11272656684_f9dffee9e6_o.jpg	1163	1702
0	Harper & Bros.	What Mr. Darwin saw in his Voyage round The World in the Ship “Beagle.” [Compiled and adapted from “Journal of Researches into the Geology and Natural History of the Various Countries visited by H.M.S. Beagle, etc.”]	Darwin, Charles	lsidyv3c8ea4b0	New York	000868098	ark:/81055/vdc_00000005BB84	1879	http://www.flickr.com/photos/britishlibrary/11272656194	1	000185	11272656194	http://farm4.staticflickr.com/3755/11272656194_462dfe86cf_m.jpg	237	240	http://farm4.staticflickr.com/3755/11272656194_462dfe86cf.jpg	494	500	http://farm4.staticflickr.com/3755/11272656194_462dfe86cf_b.jpg	1012	1024	http://farm4.staticflickr.com/3755/11272656194_2ce7ee37e6_o.jpg	1020	1032
02		Paris à travers les siècles. Histoire nationale de Paris et des Parisiens depuis la fondation de Lutèce jusqu'à nos jours, etc	GOURDON DE GENOUILLAC, Nicolas Jules Henri.		Paris	001476975		1879	http://www.flickr.com/photos/britishlibrary/11272702053	1	000431	11272702053	http://farm6.staticflickr.com/5512/11272702053_8fc9e5d68a_m.jpg	162	240	http://farm6.staticflickr.com/5512/11272702053_8fc9e5d68a.jpg	338	500	http://farm6.staticflickr.com/5512/11272702053_8fc9e5d68a_b.jpg	693	1024	http://farm6.staticflickr.com/5512/11272702053_350976ec3f_o.jpg	1166	1722
02	American News Company	Round the world with General Grant. A narrative of the visit of General U. S. Grant ... to various countries ... in 1877, 1878, 1879. To which are added certain conversations with General Grant on questions connected with American politics and history ... With ... illustrations	YOUNG, John Russell.		New York	004002305		1879	http://www.flickr.com/photos/britishlibrary/11272590915	1	000054	11272590915	http://farm4.staticflickr.com/3775/11272590915_277e6c7421_m.jpg	240	180	http://farm4.staticflickr.com/3775/11272590915_277e6c7421.jpg	500	375	http://farm4.staticflickr.com/3775/11272590915_277e6c7421_b.jpg	1024	769	http://farm4.staticflickr.com/3775/11272590915_3561c46154_o.jpg	1306	981
0	Harper & Bros.	From Egypt to Palestine through Sinai, the Wilderness and the South Country. Observations of a journey made with special reference to the history of the Israelites ... With maps and illustrations	BARTLETT, Samuel Colcord.	lsidyv3c53baba	New York	000216339	ark:/81055/vdc_000000059CA0	1879	http://www.flickr.com/photos/britishlibrary/11272630886	1	000008	11272630886	http://farm4.staticflickr.com/3681/11272630886_0427e3b4fa_m.jpg	240	117	http://farm4.staticflickr.com/3681/11272630886_0427e3b4fa.jpg	500	244	http://farm4.staticflickr.com/3681/11272630886_0427e3b4fa_b.jpg	1024	499	http://farm4.staticflickr.com/3681/11272630886_a895fa17fa_o.jpg	2013	980
0	Wesleyan Conference Office	Rambles in Bible Lands	NEWTON, Richard D.D., Rector of St. Paul's Church, Philadelphia	lsidyv3ca35e3a	London	002646495	ark:/81055/vdc_00000005C826	1879	http://www.flickr.com/photos/britishlibrary/11272589165	1	000103	11272589165	http://farm3.staticflickr.com/2819/11272589165_4beb5645bb_m.jpg	240	203	http://farm3.staticflickr.com/2819/11272589165_4beb5645bb.jpg	500	424	http://farm3.staticflickr.com/2819/11272589165_4beb5645bb_b.jpg	1024	868	http://farm3.staticflickr.com/2819/11272589165_e7fcab8508_o.jpg	1561	1323
01	Tinsley Brothers	Berlin under the New Empire, its institutions, inhabitants, industry ... With ... engravings, etc	VIZETELLY, Henry.		London	003807524		1879	http://www.flickr.com/photos/britishlibrary/11272589775	1	000280	11272589775	http://farm6.staticflickr.com/5489/11272589775_795f87cb55_m.jpg	203	240	http://farm6.staticflickr.com/5489/11272589775_795f87cb55.jpg	422	500	http://farm6.staticflickr.com/5489/11272589775_795f87cb55_b.jpg	865	1024	http://farm6.staticflickr.com/5489/11272589775_03e7d89f5a_o.jpg	1201	1421
01	American News Company	Round the world with General Grant. A narrative of the visit of General U. S. Grant ... to various countries ... in 1877, 1878, 1879. To which are added certain conversations with General Grant on questions connected with American politics and history ... With ... illustrations	YOUNG, John Russell.		New York	004002305		1879	http://www.flickr.com/photos/britishlibrary/11272652244	1	000569	11272652244	http://farm3.staticflickr.com/2830/11272652244_1e5a7fe9d4_m.jpg	172	240	http://farm3.staticflickr.com/2830/11272652244_1e5a7fe9d4.jpg	357	500	http://farm3.staticflickr.com/2830/11272652244_1e5a7fe9d4_b.jpg	732	1024	http://farm3.staticflickr.com/2830/11272652244_2d73a155c5_o.jpg	1227	1716
0	Union Historical Co.	The History of Madison County ... Illustrated			Des Moines	002336728		1879	http://www.flickr.com/photos/britishlibrary/11272652064	2	000113	11272652064	http://farm8.staticflickr.com/7442/11272652064_4877baf4a6_m.jpg	171	240	http://farm8.staticflickr.com/7442/11272652064_4877baf4a6.jpg	357	500	http://farm8.staticflickr.com/7442/11272652064_4877baf4a6_b.jpg	731	1024	http://farm8.staticflickr.com/7442/11272652064_727686b535_o.jpg	1137	1593
0		The Wild Man at Home: or, pictures of life in savage lands ... With woodcuts ... and coloured illustrations	GREENWOOD, James Novelist	lsidyv2af6fa2f	London, Edinburgh	001503444	ark:/81055/vdc_0000000519A2	1879	http://www.flickr.com/photos/britishlibrary/11272651724	1	000285	11272651724	http://farm8.staticflickr.com/7417/11272651724_c305bfde30_m.jpg	240	157	http://farm8.staticflickr.com/7417/11272651724_c305bfde30.jpg	500	327	http://farm8.staticflickr.com/7417/11272651724_c305bfde30_b.jpg	1024	669	http://farm8.staticflickr.com/7417/11272651724_9bea6d84e9_o.jpg	1343	877
06		Old and New London, etc	Thornbury, Walter	lsidyv3c47ab1a	London	003628788	ark:/81055/vdc_000000059328	1879	http://www.flickr.com/photos/britishlibrary/11272586145	1	000284	11272586145	http://farm4.staticflickr.com/3676/11272586145_3527c2eea3_m.jpg	240	184	http://farm4.staticflickr.com/3676/11272586145_3527c2eea3.jpg	500	384	http://farm4.staticflickr.com/3676/11272586145_3527c2eea3_b.jpg	1024	786	http://farm4.staticflickr.com/3676/11272586145_8b94ddc804_o.jpg	1651	1267
0	Religious Tract Society	The Lands of Scripture: comprising “Those Holy Fields”; “The Land of the Pharaohs” [both by S. M.]; “Pictures from Bible Lands” (edited by S. G. Green. The illustrations by E. Whymper, etc.)	MANNING, Samuel LL.D		London	002369128		1879	http://www.flickr.com/photos/britishlibrary/11272650784	1	000109	11272650784	http://farm8.staticflickr.com/7307/11272650784_02e56d129b_m.jpg	83	240	http://farm8.staticflickr.com/7307/11272650784_02e56d129b.jpg	173	500	http://farm8.staticflickr.com/7307/11272650784_02e56d129b_b.jpg	354	1024	http://farm8.staticflickr.com/7307/11272650784_cacca950d3_o.jpg	681	1972
0	A. Williams & Co.	History of the town of Hollis, New Hampshire, from its first settlement to ... 1879. ... Illustrated, etc	WORCESTER, Samuel T.		Boston [Mass.]	003975907		1879	http://www.flickr.com/photos/britishlibrary/11272585655	1	000271	11272585655	http://farm8.staticflickr.com/7390/11272585655_5b5c317358_m.jpg	240	203	http://farm8.staticflickr.com/7390/11272585655_5b5c317358.jpg	500	423	http://farm8.staticflickr.com/7390/11272585655_5b5c317358_b.jpg	1024	867	http://farm8.staticflickr.com/7390/11272585655_f9fe9845a3_o.jpg	1301	1101
0		The Illustrated Guide to Sheffield and the surrounding district, etc	TAYLOR, John of Sheffield		Sheffield	003589731		1879	http://www.flickr.com/photos/britishlibrary/11272649104	1	000420	11272649104	http://farm4.staticflickr.com/3786/11272649104_a9fb0c62f3_m.jpg	202	240	http://farm4.staticflickr.com/3786/11272649104_a9fb0c62f3.jpg	421	500	http://farm4.staticflickr.com/3786/11272649104_a9fb0c62f3_b.jpg	862	1024	http://farm4.staticflickr.com/3786/11272649104_5560aebb8d_o.jpg	1188	1411
0		Les Rues du vieux Paris. Galerie populaire et pittoresque ... Ouvrage illustré de 165 gravures sur bois	FOURNEL, Victor.		Paris	001279089		1879	http://www.flickr.com/photos/britishlibrary/11272624936	1	000368	11272624936	http://farm8.staticflickr.com/7357/11272624936_35474ccd7c_m.jpg	234	240	http://farm8.staticflickr.com/7357/11272624936_35474ccd7c.jpg	487	500	http://farm8.staticflickr.com/7357/11272624936_35474ccd7c_b.jpg	998	1024	http://farm8.staticflickr.com/7357/11272624936_f4e8878dc1_o.jpg	1346	1381
01	American News Company	Round the world with General Grant. A narrative of the visit of General U. S. Grant ... to various countries ... in 1877, 1878, 1879. To which are added certain conversations with General Grant on questions connected with American politics and history ... With ... illustrations	YOUNG, John Russell.		New York	004002305		1879	http://www.flickr.com/photos/britishlibrary/11272648294	1	000680	11272648294	http://farm4.staticflickr.com/3831/11272648294_9ff35a778c_m.jpg	173	240	http://farm4.staticflickr.com/3831/11272648294_9ff35a778c.jpg	360	500	http://farm4.staticflickr.com/3831/11272648294_9ff35a778c_b.jpg	738	1024	http://farm4.staticflickr.com/3831/11272648294_b82c578425_o.jpg	1236	1716
0	Religious Tract Society	The Lands of Scripture: comprising “Those Holy Fields”; “The Land of the Pharaohs” [both by S. M.]; “Pictures from Bible Lands” (edited by S. G. Green. The illustrations by E. Whymper, etc.)	MANNING, Samuel LL.D		London	002369128		1879	http://www.flickr.com/photos/britishlibrary/11272583655	1	000129	11272583655	http://farm4.staticflickr.com/3756/11272583655_69ffd7d8b2_m.jpg	240	236	http://farm4.staticflickr.com/3756/11272583655_69ffd7d8b2.jpg	500	493	http://farm4.staticflickr.com/3756/11272583655_69ffd7d8b2_b.jpg	1024	1009	http://farm4.staticflickr.com/3756/11272583655_8c0efb32f5_o.jpg	1046	1031
02		A magyar nemzet története. I. kötet írta Bodon J. és Dr. Szalay J. (II.-IV.) kötet, írta Dr. Szalay J.) [With portraits.]	BODON, József and SZALAY (József)		Budapest	000389221		1879	http://www.flickr.com/photos/britishlibrary/11272647824	2	000215	11272647824	http://farm6.staticflickr.com/5475/11272647824_22d8fd4127_m.jpg	88	240	http://farm6.staticflickr.com/5475/11272647824_22d8fd4127.jpg	184	500	http://farm6.staticflickr.com/5475/11272647824_22d8fd4127_b.jpg	376	1024	http://farm6.staticflickr.com/5475/11272647824_34e4100054_o.jpg	702	1913
0	N. D. Thompson & Co.	A Pictorial History of Texas, from the earliest visits of European adventurers to A.D. 1879 ... Third edition, ... revised	THRALL, Homer S.		St. Louis, Mo	003632148		1879	http://www.flickr.com/photos/britishlibrary/11272622726	1	000451	11272622726	http://farm4.staticflickr.com/3809/11272622726_96aea83e01_m.jpg	240	183	http://farm4.staticflickr.com/3809/11272622726_96aea83e01.jpg	500	381	http://farm4.staticflickr.com/3809/11272622726_96aea83e01_b.jpg	1024	780	http://farm4.staticflickr.com/3809/11272622726_4fe24ba222_o.jpg	1372	1045
0	Religious Tract Society	The Lands of Scripture: comprising “Those Holy Fields”; “The Land of the Pharaohs” [both by S. M.]; “Pictures from Bible Lands” (edited by S. G. Green. The illustrations by E. Whymper, etc.)	MANNING, Samuel LL.D		London	002369128		1879	http://www.flickr.com/photos/britishlibrary/11272693403	1	000166	11272693403	http://farm6.staticflickr.com/5479/11272693403_289f7b5984_m.jpg	240	116	http://farm6.staticflickr.com/5479/11272693403_289f7b5984.jpg	500	242	http://farm6.staticflickr.com/5479/11272693403_289f7b5984_b.jpg	1024	496	http://farm6.staticflickr.com/5479/11272693403_4f6cb6f3b0_o.jpg	1913	927
02	American News Company	Round the world with General Grant. A narrative of the visit of General U. S. Grant ... to various countries ... in 1877, 1878, 1879. To which are added certain conversations with General Grant on questions connected with American politics and history ... With ... illustrations	YOUNG, John Russell.		New York	004002305		1879	http://www.flickr.com/photos/britishlibrary/11272621476	1	000029	11272621476	http://farm3.staticflickr.com/2875/11272621476_a0606ae6d2_m.jpg	173	240	http://farm3.staticflickr.com/2875/11272621476_a0606ae6d2.jpg	361	500	http://farm3.staticflickr.com/2875/11272621476_a0606ae6d2_b.jpg	740	1024	http://farm3.staticflickr.com/2875/11272621476_5a76111f18_o.jpg	1227	1697
01		Sahărâ und Sûdân. Ergebnisse sechsjähriger Reisen in Afrika. (Thl. 3 herausgegeben von E. Groddeck.)	NACHTIGAL, Gustav.		Berlin	002599811		1879	http://www.flickr.com/photos/britishlibrary/11272645714	1	000596	11272645714	http://farm4.staticflickr.com/3807/11272645714_09b770f282_m.jpg	185	240	http://farm4.staticflickr.com/3807/11272645714_09b770f282.jpg	385	500	http://farm4.staticflickr.com/3807/11272645714_09b770f282_b.jpg	788	1024	http://farm4.staticflickr.com/3807/11272645714_d36d7d28c3_o.jpg	1133	1473
0		Les Rues du vieux Paris. Galerie populaire et pittoresque ... Ouvrage illustré de 165 gravures sur bois	FOURNEL, Victor.		Paris	001279089		1879	http://www.flickr.com/photos/britishlibrary/11272619446	1	000683	11272619446	http://farm4.staticflickr.com/3719/11272619446_d0ab06213e_m.jpg	240	163	http://farm4.staticflickr.com/3719/11272619446_d0ab06213e.jpg	500	339	http://farm4.staticflickr.com/3719/11272619446_d0ab06213e_b.jpg	1024	695	http://farm4.staticflickr.com/3719/11272619446_5b4e5b3fcd_o.jpg	1352	917
0		Les Rues du vieux Paris. Galerie populaire et pittoresque ... Ouvrage illustré de 165 gravures sur bois	FOURNEL, Victor.		Paris	001279089		1879	http://www.flickr.com/photos/britishlibrary/11272580275	1	000585	11272580275	http://farm8.staticflickr.com/7414/11272580275_58efdbb865_m.jpg	190	240	http://farm8.staticflickr.com/7414/11272580275_58efdbb865.jpg	396	500	http://farm8.staticflickr.com/7414/11272580275_58efdbb865_b.jpg	812	1024	http://farm8.staticflickr.com/7414/11272580275_43f9a9623c_o.jpg	1185	1494
0	Lewis, Peck & Co.	History of Steuben County, New York, with illustrations and biographical sketches of some of its prominent men and pioneers	CLAYTON, W. Woodford.		Philadelphia	000719876		1879	http://www.flickr.com/photos/britishlibrary/11272579845	2	000754	11272579845	http://farm4.staticflickr.com/3791/11272579845_0edeb29ee4_m.jpg	240	164	http://farm4.staticflickr.com/3791/11272579845_0edeb29ee4.jpg	500	342	http://farm4.staticflickr.com/3791/11272579845_0edeb29ee4_b.jpg	1024	701	http://farm4.staticflickr.com/3791/11272579845_54e71e4773_o.jpg	1456	997
0	D. W. Ensign & Co.	History of Columbiana County, Ohio, with illustrations and biographical sketches of its prominent men and pioneers	MACK, Horace.		Philadelphia	002319445		1879	http://www.flickr.com/photos/britishlibrary/11272690973	1	000313	11272690973	http://farm3.staticflickr.com/2835/11272690973_f30e53f7d2_m.jpg	240	233	http://farm3.staticflickr.com/2835/11272690973_f30e53f7d2.jpg	500	486	http://farm3.staticflickr.com/2835/11272690973_f30e53f7d2_b.jpg	1024	996	http://farm3.staticflickr.com/2835/11272690973_641a1d7f48_o.jpg	1241	1207
02	American News Company	Round the world with General Grant. A narrative of the visit of General U. S. Grant ... to various countries ... in 1877, 1878, 1879. To which are added certain conversations with General Grant on questions connected with American politics and history ... With ... illustrations	YOUNG, John Russell.		New York	004002305		1879	http://www.flickr.com/photos/britishlibrary/11272642614	1	000562	11272642614	http://farm8.staticflickr.com/7340/11272642614_06b691b8a2_m.jpg	240	154	http://farm8.staticflickr.com/7340/11272642614_06b691b8a2.jpg	500	320	http://farm8.staticflickr.com/7340/11272642614_06b691b8a2_b.jpg	1024	655	http://farm8.staticflickr.com/7340/11272642614_818784207d_o.jpg	1816	1161
0	Waterlow & Sons	Up the River from Westminster to Windsor and Oxford; a descriptive panorama of Thames Scenery			London	003606029		1879	http://www.flickr.com/photos/britishlibrary/11272689453	1	000142	11272689453	http://farm8.staticflickr.com/7440/11272689453_1140c20f6b_m.jpg	139	240	http://farm8.staticflickr.com/7440/11272689453_1140c20f6b.jpg	291	500	http://farm8.staticflickr.com/7440/11272689453_1140c20f6b_b.jpg	595	1024	http://farm8.staticflickr.com/7440/11272689453_170c8b5b48_o.jpg	800	1377
0	Cassell, Petter, Galpin & Co.	Morocco: its people and places ... Translated by C. Rollin-Tilton. With ... illustrations	AMICIS, Edmondo de.	lsidyv3c6b00d2	London	000070870	ark:/81055/vdc_00000005AC0C	1879	http://www.flickr.com/photos/britishlibrary/11272577365	1	000120	11272577365	http://farm6.staticflickr.com/5478/11272577365_69b4942593_m.jpg	240	210	http://farm6.staticflickr.com/5478/11272577365_69b4942593.jpg	500	437	http://farm6.staticflickr.com/5478/11272577365_69b4942593_b.jpg	1024	894	http://farm6.staticflickr.com/5478/11272577365_1257201bcd_o.jpg	1195	1043
0	C. R. Barns	Switzler's Illustrated History of Missouri, from 1541 to 1877, etc. [Edited by C. R. Barns. From the larger work edited by him, entitled: “The Commonwealth of Missouri.”]	BARNS, Chancy R.		Saint Louis	000206134		1879	http://www.flickr.com/photos/britishlibrary/11272576585	1	000270	11272576585	http://farm4.staticflickr.com/3793/11272576585_771cc21f32_m.jpg	202	240	http://farm4.staticflickr.com/3793/11272576585_771cc21f32.jpg	421	500	http://farm4.staticflickr.com/3793/11272576585_771cc21f32_b.jpg	863	1024	http://farm4.staticflickr.com/3793/11272576585_0bee744d88_o.jpg	987	1171
0		A Dreamer's sketch-book ... [In verse.] With illustrations	WALTERS, Sophia Lydia.		London, Edinburgh [printed]	003845078		1879	http://www.flickr.com/photos/britishlibrary/11272616076	1	000119	11272616076	http://farm6.staticflickr.com/5533/11272616076_92a973b8ea_m.jpg	240	218	http://farm6.staticflickr.com/5533/11272616076_92a973b8ea.jpg	500	454	http://farm6.staticflickr.com/5533/11272616076_92a973b8ea_b.jpg	1024	930	http://farm6.staticflickr.com/5533/11272616076_9db4a06ccd_o.jpg	1257	1142
0		The Great Eastern Railway Company's Tourist-Guide to the Continent. ... With illustrations ... and a map	LINDLEY, Percy.	lsidyv3cad916f	London	002174468	ark:/81055/vdc_00000005CE44	1879	http://www.flickr.com/photos/britishlibrary/11272640264	1	000133	11272640264	http://farm3.staticflickr.com/2841/11272640264_d39412f312_m.jpg	165	240	http://farm3.staticflickr.com/2841/11272640264_d39412f312.jpg	344	500	http://farm3.staticflickr.com/2841/11272640264_d39412f312_b.jpg	704	1024	http://farm3.staticflickr.com/2841/11272640264_b3aa8d57bc_o.jpg	828	1204
02	American News Company	Round the world with General Grant. A narrative of the visit of General U. S. Grant ... to various countries ... in 1877, 1878, 1879. To which are added certain conversations with General Grant on questions connected with American politics and history ... With ... illustrations	YOUNG, John Russell.		New York	004002305		1879	http://www.flickr.com/photos/britishlibrary/11272639584	1	000066	11272639584	http://farm6.staticflickr.com/5490/11272639584_88e94efa0b_m.jpg	179	240	http://farm6.staticflickr.com/5490/11272639584_88e94efa0b.jpg	373	500	http://farm6.staticflickr.com/5490/11272639584_88e94efa0b_b.jpg	764	1024	http://farm6.staticflickr.com/5490/11272639584_a9f3ee6f9b_o.jpg	1247	1671
0	W. & R. Chambers	Story of St. Giles' Cathedral Church, Edinburgh. [With a plan.]	Chambers, William		Edinburgh	000655296		1879	http://www.flickr.com/photos/britishlibrary/11272574875	1	000004	11272574875	http://farm8.staticflickr.com/7442/11272574875_d10ee0b818_m.jpg	230	240	http://farm8.staticflickr.com/7442/11272574875_d10ee0b818.jpg	479	500	http://farm8.staticflickr.com/7442/11272574875_d10ee0b818_b.jpg	980	1024	http://farm8.staticflickr.com/7442/11272574875_09177212e8_o.jpg	1282	1339
0		Les Rues du vieux Paris. Galerie populaire et pittoresque ... Ouvrage illustré de 165 gravures sur bois	FOURNEL, Victor.		Paris	001279089		1879	http://www.flickr.com/photos/britishlibrary/11272614376	1	000149	11272614376	http://farm8.staticflickr.com/7375/11272614376_7b6f98db92_m.jpg	201	240	http://farm8.staticflickr.com/7375/11272614376_7b6f98db92.jpg	419	500	http://farm8.staticflickr.com/7375/11272614376_7b6f98db92_b.jpg	858	1024	http://farm8.staticflickr.com/7375/11272614376_69a7394542_o.jpg	1220	1456
0	Marcus Ward & Co.	Our Native Land, its scenery and associations. A series of 36 water-colour sketches after Rowbotham, Read, Needham, and other eminent artists. With descriptive notes. [The author of the text identified on the wrapper of pt. 1 as “the author of By Loch and by Land”, i.e. Jean L. Watson.]	WATSON, Jean L.		London	001140593		1879	http://www.flickr.com/photos/britishlibrary/11272637764	1	000247	11272637764	http://farm4.staticflickr.com/3754/11272637764_7a6f6b332e_m.jpg	107	240	http://farm4.staticflickr.com/3754/11272637764_7a6f6b332e.jpg	223	500	http://farm4.staticflickr.com/3754/11272637764_7a6f6b332e_b.jpg	456	1024	http://farm4.staticflickr.com/3754/11272637764_52041dffaf_o.jpg	785	1761
0		Les Rues du vieux Paris. Galerie populaire et pittoresque ... Ouvrage illustré de 165 gravures sur bois	FOURNEL, Victor.		Paris	001279089		1879	http://www.flickr.com/photos/britishlibrary/11272637834	1	000439	11272637834	http://farm4.staticflickr.com/3780/11272637834_cbafed7338_m.jpg	240	161	http://farm4.staticflickr.com/3780/11272637834_cbafed7338.jpg	500	335	http://farm4.staticflickr.com/3780/11272637834_cbafed7338_b.jpg	1024	686	http://farm4.staticflickr.com/3780/11272637834_a8ebe3cd9c_o.jpg	1530	1025
02	American News Company	Round the world with General Grant. A narrative of the visit of General U. S. Grant ... to various countries ... in 1877, 1878, 1879. To which are added certain conversations with General Grant on questions connected with American politics and history ... With ... illustrations	YOUNG, John Russell.		New York	004002305		1879	http://www.flickr.com/photos/britishlibrary/11272572645	1	000451	11272572645	http://farm6.staticflickr.com/5483/11272572645_3bbb545ea4_m.jpg	180	240	http://farm6.staticflickr.com/5483/11272572645_3bbb545ea4.jpg	376	500	http://farm6.staticflickr.com/5483/11272572645_3bbb545ea4_b.jpg	770	1024	http://farm6.staticflickr.com/5483/11272572645_a736018f95_o.jpg	1268	1687
0	Cassell, Petter, Galpin & Co.	Morocco: its people and places ... Translated by C. Rollin-Tilton. With ... illustrations	AMICIS, Edmondo de.	lsidyv3c6b00d2	London	000070870	ark:/81055/vdc_00000005AC0C	1879	http://www.flickr.com/photos/britishlibrary/11272612216	1	000135	11272612216	http://farm6.staticflickr.com/5502/11272612216_292f02e852_m.jpg	111	240	http://farm6.staticflickr.com/5502/11272612216_292f02e852.jpg	232	500	http://farm6.staticflickr.com/5502/11272612216_292f02e852_b.jpg	475	1024	http://farm6.staticflickr.com/5502/11272612216_2f1557dc24_o.jpg	907	1957
0	Marcus Ward & Co.	Our Native Land, its scenery and associations. A series of 36 water-colour sketches after Rowbotham, Read, Needham, and other eminent artists. With descriptive notes. [The author of the text identified on the wrapper of pt. 1 as “the author of By Loch and by Land”, i.e. Jean L. Watson.]	WATSON, Jean L.		London	001140593		1879	http://www.flickr.com/photos/britishlibrary/11272636164	2	000343	11272636164	http://farm6.staticflickr.com/5517/11272636164_b90e5d12c6_m.jpg	240	107	http://farm6.staticflickr.com/5517/11272636164_b90e5d12c6.jpg	500	223	http://farm6.staticflickr.com/5517/11272636164_b90e5d12c6_b.jpg	1024	457	http://farm6.staticflickr.com/5517/11272636164_0b3f9c62c4_o.jpg	1895	845
0	John Murray	[The Student's Manual of Modern Geography. Mathematical, physical, and descriptive.]	BEVAN, William Latham.	lsidyv3ca2f2a9	London	000307737	ark:/81055/vdc_00000005C7F6	1879	http://www.flickr.com/photos/britishlibrary/11272571335	1	000141	11272571335	http://farm4.staticflickr.com/3675/11272571335_1d9950126e_m.jpg	188	240	http://farm4.staticflickr.com/3675/11272571335_1d9950126e.jpg	392	500	http://farm4.staticflickr.com/3675/11272571335_1d9950126e_b.jpg	803	1024	http://farm4.staticflickr.com/3675/11272571335_1818b0e7c6_o.jpg	961	1225
02	American News Company	Round the world with General Grant. A narrative of the visit of General U. S. Grant ... to various countries ... in 1877, 1878, 1879. To which are added certain conversations with General Grant on questions connected with American politics and history ... With ... illustrations	YOUNG, John Russell.		New York	004002305		1879	http://www.flickr.com/photos/britishlibrary/11272634974	1	000168	11272634974	http://farm8.staticflickr.com/7365/11272634974_1b84e7a170_m.jpg	168	240	http://farm8.staticflickr.com/7365/11272634974_1b84e7a170.jpg	350	500	http://farm8.staticflickr.com/7365/11272634974_1b84e7a170_b.jpg	717	1024	http://farm8.staticflickr.com/7365/11272634974_c4f83a81c9_o.jpg	1168	1668
0		Очерки Русской Исторіи въ памятникахъ быта. pt. 1, 2	POLEVOI, Petr Nikolaevich.		С.-Петербургъ	002948284		1879	http://www.flickr.com/photos/britishlibrary/11272610906	1	000087	11272610906	http://farm6.staticflickr.com/5510/11272610906_45abe7e0de_m.jpg	194	240	http://farm6.staticflickr.com/5510/11272610906_45abe7e0de.jpg	405	500	http://farm6.staticflickr.com/5510/11272610906_45abe7e0de_b.jpg	829	1024	http://farm6.staticflickr.com/5510/11272610906_bfc87f8d90_o.jpg	1177	1453
02		The Australian abroad. Branches from the Main Routes round the World. [Reprinted from the Melbourne “Argus.” With illustrations.] 2 series	HINGSTON, James.	lsidyv3cbf9abe	London	001689101	ark:/81055/vdc_00000005DA7A	1879	http://www.flickr.com/photos/britishlibrary/11272681963	1	000473	11272681963	http://farm4.staticflickr.com/3826/11272681963_c20814cfd3_m.jpg	180	240	http://farm4.staticflickr.com/3826/11272681963_c20814cfd3.jpg	376	500	http://farm4.staticflickr.com/3826/11272681963_c20814cfd3_b.jpg	770	1024	http://farm4.staticflickr.com/3826/11272681963_91da30cd4d_o.jpg	995	1323
0	Moses King	King's Handbook of Boston. Profusely illustrated. [With a map.]	KING, Moses.		Cambridge, Mass	001968594		1879	http://www.flickr.com/photos/britishlibrary/11272681023	1	000191	11272681023	http://farm8.staticflickr.com/7346/11272681023_50cc98ce30_m.jpg	236	240	http://farm8.staticflickr.com/7346/11272681023_50cc98ce30.jpg	492	500	http://farm8.staticflickr.com/7346/11272681023_50cc98ce30_b.jpg	1008	1024	http://farm8.staticflickr.com/7346/11272681023_0ac518d7d7_o.jpg	1083	1100
0	[Ward, Lock & Co.	[Charles O'Malley, the Irish Dragoon. Edited by Harry Lorrequer. [By C. J. L.]]	LEVER, Charles James.		London,] Perth [printed	002150760		1879	http://www.flickr.com/photos/britishlibrary/11272569455	1	000132	11272569455	http://farm3.staticflickr.com/2823/11272569455_2fa0b2ba6c_m.jpg	113	240	http://farm3.staticflickr.com/2823/11272569455_2fa0b2ba6c.jpg	235	500	http://farm3.staticflickr.com/2823/11272569455_2fa0b2ba6c_b.jpg	481	1024	http://farm3.staticflickr.com/2823/11272569455_f514c13e32_o.jpg	771	1640
0		[Guerra del Pacífico.] Chile. Episodias maritimos. Las dos Esmeraldas	VICUÑA MACKENNA, Benjamín.		Santiago	003787772		1879	http://www.flickr.com/photos/britishlibrary/11272568045	1	000211	11272568045	http://farm8.staticflickr.com/7348/11272568045_b01963245f_m.jpg	231	240	http://farm8.staticflickr.com/7348/11272568045_b01963245f.jpg	481	500	http://farm8.staticflickr.com/7348/11272568045_b01963245f_b.jpg	985	1024	http://farm8.staticflickr.com/7348/11272568045_a792bd551a_o.jpg	1117	1161
01	Tinsley Brothers	Berlin under the New Empire, its institutions, inhabitants, industry ... With ... engravings, etc	VIZETELLY, Henry.		London	003807524		1879	http://www.flickr.com/photos/britishlibrary/11272567665	2	000246	11272567665	http://farm4.staticflickr.com/3748/11272567665_d7c923b879_m.jpg	240	199	http://farm4.staticflickr.com/3748/11272567665_d7c923b879.jpg	500	415	http://farm4.staticflickr.com/3748/11272567665_d7c923b879_b.jpg	1024	849	http://farm4.staticflickr.com/3748/11272567665_06878eb740_o.jpg	1216	1008
02	D. Appleton & Co.	[Appleton's European Guide Book illustrated. Including England, Scotland, and Ireland, France, Belgium, Holland, Northern and Southern Germany, Switzerland, Italy, Spain and Portugal, Russia, Denmark, Norway, and Sweden. Containing ... maps, etc.]	APPLETON, Daniel AND CO	lsidyv3cbe7355	New York; Longmans & Co	000100280	ark:/81055/vdc_00000005D9DE	1879	http://www.flickr.com/photos/britishlibrary/11272567205	1	000609	11272567205	http://farm4.staticflickr.com/3673/11272567205_2c01c6fe1d_m.jpg	143	240	http://farm4.staticflickr.com/3673/11272567205_2c01c6fe1d.jpg	299	500	http://farm4.staticflickr.com/3673/11272567205_2c01c6fe1d_b.jpg	612	1024	http://farm4.staticflickr.com/3673/11272567205_c961bbb745_o.jpg	767	1284
0	Religious Tract Society	The Lands of Scripture: comprising “Those Holy Fields”; “The Land of the Pharaohs” [both by S. M.]; “Pictures from Bible Lands” (edited by S. G. Green. The illustrations by E. Whymper, etc.)	MANNING, Samuel LL.D		London	002369128		1879	http://www.flickr.com/photos/britishlibrary/11272630614	1	000045	11272630614	http://farm4.staticflickr.com/3754/11272630614_5d86cbc8a1_m.jpg	177	240	http://farm4.staticflickr.com/3754/11272630614_5d86cbc8a1.jpg	370	500	http://farm4.staticflickr.com/3754/11272630614_5d86cbc8a1_b.jpg	757	1024	http://farm4.staticflickr.com/3754/11272630614_7a8836efd3_o.jpg	1070	1447
0	Western Historical Company	The History of Jefferson County, Wisconsin ... also History of Wisconsin [by C. W. Butterfield] ... Illustrated			Chicago	001859187		1879	http://www.flickr.com/photos/britishlibrary/11272630564	1	000375	11272630564	http://farm3.staticflickr.com/2846/11272630564_fd1db9ff3b_m.jpg	240	201	http://farm3.staticflickr.com/2846/11272630564_fd1db9ff3b.jpg	500	419	http://farm3.staticflickr.com/2846/11272630564_fd1db9ff3b_b.jpg	1024	859	http://farm3.staticflickr.com/2846/11272630564_f300354cd4_o.jpg	1573	1320
0		Les États-Unis d'Amérique. Impressions de Voyage, abrégées [from “White Conquest”] par H. Vattemare. [With illustrations.]	DIXON, William Hepworth F.S.A		Paris	000953753		1879	http://www.flickr.com/photos/britishlibrary/11272630034	1	000130	11272630034	http://farm3.staticflickr.com/2876/11272630034_c920a49d69_m.jpg	240	238	http://farm3.staticflickr.com/2876/11272630034_c920a49d69.jpg	500	496	http://farm3.staticflickr.com/2876/11272630034_c920a49d69_b.jpg	1024	1015	http://farm3.staticflickr.com/2876/11272630034_6e8357b0ca_o.jpg	1267	1256
0	W. Le Baron, Jr., & Co.	The history of McLean County, Illinois, containing a history of the County [by C. P. Merriman], its cities, towns, etc. [by J. H. Burnham, H. H. Hill, and A. W. Kellogg]	HILL, H. H. Historian		Chicago	002326542		1879	http://www.flickr.com/photos/britishlibrary/11272676193	1	000299	11272676193	http://farm8.staticflickr.com/7375/11272676193_cc80e8b6cc_m.jpg	240	199	http://farm8.staticflickr.com/7375/11272676193_cc80e8b6cc.jpg	500	415	http://farm8.staticflickr.com/7375/11272676193_cc80e8b6cc_b.jpg	1024	849	http://farm8.staticflickr.com/7375/11272676193_e39c48b9ab_o.jpg	1556	1290
01	American News Company	Round the world with General Grant. A narrative of the visit of General U. S. Grant ... to various countries ... in 1877, 1878, 1879. To which are added certain conversations with General Grant on questions connected with American politics and history ... With ... illustrations	YOUNG, John Russell.		New York	004002305		1879	http://www.flickr.com/photos/britishlibrary/11272604516	1	000231	11272604516	http://farm8.staticflickr.com/7323/11272604516_c502f48307_m.jpg	240	172	http://farm8.staticflickr.com/7323/11272604516_c502f48307.jpg	500	358	http://farm8.staticflickr.com/7323/11272604516_c502f48307_b.jpg	1024	734	http://farm8.staticflickr.com/7323/11272604516_c41db3fc03_o.jpg	1371	983
0	Everts & Ensign	History of Toga, Chemung, Tompkins, and Schuyler Counties, New York. With illustrations and biographical sketches of some of its prominent men and pioneers	PEIRCE, Henry B. and HURD (Duane Hamilton)		Philadelphia	002810116		1879	http://www.flickr.com/photos/britishlibrary/11272604286	2	001086	11272604286	http://farm4.staticflickr.com/3740/11272604286_64e9406cf4_m.jpg	240	195	http://farm4.staticflickr.com/3740/11272604286_64e9406cf4.jpg	500	406	http://farm4.staticflickr.com/3740/11272604286_64e9406cf4_b.jpg	1024	832	http://farm4.staticflickr.com/3740/11272604286_e4309cdb14_o.jpg	1220	991
0	Chapman & Hall	[On Foot in Spain. A walk from the Bay of Biscay to the Mediterranean ... Illustrated by original sketches.]	CAMPION, John S.	lsidyv3bf64a84	London	000587353	ark:/81055/vdc_000000055AAC	1879	http://www.flickr.com/photos/britishlibrary/11272601826	1	000235	11272601826	http://farm4.staticflickr.com/3778/11272601826_c6ca29abd2_m.jpg	240	154	http://farm4.staticflickr.com/3778/11272601826_c6ca29abd2.jpg	500	321	http://farm4.staticflickr.com/3778/11272601826_c6ca29abd2_b.jpg	1024	658	http://farm4.staticflickr.com/3778/11272601826_00222decaf_o.jpg	1761	1132
0		The Illustrated Guide to Sheffield and the surrounding district, etc	TAYLOR, John of Sheffield		Sheffield	003589731		1879	http://www.flickr.com/photos/britishlibrary/11272626674	1	000195	11272626674	http://farm8.staticflickr.com/7289/11272626674_d492a365c5_m.jpg	169	240	http://farm8.staticflickr.com/7289/11272626674_d492a365c5.jpg	352	500	http://farm8.staticflickr.com/7289/11272626674_d492a365c5_b.jpg	721	1024	http://farm8.staticflickr.com/7289/11272626674_a9774cb3a3_o.jpg	996	1415
02	American News Company	Round the world with General Grant. A narrative of the visit of General U. S. Grant ... to various countries ... in 1877, 1878, 1879. To which are added certain conversations with General Grant on questions connected with American politics and history ... With ... illustrations	YOUNG, John Russell.		New York	004002305		1879	http://www.flickr.com/photos/britishlibrary/11272602446	1	000592	11272602446	http://farm8.staticflickr.com/7414/11272602446_1dee5a655d_m.jpg	240	175	http://farm8.staticflickr.com/7414/11272602446_1dee5a655d.jpg	500	364	http://farm8.staticflickr.com/7414/11272602446_1dee5a655d_b.jpg	1024	746	http://farm8.staticflickr.com/7414/11272602446_996491dba6_o.jpg	1657	1207
02	D. Appleton & Co.	[Appleton's European Guide Book illustrated. Including England, Scotland, and Ireland, France, Belgium, Holland, Northern and Southern Germany, Switzerland, Italy, Spain and Portugal, Russia, Denmark, Norway, and Sweden. Containing ... maps, etc.]	APPLETON, Daniel AND CO	lsidyv3cbe7355	New York; Longmans & Co	000100280	ark:/81055/vdc_00000005D9DE	1879	http://www.flickr.com/photos/britishlibrary/11272561305	1	000138	11272561305	http://farm8.staticflickr.com/7336/11272561305_8d30aa8b2d_m.jpg	205	240	http://farm8.staticflickr.com/7336/11272561305_8d30aa8b2d.jpg	426	500	http://farm8.staticflickr.com/7336/11272561305_8d30aa8b2d_b.jpg	873	1024	http://farm8.staticflickr.com/7336/11272561305_bbbbfb6591_o.jpg	1006	1180
0	W. Mullan & Son	Winifred Martin. A story of English family life ... With illustrations, etc	BROOK, afterwards ROSS, Ellen.		London & Belfast	000486054		1879	http://www.flickr.com/photos/britishlibrary/11272624574	1	000323	11272624574	http://farm4.staticflickr.com/3752/11272624574_16dfbd042e_m.jpg	191	240	http://farm4.staticflickr.com/3752/11272624574_16dfbd042e.jpg	398	500	http://farm4.staticflickr.com/3752/11272624574_16dfbd042e_b.jpg	815	1024	http://farm4.staticflickr.com/3752/11272624574_40a32d5dc5_o.jpg	960	1206
01	D. Appleton & Co.	[Appleton's European Guide Book illustrated. Including England, Scotland, and Ireland, France, Belgium, Holland, Northern and Southern Germany, Switzerland, Italy, Spain and Portugal, Russia, Denmark, Norway, and Sweden. Containing ... maps, etc.]	APPLETON, Daniel AND CO	lsidyv3cbe7355	New York; Longmans & Co	000100280	ark:/81055/vdc_00000005D9DE	1879	http://www.flickr.com/photos/britishlibrary/11272671453	1	000648	11272671453	http://farm6.staticflickr.com/5480/11272671453_dd1f271a3e_m.jpg	199	240	http://farm6.staticflickr.com/5480/11272671453_dd1f271a3e.jpg	416	500	http://farm6.staticflickr.com/5480/11272671453_dd1f271a3e_b.jpg	851	1024	http://farm6.staticflickr.com/5480/11272671453_6848a92f5d_o.jpg	1025	1233
02	D. Appleton & Co.	[Appleton's European Guide Book illustrated. Including England, Scotland, and Ireland, France, Belgium, Holland, Northern and Southern Germany, Switzerland, Italy, Spain and Portugal, Russia, Denmark, Norway, and Sweden. Containing ... maps, etc.]	APPLETON, Daniel AND CO	lsidyv3cbe7355	New York; Longmans & Co	000100280	ark:/81055/vdc_00000005D9DE	1879	http://www.flickr.com/photos/britishlibrary/11272670993	1	000634	11272670993	http://farm8.staticflickr.com/7423/11272670993_8a91b2c37c_m.jpg	168	240	http://farm8.staticflickr.com/7423/11272670993_8a91b2c37c.jpg	350	500	http://farm8.staticflickr.com/7423/11272670993_8a91b2c37c_b.jpg	716	1024	http://farm8.staticflickr.com/7423/11272670993_2c36daf05c_o.jpg	898	1284
01	American News Company	Round the world with General Grant. A narrative of the visit of General U. S. Grant ... to various countries ... in 1877, 1878, 1879. To which are added certain conversations with General Grant on questions connected with American politics and history ... With ... illustrations	YOUNG, John Russell.		New York	004002305		1879	http://www.flickr.com/photos/britishlibrary/11272671203	1	000094	11272671203	http://farm6.staticflickr.com/5481/11272671203_c62be8633d_m.jpg	240	179	http://farm6.staticflickr.com/5481/11272671203_c62be8633d.jpg	500	374	http://farm6.staticflickr.com/5481/11272671203_c62be8633d_b.jpg	1024	765	http://farm6.staticflickr.com/5481/11272671203_2b7c5e9961_o.jpg	1241	927
0	T. Lewis	Waltham, past and present, and its industries. With ... photographic illustrations	NELSON, Charles Alexander.		Cambridge [Mass.]	002618620		1879	http://www.flickr.com/photos/britishlibrary/11272621874	1	000183	11272621874	http://farm8.staticflickr.com/7436/11272621874_dc31d2bbbe_m.jpg	170	240	http://farm8.staticflickr.com/7436/11272621874_dc31d2bbbe.jpg	354	500	http://farm8.staticflickr.com/7436/11272621874_dc31d2bbbe_b.jpg	724	1024	http://farm8.staticflickr.com/7436/11272621874_a249bdda8d_o.jpg	995	1408
0		Et Besøg i Grækenland, Ægypten og Tyrkiet, etc	HOSKIÆR, Otto Valdemar von.		Kjøbenhavn	001740426		1879	http://www.flickr.com/photos/britishlibrary/11272558455	1	000007	11272558455	http://farm8.staticflickr.com/7289/11272558455_de3eb812e5_m.jpg	240	211	http://farm8.staticflickr.com/7289/11272558455_de3eb812e5.jpg	500	440	http://farm8.staticflickr.com/7289/11272558455_de3eb812e5_b.jpg	1024	901	http://farm8.staticflickr.com/7289/11272558455_897519ce18_o.jpg	1105	972
0	J. B. Lippincott & Co.	With General Grant in the East	KEATING, John Marie.		Philadelphia	001938095		1879	http://www.flickr.com/photos/britishlibrary/11272668913	1	000025	11272668913	http://farm6.staticflickr.com/5532/11272668913_0d50862fa7_m.jpg	240	162	http://farm6.staticflickr.com/5532/11272668913_0d50862fa7.jpg	500	337	http://farm6.staticflickr.com/5532/11272668913_0d50862fa7_b.jpg	1024	691	http://farm6.staticflickr.com/5532/11272668913_5600e3a2a0_o.jpg	1678	1132
0	Moses King	King's Handbook of Boston. Profusely illustrated. [With a map.]	KING, Moses.		Cambridge, Mass	001968594		1879	http://www.flickr.com/photos/britishlibrary/11272557225	1	000269	11272557225	http://farm4.staticflickr.com/3703/11272557225_e35bf25b25_m.jpg	171	240	http://farm4.staticflickr.com/3703/11272557225_e35bf25b25.jpg	355	500	http://farm4.staticflickr.com/3703/11272557225_e35bf25b25_b.jpg	728	1024	http://farm4.staticflickr.com/3703/11272557225_3d2733ffc8_o.jpg	875	1231
0	The Mission Press	The manners and customs of the Chinese of the Straits Settlements	VAUGHAN, Jonas Daniel.	lsidyv3c6920e3	Singapore	003763775	ark:/81055/vdc_00000005AABC	1879	http://www.flickr.com/photos/britishlibrary/11272667673	2	000095	11272667673	http://farm8.staticflickr.com/7339/11272667673_59bbe8a2f5_m.jpg	179	240	http://farm8.staticflickr.com/7339/11272667673_59bbe8a2f5.jpg	373	500	http://farm8.staticflickr.com/7339/11272667673_59bbe8a2f5_b.jpg	763	1024	http://farm8.staticflickr.com/7339/11272667673_e59caf0ef2_o.jpg	1095	1470
0	N. D. Thompson & Co.	A Pictorial History of Texas, from the earliest visits of European adventurers to A.D. 1879 ... Third edition, ... revised	THRALL, Homer S.		St. Louis, Mo	003632148		1879	http://www.flickr.com/photos/britishlibrary/11272619174	1	000823	11272619174	http://farm8.staticflickr.com/7289/11272619174_d730569ef5_m.jpg	240	212	http://farm8.staticflickr.com/7289/11272619174_d730569ef5.jpg	500	442	http://farm8.staticflickr.com/7289/11272619174_d730569ef5_b.jpg	1024	906	http://farm8.staticflickr.com/7289/11272619174_4c80b11934_o.jpg	1307	1156
0	N. D. Thompson & Co.	A Pictorial History of Texas, from the earliest visits of European adventurers to A.D. 1879 ... Third edition, ... revised	THRALL, Homer S.		St. Louis, Mo	003632148		1879	http://www.flickr.com/photos/britishlibrary/11272666233	1	000069	11272666233	http://farm8.staticflickr.com/7339/11272666233_7c4ded2c7b_m.jpg	240	220	http://farm8.staticflickr.com/7339/11272666233_7c4ded2c7b.jpg	500	458	http://farm8.staticflickr.com/7339/11272666233_7c4ded2c7b_b.jpg	1024	938	http://farm8.staticflickr.com/7339/11272666233_f469f6a6c7_o.jpg	1468	1345
0		Очерки Русской Исторіи въ памятникахъ быта. pt. 1, 2	POLEVOI, Petr Nikolaevich.		С.-Петербургъ	002948284		1879	http://www.flickr.com/photos/britishlibrary/11272554975	2	000089	11272554975	http://farm3.staticflickr.com/2876/11272554975_5eac279a82_m.jpg	194	240	http://farm3.staticflickr.com/2876/11272554975_5eac279a82.jpg	404	500	http://farm3.staticflickr.com/2876/11272554975_5eac279a82_b.jpg	828	1024	http://farm3.staticflickr.com/2876/11272554975_55b96b19ba_o.jpg	1175	1453
0		A History of the Town of Franklin, Mass.; from its settlement to the completion of its first century, 2d March, 1878; with genealogical notices of its earliest families, sketches of its professional men, and a report of the centennial celebration. By Mortimer Blake	BLAKE, Mortimer.		Franklin	001311432		1879	http://www.flickr.com/photos/britishlibrary/11272593686	1	000125	11272593686	http://farm4.staticflickr.com/3750/11272593686_dff8181487_m.jpg	240	210	http://farm4.staticflickr.com/3750/11272593686_dff8181487.jpg	500	437	http://farm4.staticflickr.com/3750/11272593686_dff8181487_b.jpg	1024	895	http://farm4.staticflickr.com/3750/11272593686_53eb29ef71_o.jpg	1507	1317
0	Harper & Bros.	What Mr. Darwin saw in his Voyage round The World in the Ship “Beagle.” [Compiled and adapted from “Journal of Researches into the Geology and Natural History of the Various Countries visited by H.M.S. Beagle, etc.”]	Darwin, Charles	lsidyv3c8ea4b0	New York	000868098	ark:/81055/vdc_00000005BB84	1879	http://www.flickr.com/photos/britishlibrary/11272664513	1	000165	11272664513	http://farm3.staticflickr.com/2892/11272664513_1fbfb86598_m.jpg	150	240	http://farm3.staticflickr.com/2892/11272664513_1fbfb86598.jpg	312	500	http://farm3.staticflickr.com/2892/11272664513_1fbfb86598_b.jpg	638	1024	http://farm3.staticflickr.com/2892/11272664513_c2a2e63ebd_o.jpg	966	1550
02		A magyar nemzet története. I. kötet írta Bodon J. és Dr. Szalay J. (II.-IV.) kötet, írta Dr. Szalay J.) [With portraits.]	BODON, József and SZALAY (József)		Budapest	000389221		1879	http://www.flickr.com/photos/britishlibrary/11272592646	1	000117	11272592646	http://farm6.staticflickr.com/5540/11272592646_1190c26434_m.jpg	240	207	http://farm6.staticflickr.com/5540/11272592646_1190c26434.jpg	500	432	http://farm6.staticflickr.com/5540/11272592646_1190c26434_b.jpg	1024	884	http://farm6.staticflickr.com/5540/11272592646_0905398fe0_o.jpg	1380	1192
0		Очерки Русской Исторіи въ памятникахъ быта. pt. 1, 2	POLEVOI, Petr Nikolaevich.		С.-Петербургъ	002948284		1879	http://www.flickr.com/photos/britishlibrary/11272663193	1	000449	11272663193	http://farm4.staticflickr.com/3685/11272663193_1345e4d5ae_m.jpg	240	216	http://farm4.staticflickr.com/3685/11272663193_1345e4d5ae.jpg	500	450	http://farm4.staticflickr.com/3685/11272663193_1345e4d5ae_b.jpg	1024	921	http://farm4.staticflickr.com/3685/11272663193_e66c233e02_o.jpg	1455	1308
0	Cassell, Petter, Galpin & Co.	Morocco: its people and places ... Translated by C. Rollin-Tilton. With ... illustrations	AMICIS, Edmondo de.	lsidyv3c6b00d2	London	000070870	ark:/81055/vdc_00000005AC0C	1879	http://www.flickr.com/photos/britishlibrary/11272614664	1	000155	11272614664	http://farm3.staticflickr.com/2846/11272614664_aeb677e14b_m.jpg	240	179	http://farm3.staticflickr.com/2846/11272614664_aeb677e14b.jpg	500	372	http://farm3.staticflickr.com/2846/11272614664_aeb677e14b_b.jpg	1024	762	http://farm3.staticflickr.com/2846/11272614664_86c57e81de_o.jpg	1487	1107
0		Les Vieilles Villes de Suisse. Notes et souvenirs. Ouvrage illustré de 105 dessins à la plume par A. Robida reproduits en fac-simile	ROBIDA, Albert.		Paris	003121715		1879	http://www.flickr.com/photos/britishlibrary/11272614824	1	000161	11272614824	http://farm3.staticflickr.com/2814/11272614824_3ab687494d_m.jpg	152	240	http://farm3.staticflickr.com/2814/11272614824_3ab687494d.jpg	317	500	http://farm3.staticflickr.com/2814/11272614824_3ab687494d_b.jpg	650	1024	http://farm3.staticflickr.com/2814/11272614824_9ca5e350ab_o.jpg	1021	1608
0	J. Tweed	The Annals of Dumfermline and vicinity ... 1069-1878. Interspersed with ... notes, ... and ... engravings	HENDERSON, Ebenezer LL.D., F.R.A.S		Glasgow	001648659		1879	http://www.flickr.com/photos/britishlibrary/11272613264	1	000039	11272613264	http://farm4.staticflickr.com/3788/11272613264_65dfd940e6_m.jpg	162	240	http://farm4.staticflickr.com/3788/11272613264_65dfd940e6.jpg	337	500	http://farm4.staticflickr.com/3788/11272613264_65dfd940e6_b.jpg	690	1024	http://farm4.staticflickr.com/3788/11272613264_868a7b8b6d_o.jpg	1138	1690
01	American News Company	Round the world with General Grant. A narrative of the visit of General U. S. Grant ... to various countries ... in 1877, 1878, 1879. To which are added certain conversations with General Grant on questions connected with American politics and history ... With ... illustrations	YOUNG, John Russell.		New York	004002305		1879	http://www.flickr.com/photos/britishlibrary/11272612834	1	000515	11272612834	http://farm3.staticflickr.com/2883/11272612834_20012acfce_m.jpg	172	240	http://farm3.staticflickr.com/2883/11272612834_20012acfce.jpg	357	500	http://farm3.staticflickr.com/2883/11272612834_20012acfce_b.jpg	732	1024	http://farm3.staticflickr.com/2883/11272612834_59ca166ca9_o.jpg	1231	1723
02	D. Appleton & Co.	[Appleton's European Guide Book illustrated. Including England, Scotland, and Ireland, France, Belgium, Holland, Northern and Southern Germany, Switzerland, Italy, Spain and Portugal, Russia, Denmark, Norway, and Sweden. Containing ... maps, etc.]	APPLETON, Daniel AND CO	lsidyv3cbe7355	New York; Longmans & Co	000100280	ark:/81055/vdc_00000005D9DE	1879	http://www.flickr.com/photos/britishlibrary/11272612504	1	000240	11272612504	http://farm8.staticflickr.com/7395/11272612504_b755eab85b_m.jpg	187	240	http://farm8.staticflickr.com/7395/11272612504_b755eab85b.jpg	389	500	http://farm8.staticflickr.com/7395/11272612504_b755eab85b_b.jpg	796	1024	http://farm8.staticflickr.com/7395/11272612504_849a751b62_o.jpg	923	1187
0	Wesleyan Conference Office	Rambles in Bible Lands	NEWTON, Richard D.D., Rector of St. Paul's Church, Philadelphia	lsidyv3ca35e3a	London	002646495	ark:/81055/vdc_00000005C826	1879	http://www.flickr.com/photos/britishlibrary/11272657763	1	000090	11272657763	http://farm4.staticflickr.com/3758/11272657763_af8c472bc8_m.jpg	240	225	http://farm4.staticflickr.com/3758/11272657763_af8c472bc8.jpg	500	468	http://farm4.staticflickr.com/3758/11272657763_af8c472bc8_b.jpg	1024	958	http://farm4.staticflickr.com/3758/11272657763_ef2ec4aea1_o.jpg	1471	1376
02	L. H. Everts	History of the Connecticut Valley in Massachusetts (by N. B. Sylvester), with illustrations and biographical sketches of some of its prominent men and pioneers [by other authors]	SYLVESTER, Nathaniel Bartlett.		Philadelphia	003562080		1879	http://www.flickr.com/photos/britishlibrary/11272587866	1	000853	11272587866	http://farm4.staticflickr.com/3777/11272587866_1f892d44b5_m.jpg	240	209	http://farm4.staticflickr.com/3777/11272587866_1f892d44b5.jpg	500	435	http://farm4.staticflickr.com/3777/11272587866_1f892d44b5_b.jpg	1024	891	http://farm4.staticflickr.com/3777/11272587866_801eddb8be_o.jpg	1405	1222
0		The Great Eastern Railway Company's Tourist-Guide to the Continent. ... With illustrations ... and a map	LINDLEY, Percy.	lsidyv3cad916f	London	002174468	ark:/81055/vdc_00000005CE44	1879	http://www.flickr.com/photos/britishlibrary/11272547655	1	000099	11272547655	http://farm3.staticflickr.com/2822/11272547655_5d3afe39a6_m.jpg	240	161	http://farm3.staticflickr.com/2822/11272547655_5d3afe39a6.jpg	500	334	http://farm3.staticflickr.com/2822/11272547655_5d3afe39a6_b.jpg	1024	685	http://farm3.staticflickr.com/2822/11272547655_b5ba73ea3f_o.jpg	1758	1176
01	William Mackenzie	The National Burns. Edited by Rev. George Gilfillan, including the airs of all the songs, and an original life of Burns by the editor. [With plates, including portraits.]	Burns, Robert		Glasgow	000543200		1879	http://www.flickr.com/photos/britishlibrary/11272546525	1	000011	11272546525	http://farm4.staticflickr.com/3696/11272546525_dfb3474b2e_m.jpg	92	240	http://farm4.staticflickr.com/3696/11272546525_dfb3474b2e.jpg	191	500	http://farm4.staticflickr.com/3696/11272546525_dfb3474b2e_b.jpg	392	1024	http://farm4.staticflickr.com/3696/11272546525_37d1f41ef8_o.jpg	772	2019
0	Harper & Bros.	What Mr. Darwin saw in his Voyage round The World in the Ship “Beagle.” [Compiled and adapted from “Journal of Researches into the Geology and Natural History of the Various Countries visited by H.M.S. Beagle, etc.”]	Darwin, Charles	lsidyv3c8ea4b0	New York	000868098	ark:/81055/vdc_00000005BB84	1879	http://www.flickr.com/photos/britishlibrary/11272585686	1	000176	11272585686	http://farm8.staticflickr.com/7336/11272585686_251943c624_m.jpg	170	240	http://farm8.staticflickr.com/7336/11272585686_251943c624.jpg	354	500	http://farm8.staticflickr.com/7336/11272585686_251943c624_b.jpg	725	1024	http://farm8.staticflickr.com/7336/11272585686_aca60c8162_o.jpg	1097	1550
0	Everts & Ensign	History of Toga, Chemung, Tompkins, and Schuyler Counties, New York. With illustrations and biographical sketches of some of its prominent men and pioneers	PEIRCE, Henry B. and HURD (Duane Hamilton)		Philadelphia	002810116		1879	http://www.flickr.com/photos/britishlibrary/11272608724	1	000508	11272608724	http://farm8.staticflickr.com/7399/11272608724_c7c9f42bb8_m.jpg	240	176	http://farm8.staticflickr.com/7399/11272608724_c7c9f42bb8.jpg	500	367	http://farm8.staticflickr.com/7399/11272608724_c7c9f42bb8_b.jpg	1024	752	http://farm8.staticflickr.com/7399/11272608724_2ebb5f3e49_o.jpg	1430	1050
0	Harper & Bros.	What Mr. Darwin saw in his Voyage round The World in the Ship “Beagle.” [Compiled and adapted from “Journal of Researches into the Geology and Natural History of the Various Countries visited by H.M.S. Beagle, etc.”]	Darwin, Charles	lsidyv3c8ea4b0	New York	000868098	ark:/81055/vdc_00000005BB84	1879	http://www.flickr.com/photos/britishlibrary/11272654543	1	000049	11272654543	http://farm4.staticflickr.com/3803/11272654543_dc32a82740_m.jpg	240	205	http://farm4.staticflickr.com/3803/11272654543_dc32a82740.jpg	500	427	http://farm4.staticflickr.com/3803/11272654543_dc32a82740_b.jpg	1024	875	http://farm4.staticflickr.com/3803/11272654543_2ef0c8bd48_o.jpg	1201	1026
0	John Murray	[The Student's Manual of Modern Geography. Mathematical, physical, and descriptive.]	BEVAN, William Latham.	lsidyv3ca2f2a9	London	000307737	ark:/81055/vdc_00000005C7F6	1879	http://www.flickr.com/photos/britishlibrary/11272544875	1	000339	11272544875	http://farm3.staticflickr.com/2809/11272544875_29d9c5f665_m.jpg	167	240	http://farm3.staticflickr.com/2809/11272544875_29d9c5f665.jpg	347	500	http://farm3.staticflickr.com/2809/11272544875_29d9c5f665_b.jpg	711	1024	http://farm3.staticflickr.com/2809/11272544875_96b383ccfb_o.jpg	850	1225
02	American News Company	Round the world with General Grant. A narrative of the visit of General U. S. Grant ... to various countries ... in 1877, 1878, 1879. To which are added certain conversations with General Grant on questions connected with American politics and history ... With ... illustrations	YOUNG, John Russell.		New York	004002305		1879	http://www.flickr.com/photos/britishlibrary/11272607204	1	000213	11272607204	http://farm3.staticflickr.com/2894/11272607204_6ac43f1a26_m.jpg	169	240	http://farm3.staticflickr.com/2894/11272607204_6ac43f1a26.jpg	353	500	http://farm3.staticflickr.com/2894/11272607204_6ac43f1a26_b.jpg	722	1024	http://farm3.staticflickr.com/2894/11272607204_387113fee6_o.jpg	1155	1638
01	American News Company	Round the world with General Grant. A narrative of the visit of General U. S. Grant ... to various countries ... in 1877, 1878, 1879. To which are added certain conversations with General Grant on questions connected with American politics and history ... With ... illustrations	YOUNG, John Russell.		New York	004002305		1879	http://www.flickr.com/photos/britishlibrary/11272542885	1	000648	11272542885	http://farm6.staticflickr.com/5499/11272542885_06ec4f514f_m.jpg	160	240	http://farm6.staticflickr.com/5499/11272542885_06ec4f514f.jpg	333	500	http://farm6.staticflickr.com/5499/11272542885_06ec4f514f_b.jpg	682	1024	http://farm6.staticflickr.com/5499/11272542885_f823aeff07_o.jpg	1137	1706
0	Marcus Ward & Co.	Our Native Land, its scenery and associations. A series of 36 water-colour sketches after Rowbotham, Read, Needham, and other eminent artists. With descriptive notes. [The author of the text identified on the wrapper of pt. 1 as “the author of By Loch and by Land”, i.e. Jean L. Watson.]	WATSON, Jean L.		London	001140593		1879	http://www.flickr.com/photos/britishlibrary/11272605614	1	000317	11272605614	http://farm8.staticflickr.com/7357/11272605614_4cfc472aba_m.jpg	240	164	http://farm8.staticflickr.com/7357/11272605614_4cfc472aba.jpg	500	342	http://farm8.staticflickr.com/7357/11272605614_4cfc472aba_b.jpg	1024	700	http://farm8.staticflickr.com/7357/11272605614_88450e8c7b_o.jpg	1725	1180
0	Cassell, Petter, Galpin & Co.	Morocco: its people and places ... Translated by C. Rollin-Tilton. With ... illustrations	AMICIS, Edmondo de.	lsidyv3c6b00d2	London	000070870	ark:/81055/vdc_00000005AC0C	1879	http://www.flickr.com/photos/britishlibrary/11272605414	1	000047	11272605414	http://farm4.staticflickr.com/3794/11272605414_01784a18c4_m.jpg	240	159	http://farm4.staticflickr.com/3794/11272605414_01784a18c4.jpg	500	332	http://farm4.staticflickr.com/3794/11272605414_01784a18c4_b.jpg	1024	680	http://farm4.staticflickr.com/3794/11272605414_27ece5b7c2_o.jpg	1567	1040
0		Historical Records of Port Phillip: the first annals of the Colony of Victoria. Edited by J. J. Shillinglaw	SHILLINGLAW, John J.		Melbourne	003369860		1879	http://www.flickr.com/photos/britishlibrary/11272581106	1	000023	11272581106	http://farm4.staticflickr.com/3736/11272581106_08b918b275_m.jpg	240	186	http://farm4.staticflickr.com/3736/11272581106_08b918b275.jpg	500	388	http://farm4.staticflickr.com/3736/11272581106_08b918b275_b.jpg	1024	795	http://farm4.staticflickr.com/3736/11272581106_7b69edb1f0_o.jpg	1187	922
0		The Great Eastern Railway Company's Tourist-Guide to the Continent. ... With illustrations ... and a map	LINDLEY, Percy.	lsidyv3cad916f	London	002174468	ark:/81055/vdc_00000005CE44	1879	http://www.flickr.com/photos/britishlibrary/11272579636	1	000057	11272579636	http://farm4.staticflickr.com/3708/11272579636_b6e228c1d7_m.jpg	187	240	http://farm4.staticflickr.com/3708/11272579636_b6e228c1d7.jpg	389	500	http://farm4.staticflickr.com/3708/11272579636_b6e228c1d7_b.jpg	797	1024	http://farm4.staticflickr.com/3708/11272579636_6e9e276b6f_o.jpg	937	1204
0	W. H. Luke	Illustrated Handbook to Plymouth, Stonehouse & Devonport, with a new map ... New and enlarged edition	WRIGHT, William Henry Kearley.		Plymouth	003985100		1879	http://www.flickr.com/photos/britishlibrary/11272540715	1	000110	11272540715	http://farm4.staticflickr.com/3721/11272540715_b3132999f7_m.jpg	172	240	http://farm4.staticflickr.com/3721/11272540715_b3132999f7.jpg	359	500	http://farm4.staticflickr.com/3721/11272540715_b3132999f7_b.jpg	735	1024	http://farm4.staticflickr.com/3721/11272540715_cfeab0531e_o.jpg	910	1267
02		The Australian abroad. Branches from the Main Routes round the World. [Reprinted from the Melbourne “Argus.” With illustrations.] 2 series	HINGSTON, James.	lsidyv3cbf9abe	London	001689101	ark:/81055/vdc_00000005DA7A	1879	http://www.flickr.com/photos/britishlibrary/11272579956	1	000488	11272579956	http://farm3.staticflickr.com/2873/11272579956_279975a679_m.jpg	240	196	http://farm3.staticflickr.com/2873/11272579956_279975a679.jpg	500	409	http://farm3.staticflickr.com/2873/11272579956_279975a679_b.jpg	1024	837	http://farm3.staticflickr.com/2873/11272579956_7808c69e6e_o.jpg	1383	1131
0		The Illustrated Guide to Sheffield and the surrounding district, etc	TAYLOR, John of Sheffield		Sheffield	003589731		1879	http://www.flickr.com/photos/britishlibrary/11272602794	1	000306	11272602794	http://farm8.staticflickr.com/7439/11272602794_36bfe45e62_m.jpg	173	240	http://farm8.staticflickr.com/7439/11272602794_36bfe45e62.jpg	361	500	http://farm8.staticflickr.com/7439/11272602794_36bfe45e62_b.jpg	740	1024	http://farm8.staticflickr.com/7439/11272602794_5680bc8bfc_o.jpg	1023	1415
0	N. D. Thompson & Co.	A Pictorial History of Texas, from the earliest visits of European adventurers to A.D. 1879 ... Third edition, ... revised	THRALL, Homer S.		St. Louis, Mo	003632148		1879	http://www.flickr.com/photos/britishlibrary/11272649393	1	000351	11272649393	http://farm8.staticflickr.com/7437/11272649393_a1b443ca33_m.jpg	169	240	http://farm8.staticflickr.com/7437/11272649393_a1b443ca33.jpg	352	500	http://farm8.staticflickr.com/7437/11272649393_a1b443ca33_b.jpg	721	1024	http://farm8.staticflickr.com/7437/11272649393_1e3405e753_o.jpg	937	1330
0	N. D. Thompson & Co.	A Pictorial History of Texas, from the earliest visits of European adventurers to A.D. 1879 ... Third edition, ... revised	THRALL, Homer S.		St. Louis, Mo	003632148		1879	http://www.flickr.com/photos/britishlibrary/11272649693	1	000769	11272649693	http://farm3.staticflickr.com/2807/11272649693_1db498953c_m.jpg	173	240	http://farm3.staticflickr.com/2807/11272649693_1db498953c.jpg	361	500	http://farm3.staticflickr.com/2807/11272649693_1db498953c_b.jpg	740	1024	http://farm3.staticflickr.com/2807/11272649693_2395c5db62_o.jpg	1045	1447
0	Everts & Abbott	History of Hillsdale County, Michigan, with illustrations and biographical sketches of some of its prominent men, etc	Johnson, Crisfield.		Philadelphia	001884500		1879	http://www.flickr.com/photos/britishlibrary/11272577236	1	000315	11272577236	http://farm4.staticflickr.com/3750/11272577236_c564a100fb_m.jpg	240	175	http://farm4.staticflickr.com/3750/11272577236_c564a100fb.jpg	500	365	http://farm4.staticflickr.com/3750/11272577236_c564a100fb_b.jpg	1024	748	http://farm4.staticflickr.com/3750/11272577236_582d800f20_o.jpg	1208	882
0	John Murray	[The Student's Manual of Modern Geography. Mathematical, physical, and descriptive.]	BEVAN, William Latham.	lsidyv3ca2f2a9	London	000307737	ark:/81055/vdc_00000005C7F6	1879	http://www.flickr.com/photos/britishlibrary/11272576576	1	000485	11272576576	http://farm4.staticflickr.com/3751/11272576576_1261db7418_m.jpg	237	240	http://farm4.staticflickr.com/3751/11272576576_1261db7418.jpg	494	500	http://farm4.staticflickr.com/3751/11272576576_1261db7418_b.jpg	1011	1024	http://farm4.staticflickr.com/3751/11272576576_5948099899_o.jpg	1210	1225
0	M. H. Gill & Son	Loca Patriciana: an identification of localities, chiefly in Leinster, visited by Saint Patrick and his assistant missionaries; and of some contemporary kings and chieftains. With an essay on the three Patricks, Palladius, Sen Patrick, and Patrick MacCalphurn, Apostles of Ireland in the fifth century	SHEARMAN, John Francis.		Dublin	003361987		1879	http://www.flickr.com/photos/britishlibrary/11272648053	1	000075	11272648053	http://farm8.staticflickr.com/7350/11272648053_117060bea5_m.jpg	240	88	http://farm8.staticflickr.com/7350/11272648053_117060bea5.jpg	500	183	http://farm8.staticflickr.com/7350/11272648053_117060bea5_b.jpg	1024	374	http://farm8.staticflickr.com/7350/11272648053_d683effd12_o.jpg	1767	645
0	Wesleyan Conference Office	Rambles in Bible Lands	NEWTON, Richard D.D., Rector of St. Paul's Church, Philadelphia	lsidyv3ca35e3a	London	002646495	ark:/81055/vdc_00000005C826	1879	http://www.flickr.com/photos/britishlibrary/11272599654	1	000273	11272599654	http://farm8.staticflickr.com/7459/11272599654_4683468023_m.jpg	240	194	http://farm8.staticflickr.com/7459/11272599654_4683468023.jpg	500	405	http://farm8.staticflickr.com/7459/11272599654_4683468023_b.jpg	1024	829	http://farm8.staticflickr.com/7459/11272599654_ec4111b7ee_o.jpg	1577	1276
0	C. R. Barns	Switzler's Illustrated History of Missouri, from 1541 to 1877, etc. [Edited by C. R. Barns. From the larger work edited by him, entitled: “The Commonwealth of Missouri.”]	BARNS, Chancy R.		Saint Louis	000206134		1879	http://www.flickr.com/photos/britishlibrary/11272599124	1	000544	11272599124	http://farm6.staticflickr.com/5520/11272599124_285101c176_m.jpg	148	240	http://farm6.staticflickr.com/5520/11272599124_285101c176.jpg	308	500	http://farm6.staticflickr.com/5520/11272599124_285101c176_b.jpg	630	1024	http://farm6.staticflickr.com/5520/11272599124_55148d1c38_o.jpg	897	1458
0	Religious Tract Society	English Pictures drawn with pen and pencil	MANNING, Samuel LL.D. and GREEN (Samuel Gosnell)	lsidyv3c492c1d	London	002369135	ark:/81055/vdc_000000059460	1879	http://www.flickr.com/photos/britishlibrary/11272574996	1	000164	11272574996	http://farm4.staticflickr.com/3692/11272574996_cf055639bd_m.jpg	176	240	http://farm4.staticflickr.com/3692/11272574996_cf055639bd.jpg	367	500	http://farm4.staticflickr.com/3692/11272574996_cf055639bd_b.jpg	751	1024	http://farm4.staticflickr.com/3692/11272574996_0cd8975d78_o.jpg	1083	1476
0	Religious Tract Society	The Lands of Scripture: comprising “Those Holy Fields”; “The Land of the Pharaohs” [both by S. M.]; “Pictures from Bible Lands” (edited by S. G. Green. The illustrations by E. Whymper, etc.)	MANNING, Samuel LL.D		London	002369128		1879	http://www.flickr.com/photos/britishlibrary/11272645883	1	000033	11272645883	http://farm3.staticflickr.com/2873/11272645883_dbf4830816_m.jpg	171	240	http://farm3.staticflickr.com/2873/11272645883_dbf4830816.jpg	356	500	http://farm3.staticflickr.com/2873/11272645883_dbf4830816_b.jpg	729	1024	http://farm3.staticflickr.com/2873/11272645883_507e3e1776_o.jpg	1075	1511
01	American News Company	Round the world with General Grant. A narrative of the visit of General U. S. Grant ... to various countries ... in 1877, 1878, 1879. To which are added certain conversations with General Grant on questions connected with American politics and history ... With ... illustrations	YOUNG, John Russell.		New York	004002305		1879	http://www.flickr.com/photos/britishlibrary/11272573486	1	000667	11272573486	http://farm8.staticflickr.com/7327/11272573486_ecb1a53a12_m.jpg	187	240	http://farm8.staticflickr.com/7327/11272573486_ecb1a53a12.jpg	389	500	http://farm8.staticflickr.com/7327/11272573486_ecb1a53a12_b.jpg	797	1024	http://farm8.staticflickr.com/7327/11272573486_a3a96c610f_o.jpg	1030	1323
02	American News Company	Round the world with General Grant. A narrative of the visit of General U. S. Grant ... to various countries ... in 1877, 1878, 1879. To which are added certain conversations with General Grant on questions connected with American politics and history ... With ... illustrations	YOUNG, John Russell.		New York	004002305		1879	http://www.flickr.com/photos/britishlibrary/11272534025	1	000388	11272534025	http://farm3.staticflickr.com/2813/11272534025_a845850b35_m.jpg	120	240	http://farm3.staticflickr.com/2813/11272534025_a845850b35.jpg	250	500	http://farm3.staticflickr.com/2813/11272534025_a845850b35_b.jpg	512	1024	http://farm3.staticflickr.com/2813/11272534025_410e85bab3_o.jpg	858	1715
02	Tinsley Brothers	Berlin under the New Empire, its institutions, inhabitants, industry ... With ... engravings, etc	VIZETELLY, Henry.		London	003807524		1879	http://www.flickr.com/photos/britishlibrary/11272596564	1	000322	11272596564	http://farm8.staticflickr.com/7360/11272596564_69e8ff8256_m.jpg	240	191	http://farm8.staticflickr.com/7360/11272596564_69e8ff8256.jpg	500	398	http://farm8.staticflickr.com/7360/11272596564_69e8ff8256_b.jpg	1024	815	http://farm8.staticflickr.com/7360/11272596564_faa0028128_o.jpg	1193	950
01		Paris à travers les siècles. Histoire nationale de Paris et des Parisiens depuis la fondation de Lutèce jusqu'à nos jours, etc	GOURDON DE GENOUILLAC, Nicolas Jules Henri.		Paris	001476975		1879	http://www.flickr.com/photos/britishlibrary/11272571806	1	000067	11272571806	http://farm8.staticflickr.com/7342/11272571806_5a0438a113_m.jpg	240	184	http://farm8.staticflickr.com/7342/11272571806_5a0438a113.jpg	500	382	http://farm8.staticflickr.com/7342/11272571806_5a0438a113_b.jpg	1024	783	http://farm8.staticflickr.com/7342/11272571806_3d2864b0a0_o.jpg	1465	1120
0	C. C. Chapman & Co.	History of Fulton County, together with sketches of its cities, villages and townships, ... and biographies ... History of Illinois ... Illustrated			Peoria	001341605		1879	http://www.flickr.com/photos/britishlibrary/11272532725	1	000207	11272532725	http://farm3.staticflickr.com/2806/11272532725_941b9fa1c8_m.jpg	240	191	http://farm3.staticflickr.com/2806/11272532725_941b9fa1c8.jpg	500	397	http://farm3.staticflickr.com/2806/11272532725_941b9fa1c8_b.jpg	1024	813	http://farm3.staticflickr.com/2806/11272532725_b321b0782d_o.jpg	1293	1027
01		Knaresborough Castle Yard. (The Microcosm: and, Malcolm, a holiday-walk. A few occasional pieces.) [In verse.]			London, Bristol [printed]	001987484		1879	http://www.flickr.com/photos/britishlibrary/11272594094	1	000045	11272594094	http://farm3.staticflickr.com/2844/11272594094_92aec059b4_m.jpg	240	206	http://farm3.staticflickr.com/2844/11272594094_92aec059b4.jpg	500	429	http://farm3.staticflickr.com/2844/11272594094_92aec059b4_b.jpg	1024	878	http://farm3.staticflickr.com/2844/11272594094_e7e69825f4_o.jpg	1330	1141
0	Western Historical Company	The History of Jackson County, Iowa ... Illustrated			Chicago	001833692		1879	http://www.flickr.com/photos/britishlibrary/11272530775	1	000439	11272530775	http://farm4.staticflickr.com/3790/11272530775_cb7ec5a6f1_m.jpg	240	171	http://farm4.staticflickr.com/3790/11272530775_cb7ec5a6f1.jpg	500	357	http://farm4.staticflickr.com/3790/11272530775_cb7ec5a6f1_b.jpg	1024	731	http://farm4.staticflickr.com/3790/11272530775_7eed3ac7fb_o.jpg	1473	1052
0	Moses King	King's Handbook of Boston. Profusely illustrated. [With a map.]	KING, Moses.		Cambridge, Mass	001968594		1879	http://www.flickr.com/photos/britishlibrary/11272593804	1	000265	11272593804	http://farm8.staticflickr.com/7381/11272593804_2f031c1040_m.jpg	240	200	http://farm8.staticflickr.com/7381/11272593804_2f031c1040.jpg	500	416	http://farm8.staticflickr.com/7381/11272593804_2f031c1040_b.jpg	1024	852	http://farm8.staticflickr.com/7381/11272593804_c723ed4a3c_o.jpg	1251	1041
01	American News Company	Round the world with General Grant. A narrative of the visit of General U. S. Grant ... to various countries ... in 1877, 1878, 1879. To which are added certain conversations with General Grant on questions connected with American politics and history ... With ... illustrations	YOUNG, John Russell.		New York	004002305		1879	http://www.flickr.com/photos/britishlibrary/11272592124	1	000135	11272592124	http://farm4.staticflickr.com/3793/11272592124_d2fe4cc9cb_m.jpg	197	240	http://farm4.staticflickr.com/3793/11272592124_d2fe4cc9cb.jpg	411	500	http://farm4.staticflickr.com/3793/11272592124_d2fe4cc9cb_b.jpg	841	1024	http://farm4.staticflickr.com/3793/11272592124_4f2b5be8ea_o.jpg	1301	1585
0		Saint-Pierre de Rome. Ouvrage illustré, etc	LORBAC, Charles de.		Rome	002259706		1879	http://www.flickr.com/photos/britishlibrary/11272568876	1	000200	11272568876	http://farm3.staticflickr.com/2858/11272568876_3919bf6166_m.jpg	240	169	http://farm3.staticflickr.com/2858/11272568876_3919bf6166.jpg	500	353	http://farm3.staticflickr.com/2858/11272568876_3919bf6166_b.jpg	1024	722	http://farm3.staticflickr.com/2858/11272568876_55c727ffb2_o.jpg	1752	1236
0	Lewis, Peck & Co.	History of Steuben County, New York, with illustrations and biographical sketches of some of its prominent men and pioneers	CLAYTON, W. Woodford.		Philadelphia	000719876		1879	http://www.flickr.com/photos/britishlibrary/11272529225	2	000664	11272529225	http://farm6.staticflickr.com/5532/11272529225_e8064a8d33_m.jpg	240	168	http://farm6.staticflickr.com/5532/11272529225_e8064a8d33.jpg	500	351	http://farm6.staticflickr.com/5532/11272529225_e8064a8d33_b.jpg	1024	718	http://farm6.staticflickr.com/5532/11272529225_e1ba81fa51_o.jpg	1427	1000
02	D. Appleton & Co.	[Appleton's European Guide Book illustrated. Including England, Scotland, and Ireland, France, Belgium, Holland, Northern and Southern Germany, Switzerland, Italy, Spain and Portugal, Russia, Denmark, Norway, and Sweden. Containing ... maps, etc.]	APPLETON, Daniel AND CO	lsidyv3cbe7355	New York; Longmans & Co	000100280	ark:/81055/vdc_00000005D9DE	1879	http://www.flickr.com/photos/britishlibrary/11272527375	1	000676	11272527375	http://farm4.staticflickr.com/3770/11272527375_3972d8407d_m.jpg	174	240	http://farm4.staticflickr.com/3770/11272527375_3972d8407d.jpg	362	500	http://farm4.staticflickr.com/3770/11272527375_3972d8407d_b.jpg	742	1024	http://farm4.staticflickr.com/3770/11272527375_8d49b71042_o.jpg	931	1284
01	Tinsley Brothers	Berlin under the New Empire, its institutions, inhabitants, industry ... With ... engravings, etc	VIZETELLY, Henry.		London	003807524		1879	http://www.flickr.com/photos/britishlibrary/11272590874	1	000413	11272590874	http://farm8.staticflickr.com/7305/11272590874_cb08b19cbd_m.jpg	210	240	http://farm8.staticflickr.com/7305/11272590874_cb08b19cbd.jpg	438	500	http://farm8.staticflickr.com/7305/11272590874_cb08b19cbd_b.jpg	897	1024	http://farm8.staticflickr.com/7305/11272590874_42c07a2630_o.jpg	1245	1421
02	L. H. Everts	History of the Connecticut Valley in Massachusetts (by N. B. Sylvester), with illustrations and biographical sketches of some of its prominent men and pioneers [by other authors]	SYLVESTER, Nathaniel Bartlett.		Philadelphia	003562080		1879	http://www.flickr.com/photos/britishlibrary/11272638303	1	000191	11272638303	http://farm4.staticflickr.com/3665/11272638303_87e4be3e23_m.jpg	240	179	http://farm4.staticflickr.com/3665/11272638303_87e4be3e23.jpg	500	373	http://farm4.staticflickr.com/3665/11272638303_87e4be3e23_b.jpg	1024	764	http://farm4.staticflickr.com/3665/11272638303_ccedc754b0_o.jpg	1663	1240
0		Die amerikanische Nordpol-Expedition ... Mit zahlreichen Illustrationen in Holzschnitt, etc	BESSELS, Emil.		Leipzig	000303634		1879	http://www.flickr.com/photos/britishlibrary/11272525815	1	000351	11272525815	http://farm3.staticflickr.com/2885/11272525815_22c000d4f2_m.jpg	120	240	http://farm3.staticflickr.com/2885/11272525815_22c000d4f2.jpg	251	500	http://farm3.staticflickr.com/2885/11272525815_22c000d4f2_b.jpg	514	1024	http://farm3.staticflickr.com/2885/11272525815_0acbfcd136_o.jpg	795	1584
0		Les Vieilles Villes de Suisse. Notes et souvenirs. Ouvrage illustré de 105 dessins à la plume par A. Robida reproduits en fac-simile	ROBIDA, Albert.		Paris	003121715		1879	http://www.flickr.com/photos/britishlibrary/11272588324	1	000055	11272588324	http://farm3.staticflickr.com/2849/11272588324_c2e6bcef34_m.jpg	146	240	http://farm3.staticflickr.com/2849/11272588324_c2e6bcef34.jpg	303	500	http://farm3.staticflickr.com/2849/11272588324_c2e6bcef34_b.jpg	621	1024	http://farm3.staticflickr.com/2849/11272588324_d36ea01245_o.jpg	1013	1670
0	Lee & Shepard	A summer jaunt through the old world: a record of an excursion made to and through Europe by the Tourgée educational party of 1878	HOLDEN, Luther L.	lsidyv3c9a5a21	Boston [Mass.]	001711043	ark:/81055/vdc_00000005C31C	1879	http://www.flickr.com/photos/britishlibrary/11272636533	1	000254	11272636533	http://farm3.staticflickr.com/2883/11272636533_f817b3e881_m.jpg	240	157	http://farm3.staticflickr.com/2883/11272636533_f817b3e881.jpg	500	327	http://farm3.staticflickr.com/2883/11272636533_f817b3e881_b.jpg	1024	670	http://farm3.staticflickr.com/2883/11272636533_7c73192ffb_o.jpg	1586	1037
02	American News Company	Round the world with General Grant. A narrative of the visit of General U. S. Grant ... to various countries ... in 1877, 1878, 1879. To which are added certain conversations with General Grant on questions connected with American politics and history ... With ... illustrations	YOUNG, John Russell.		New York	004002305		1879	http://www.flickr.com/photos/britishlibrary/11272563606	1	000607	11272563606	http://farm8.staticflickr.com/7424/11272563606_419bb8ea1e_m.jpg	240	167	http://farm8.staticflickr.com/7424/11272563606_419bb8ea1e.jpg	500	347	http://farm8.staticflickr.com/7424/11272563606_419bb8ea1e_b.jpg	1024	711	http://farm8.staticflickr.com/7424/11272563606_df3b124d1e_o.jpg	1566	1088
0		Viaje á la Patagonia austral emprendido bajo los auspicios del Gobierno Nacional 1876-1877. tom. 1	MORENO, Francisco Josué Pascasio.		Buenos Aires	002546654		1879	http://www.flickr.com/photos/britishlibrary/11272523645	1	000349	11272523645	http://farm4.staticflickr.com/3669/11272523645_d60dca6492_m.jpg	163	240	http://farm4.staticflickr.com/3669/11272523645_d60dca6492.jpg	340	500	http://farm4.staticflickr.com/3669/11272523645_d60dca6492_b.jpg	696	1024	http://farm4.staticflickr.com/3669/11272523645_d4950c9d5d_o.jpg	1033	1520
01		Old and New London, etc	Thornbury, Walter	lsidyv3c47ab1a	London	003628788	ark:/81055/vdc_000000059328	1879	http://www.flickr.com/photos/britishlibrary/11272586454	1	000176	11272586454	http://farm6.staticflickr.com/5545/11272586454_20468bb32d_m.jpg	154	240	http://farm6.staticflickr.com/5545/11272586454_20468bb32d.jpg	322	500	http://farm6.staticflickr.com/5545/11272586454_20468bb32d_b.jpg	659	1024	http://farm6.staticflickr.com/5545/11272586454_2b563ff482_o.jpg	1073	1668
01	Tinsley Brothers	Berlin under the New Empire, its institutions, inhabitants, industry ... With ... engravings, etc	VIZETELLY, Henry.		London	003807524		1879	http://www.flickr.com/photos/britishlibrary/11272585924	1	000030	11272585924	http://farm8.staticflickr.com/7303/11272585924_4ce8f490cb_m.jpg	240	178	http://farm8.staticflickr.com/7303/11272585924_4ce8f490cb.jpg	500	371	http://farm8.staticflickr.com/7303/11272585924_4ce8f490cb_b.jpg	1024	760	http://farm8.staticflickr.com/7303/11272585924_af7a1dea30_o.jpg	1372	1018
0	Moses King	King's Handbook of Boston. Profusely illustrated. [With a map.]	KING, Moses.		Cambridge, Mass	001968594		1879	http://www.flickr.com/photos/britishlibrary/11272561146	1	000228	11272561146	http://farm4.staticflickr.com/3795/11272561146_15483a8a73_m.jpg	175	240	http://farm4.staticflickr.com/3795/11272561146_15483a8a73.jpg	364	500	http://farm4.staticflickr.com/3795/11272561146_15483a8a73_b.jpg	745	1024	http://farm4.staticflickr.com/3795/11272561146_b7a3364a2c_o.jpg	1025	1408
0	Wesleyan Conference Office	Rambles in Bible Lands	NEWTON, Richard D.D., Rector of St. Paul's Church, Philadelphia	lsidyv3ca35e3a	London	002646495	ark:/81055/vdc_00000005C826	1879	http://www.flickr.com/photos/britishlibrary/11272583944	1	000162	11272583944	http://farm6.staticflickr.com/5503/11272583944_114557db3a_m.jpg	222	240	http://farm6.staticflickr.com/5503/11272583944_114557db3a.jpg	462	500	http://farm6.staticflickr.com/5503/11272583944_114557db3a_b.jpg	947	1024	http://farm6.staticflickr.com/5503/11272583944_d93a2b86a5_o.jpg	1260	1363
01		Sahărâ und Sûdân. Ergebnisse sechsjähriger Reisen in Afrika. (Thl. 3 herausgegeben von E. Groddeck.)	NACHTIGAL, Gustav.		Berlin	002599811		1879	http://www.flickr.com/photos/britishlibrary/11272520995	1	000676	11272520995	http://farm8.staticflickr.com/7363/11272520995_eda2efb6a5_m.jpg	215	240	http://farm8.staticflickr.com/7363/11272520995_eda2efb6a5.jpg	449	500	http://farm8.staticflickr.com/7363/11272520995_eda2efb6a5_b.jpg	919	1024	http://farm8.staticflickr.com/7363/11272520995_7c9fa5a04a_o.jpg	1055	1176
0		The Children's fairy geography, or a merry trip round Europe	WINSLOW, Forbes Edward.	lsidyv3c92d153	London	003952456	ark:/81055/vdc_00000005BE18	1879	http://www.flickr.com/photos/britishlibrary/11272583404	1	000254	11272583404	http://farm6.staticflickr.com/5542/11272583404_9d6aa3de20_m.jpg	240	178	http://farm6.staticflickr.com/5542/11272583404_9d6aa3de20.jpg	500	370	http://farm6.staticflickr.com/5542/11272583404_9d6aa3de20_b.jpg	1024	758	http://farm6.staticflickr.com/5542/11272583404_943c830f55_o.jpg	1460	1081
0	Cassell, Petter, Galpin & Co.	Morocco: its people and places ... Translated by C. Rollin-Tilton. With ... illustrations	AMICIS, Edmondo de.	lsidyv3c6b00d2	London	000070870	ark:/81055/vdc_00000005AC0C	1879	http://www.flickr.com/photos/britishlibrary/11272582464	1	000042	11272582464	http://farm6.staticflickr.com/5506/11272582464_652be12c84_m.jpg	240	112	http://farm6.staticflickr.com/5506/11272582464_652be12c84.jpg	500	233	http://farm6.staticflickr.com/5506/11272582464_652be12c84_b.jpg	1024	477	http://farm6.staticflickr.com/5506/11272582464_1a83705364_o.jpg	1998	930
0	E. Marlborough & Co.	Popular Guide up the Thames, to Kew, Richmond, Twickenham and Hampton Court			London	003605985		1879	http://www.flickr.com/photos/britishlibrary/11272519215	1	000025	11272519215	http://farm4.staticflickr.com/3822/11272519215_9ab73dd564_m.jpg	164	240	http://farm4.staticflickr.com/3822/11272519215_9ab73dd564.jpg	342	500	http://farm4.staticflickr.com/3822/11272519215_9ab73dd564_b.jpg	701	1024	http://farm4.staticflickr.com/3822/11272519215_dab04f90d4_o.jpg	906	1323
01	American News Company	Round the world with General Grant. A narrative of the visit of General U. S. Grant ... to various countries ... in 1877, 1878, 1879. To which are added certain conversations with General Grant on questions connected with American politics and history ... With ... illustrations	YOUNG, John Russell.		New York	004002305		1879	http://www.flickr.com/photos/britishlibrary/11272630593	1	000305	11272630593	http://farm4.staticflickr.com/3704/11272630593_f7dfbb5e69_m.jpg	240	143	http://farm4.staticflickr.com/3704/11272630593_f7dfbb5e69.jpg	500	298	http://farm4.staticflickr.com/3704/11272630593_f7dfbb5e69_b.jpg	1024	611	http://farm4.staticflickr.com/3704/11272630593_8652c7c2da_o.jpg	1606	958
0	John Murray	[The Student's Manual of Modern Geography. Mathematical, physical, and descriptive.]	BEVAN, William Latham.	lsidyv3ca2f2a9	London	000307737	ark:/81055/vdc_00000005C7F6	1879	http://www.flickr.com/photos/britishlibrary/11272580884	1	000580	11272580884	http://farm4.staticflickr.com/3802/11272580884_dff68067dc_m.jpg	184	240	http://farm4.staticflickr.com/3802/11272580884_dff68067dc.jpg	382	500	http://farm4.staticflickr.com/3802/11272580884_dff68067dc_b.jpg	783	1024	http://farm4.staticflickr.com/3802/11272580884_c988c21ef0_o.jpg	937	1225
0	Harper & Bros.	What Mr. Darwin saw in his Voyage round The World in the Ship “Beagle.” [Compiled and adapted from “Journal of Researches into the Geology and Natural History of the Various Countries visited by H.M.S. Beagle, etc.”]	Darwin, Charles	lsidyv3c8ea4b0	New York	000868098	ark:/81055/vdc_00000005BB84	1879	http://www.flickr.com/photos/britishlibrary/11272581214	1	000011	11272581214	http://farm6.staticflickr.com/5485/11272581214_de3543dc85_m.jpg	135	240	http://farm6.staticflickr.com/5485/11272581214_de3543dc85.jpg	282	500	http://farm6.staticflickr.com/5485/11272581214_de3543dc85_b.jpg	578	1024	http://farm6.staticflickr.com/5485/11272581214_b8a72d1b09_o.jpg	818	1450
0	Everts & Ensign	History of Toga, Chemung, Tompkins, and Schuyler Counties, New York. With illustrations and biographical sketches of some of its prominent men and pioneers	PEIRCE, Henry B. and HURD (Duane Hamilton)		Philadelphia	002810116		1879	http://www.flickr.com/photos/britishlibrary/11272517165	1	000145	11272517165	http://farm8.staticflickr.com/7425/11272517165_05c3030d4c_m.jpg	240	189	http://farm8.staticflickr.com/7425/11272517165_05c3030d4c.jpg	500	394	http://farm8.staticflickr.com/7425/11272517165_05c3030d4c_b.jpg	1024	806	http://farm8.staticflickr.com/7425/11272517165_80bc318720_o.jpg	1425	1122
01	D. Appleton & Co.	[Appleton's European Guide Book illustrated. Including England, Scotland, and Ireland, France, Belgium, Holland, Northern and Southern Germany, Switzerland, Italy, Spain and Portugal, Russia, Denmark, Norway, and Sweden. Containing ... maps, etc.]	APPLETON, Daniel AND CO	lsidyv3cbe7355	New York; Longmans & Co	000100280	ark:/81055/vdc_00000005D9DE	1879	http://www.flickr.com/photos/britishlibrary/11272555776	1	000654	11272555776	http://farm6.staticflickr.com/5493/11272555776_5f26bcc650_m.jpg	168	240	http://farm6.staticflickr.com/5493/11272555776_5f26bcc650.jpg	349	500	http://farm6.staticflickr.com/5493/11272555776_5f26bcc650_b.jpg	715	1024	http://farm6.staticflickr.com/5493/11272555776_644458f780_o.jpg	861	1233
0	James Miller	Campaigns of the War of 1812-15, against Great Britain, sketched and criticised; with brief biographies of the American engineers	CULLUM, George Washington.		New York	000834094		1879	http://www.flickr.com/photos/britishlibrary/11272627773	1	000221	11272627773	http://farm3.staticflickr.com/2843/11272627773_bed9fd458a_m.jpg	240	157	http://farm3.staticflickr.com/2843/11272627773_bed9fd458a.jpg	500	328	http://farm3.staticflickr.com/2843/11272627773_bed9fd458a_b.jpg	1024	671	http://farm3.staticflickr.com/2843/11272627773_f6ffeb7ea2_o.jpg	1715	1123
0	The Mission Press	The manners and customs of the Chinese of the Straits Settlements	VAUGHAN, Jonas Daniel.	lsidyv3c6920e3	Singapore	003763775	ark:/81055/vdc_00000005AABC	1879	http://www.flickr.com/photos/britishlibrary/11272578944	1	000088	11272578944	http://farm3.staticflickr.com/2812/11272578944_f4ba345e51_m.jpg	178	240	http://farm3.staticflickr.com/2812/11272578944_f4ba345e51.jpg	371	500	http://farm3.staticflickr.com/2812/11272578944_f4ba345e51_b.jpg	759	1024	http://farm3.staticflickr.com/2812/11272578944_ed703b3cc0_o.jpg	1096	1478
0		[Brazil and the Brazilians ... in historical and descriptive sketches ... Engravings.]	KIDDER, Daniel Parish and FLETCHER (James C.)		London	001961854		1879	http://www.flickr.com/photos/britishlibrary/11272515085	1	000298	11272515085	http://farm8.staticflickr.com/7374/11272515085_ab65bdfb90_m.jpg	240	167	http://farm8.staticflickr.com/7374/11272515085_ab65bdfb90.jpg	500	349	http://farm8.staticflickr.com/7374/11272515085_ab65bdfb90_b.jpg	1024	714	http://farm8.staticflickr.com/7374/11272515085_9479fd3247_o.jpg	1450	1011
0		[Brazil and the Brazilians ... in historical and descriptive sketches ... Engravings.]	KIDDER, Daniel Parish and FLETCHER (James C.)		London	001961854		1879	http://www.flickr.com/photos/britishlibrary/11272625863	1	000085	11272625863	http://farm4.staticflickr.com/3675/11272625863_55576f8627_m.jpg	210	240	http://farm4.staticflickr.com/3675/11272625863_55576f8627.jpg	438	500	http://farm4.staticflickr.com/3675/11272625863_55576f8627_b.jpg	898	1024	http://farm4.staticflickr.com/3675/11272625863_bc1f000949_o.jpg	1250	1425
0	Cassell, Petter, Galpin & Co.	Morocco: its people and places ... Translated by C. Rollin-Tilton. With ... illustrations	AMICIS, Edmondo de.	lsidyv3c6b00d2	London	000070870	ark:/81055/vdc_00000005AC0C	1879	http://www.flickr.com/photos/britishlibrary/11272577174	1	000341	11272577174	http://farm8.staticflickr.com/7458/11272577174_ae52b74b0b_m.jpg	205	240	http://farm8.staticflickr.com/7458/11272577174_ae52b74b0b.jpg	427	500	http://farm8.staticflickr.com/7458/11272577174_ae52b74b0b_b.jpg	875	1024	http://farm8.staticflickr.com/7458/11272577174_e19653b848_o.jpg	1346	1575
0	John Murray	[The Student's Manual of Modern Geography. Mathematical, physical, and descriptive.]	BEVAN, William Latham.	lsidyv3ca2f2a9	London	000307737	ark:/81055/vdc_00000005C7F6	1879	http://www.flickr.com/photos/britishlibrary/11272513685	1	000085	11272513685	http://farm8.staticflickr.com/7372/11272513685_56bf302cc1_m.jpg	177	240	http://farm8.staticflickr.com/7372/11272513685_56bf302cc1.jpg	368	500	http://farm8.staticflickr.com/7372/11272513685_56bf302cc1_b.jpg	754	1024	http://farm8.staticflickr.com/7372/11272513685_74f278bd56_o.jpg	902	1225
0	Everts & Ensign	History of Toga, Chemung, Tompkins, and Schuyler Counties, New York. With illustrations and biographical sketches of some of its prominent men and pioneers	PEIRCE, Henry B. and HURD (Duane Hamilton)		Philadelphia	002810116		1879	http://www.flickr.com/photos/britishlibrary/11272575874	1	000814	11272575874	http://farm6.staticflickr.com/5495/11272575874_bd304ee3e5_m.jpg	240	188	http://farm6.staticflickr.com/5495/11272575874_bd304ee3e5.jpg	500	391	http://farm6.staticflickr.com/5495/11272575874_bd304ee3e5_b.jpg	1024	801	http://farm6.staticflickr.com/5495/11272575874_b6899370a7_o.jpg	1273	996
01		A magyar nemzet története. I. kötet írta Bodon J. és Dr. Szalay J. (II.-IV.) kötet, írta Dr. Szalay J.) [With portraits.]	BODON, József and SZALAY (József)		Budapest	000389221		1879	http://www.flickr.com/photos/britishlibrary/11272511825	1	000119	11272511825	http://farm6.staticflickr.com/5495/11272511825_f3fb56cdf8_m.jpg	240	208	http://farm6.staticflickr.com/5495/11272511825_f3fb56cdf8.jpg	500	433	http://farm6.staticflickr.com/5495/11272511825_f3fb56cdf8_b.jpg	1024	886	http://farm6.staticflickr.com/5495/11272511825_7332f64cdd_o.jpg	1303	1128
0	John Murray	[The Student's Manual of Modern Geography. Mathematical, physical, and descriptive.]	BEVAN, William Latham.	lsidyv3ca2f2a9	London	000307737	ark:/81055/vdc_00000005C7F6	1879	http://www.flickr.com/photos/britishlibrary/11272551626	1	000639	11272551626	http://farm4.staticflickr.com/3771/11272551626_7e60cc0df4_m.jpg	173	240	http://farm4.staticflickr.com/3771/11272551626_7e60cc0df4.jpg	361	500	http://farm4.staticflickr.com/3771/11272551626_7e60cc0df4_b.jpg	740	1024	http://farm4.staticflickr.com/3771/11272551626_2e3a911a9b_o.jpg	885	1225
0		Notice historique et descriptive de l'Église de la Sainte-Trinité de Fécamp	LEPORT, Alexandre.		Fécamp	004112340		1879	http://www.flickr.com/photos/britishlibrary/11272573564	1	000182	11272573564	http://farm4.staticflickr.com/3787/11272573564_479363f14a_m.jpg	240	230	http://farm4.staticflickr.com/3787/11272573564_479363f14a.jpg	500	479	http://farm4.staticflickr.com/3787/11272573564_479363f14a_b.jpg	1024	981	http://farm4.staticflickr.com/3787/11272573564_0171679932_o.jpg	1376	1318
01	D. Appleton & Co.	[Appleton's European Guide Book illustrated. Including England, Scotland, and Ireland, France, Belgium, Holland, Northern and Southern Germany, Switzerland, Italy, Spain and Portugal, Russia, Denmark, Norway, and Sweden. Containing ... maps, etc.]	APPLETON, Daniel AND CO	lsidyv3cbe7355	New York; Longmans & Co	000100280	ark:/81055/vdc_00000005D9DE	1879	http://www.flickr.com/photos/britishlibrary/11272550216	1	000304	11272550216	http://farm8.staticflickr.com/7369/11272550216_5445c0565c_m.jpg	184	240	http://farm8.staticflickr.com/7369/11272550216_5445c0565c.jpg	383	500	http://farm8.staticflickr.com/7369/11272550216_5445c0565c_b.jpg	785	1024	http://farm8.staticflickr.com/7369/11272550216_01b1fb7c51_o.jpg	905	1180
0	Moses King	King's Handbook of Boston. Profusely illustrated. [With a map.]	KING, Moses.		Cambridge, Mass	001968594		1879	http://www.flickr.com/photos/britishlibrary/11272621543	1	000096	11272621543	http://farm6.staticflickr.com/5521/11272621543_8b9eea7b25_m.jpg	174	240	http://farm6.staticflickr.com/5521/11272621543_8b9eea7b25.jpg	362	500	http://farm6.staticflickr.com/5521/11272621543_8b9eea7b25_b.jpg	742	1024	http://farm6.staticflickr.com/5521/11272621543_6845c34e41_o.jpg	1020	1408
0	John Murray	[The Student's Manual of Modern Geography. Mathematical, physical, and descriptive.]	BEVAN, William Latham.	lsidyv3ca2f2a9	London	000307737	ark:/81055/vdc_00000005C7F6	1879	http://www.flickr.com/photos/britishlibrary/11272572694	1	000352	11272572694	http://farm6.staticflickr.com/5476/11272572694_f7003ab322_m.jpg	194	240	http://farm6.staticflickr.com/5476/11272572694_f7003ab322.jpg	403	500	http://farm6.staticflickr.com/5476/11272572694_f7003ab322_b.jpg	826	1024	http://farm6.staticflickr.com/5476/11272572694_32028d75b9_o.jpg	988	1225
01	American News Company	Round the world with General Grant. A narrative of the visit of General U. S. Grant ... to various countries ... in 1877, 1878, 1879. To which are added certain conversations with General Grant on questions connected with American politics and history ... With ... illustrations	YOUNG, John Russell.		New York	004002305		1879	http://www.flickr.com/photos/britishlibrary/11272507485	1	000174	11272507485	http://farm4.staticflickr.com/3696/11272507485_37e2c6ba59_m.jpg	156	240	http://farm4.staticflickr.com/3696/11272507485_37e2c6ba59.jpg	326	500	http://farm4.staticflickr.com/3696/11272507485_37e2c6ba59_b.jpg	667	1024	http://farm4.staticflickr.com/3696/11272507485_c4881f464b_o.jpg	1110	1703
0		La Grecia moderna. Ricordi ... Con 31 incisioni	PENNAZZI, Luigi Count		Milano	002815965		1879	http://www.flickr.com/photos/britishlibrary/11272548086	1	000222	11272548086	http://farm6.staticflickr.com/5475/11272548086_bccf6a6a42_m.jpg	240	160	http://farm6.staticflickr.com/5475/11272548086_bccf6a6a42.jpg	500	333	http://farm6.staticflickr.com/5475/11272548086_bccf6a6a42_b.jpg	1024	683	http://farm6.staticflickr.com/5475/11272548086_5cf74c6eff_o.jpg	1788	1192
0	T. Lewis	Waltham, past and present, and its industries. With ... photographic illustrations	NELSON, Charles Alexander.		Cambridge [Mass.]	002618620		1879	http://www.flickr.com/photos/britishlibrary/11272547266	2	000141	11272547266	http://farm4.staticflickr.com/3690/11272547266_ed2c10490a_m.jpg	178	240	http://farm4.staticflickr.com/3690/11272547266_ed2c10490a.jpg	372	500	http://farm4.staticflickr.com/3690/11272547266_ed2c10490a_b.jpg	761	1024	http://farm4.staticflickr.com/3690/11272547266_f0d1dfac82_o.jpg	991	1333
0	Religious Tract Society	English Pictures drawn with pen and pencil	MANNING, Samuel LL.D. and GREEN (Samuel Gosnell)	lsidyv3c492c1d	London	002369135	ark:/81055/vdc_000000059460	1879	http://www.flickr.com/photos/britishlibrary/11272569694	1	000220	11272569694	http://farm4.staticflickr.com/3768/11272569694_b9582d10d7_m.jpg	186	240	http://farm4.staticflickr.com/3768/11272569694_b9582d10d7.jpg	388	500	http://farm4.staticflickr.com/3768/11272569694_b9582d10d7_b.jpg	794	1024	http://farm4.staticflickr.com/3768/11272569694_ae3fe34626_o.jpg	1127	1453
0		[Viaje á la Patagonia austral emprendido bajo los auspicios del Gobierno Nacional 1876-1877. tom. 1.]	MORENO, Francisco Josué Pascasio.		Buenos Aires	002546655		1879	http://www.flickr.com/photos/britishlibrary/11272569774	1	000364	11272569774	http://farm6.staticflickr.com/5541/11272569774_fd353b563d_m.jpg	144	240	http://farm6.staticflickr.com/5541/11272569774_fd353b563d.jpg	300	500	http://farm6.staticflickr.com/5541/11272569774_fd353b563d_b.jpg	614	1024	http://farm6.staticflickr.com/5541/11272569774_e76e200dee_o.jpg	908	1515
0	N. D. Thompson & Co.	A Pictorial History of Texas, from the earliest visits of European adventurers to A.D. 1879 ... Third edition, ... revised	THRALL, Homer S.		St. Louis, Mo	003632148		1879	http://www.flickr.com/photos/britishlibrary/11272506035	1	000865	11272506035	http://farm6.staticflickr.com/5503/11272506035_5c30bf848f_m.jpg	240	202	http://farm6.staticflickr.com/5503/11272506035_5c30bf848f.jpg	500	420	http://farm6.staticflickr.com/5503/11272506035_5c30bf848f_b.jpg	1024	861	http://farm6.staticflickr.com/5503/11272506035_5574769380_o.jpg	1415	1190
01	D. Appleton & Co.	[Appleton's European Guide Book illustrated. Including England, Scotland, and Ireland, France, Belgium, Holland, Northern and Southern Germany, Switzerland, Italy, Spain and Portugal, Russia, Denmark, Norway, and Sweden. Containing ... maps, etc.]	APPLETON, Daniel AND CO	lsidyv3cbe7355	New York; Longmans & Co	000100280	ark:/81055/vdc_00000005D9DE	1879	http://www.flickr.com/photos/britishlibrary/11272504955	1	000402	11272504955	http://farm6.staticflickr.com/5485/11272504955_cb7e925cc4_m.jpg	156	240	http://farm6.staticflickr.com/5485/11272504955_cb7e925cc4.jpg	325	500	http://farm6.staticflickr.com/5485/11272504955_cb7e925cc4_b.jpg	666	1024	http://farm6.staticflickr.com/5485/11272504955_35064116aa_o.jpg	802	1233
0	Everts & Ensign	History of Toga, Chemung, Tompkins, and Schuyler Counties, New York. With illustrations and biographical sketches of some of its prominent men and pioneers	PEIRCE, Henry B. and HURD (Duane Hamilton)		Philadelphia	002810116		1879	http://www.flickr.com/photos/britishlibrary/11272544236	1	000150	11272544236	http://farm6.staticflickr.com/5531/11272544236_285f069a99_m.jpg	240	136	http://farm6.staticflickr.com/5531/11272544236_285f069a99.jpg	500	283	http://farm6.staticflickr.com/5531/11272544236_285f069a99_b.jpg	1024	579	http://farm6.staticflickr.com/5531/11272544236_0806325788_o.jpg	1921	1086
01	American News Company	Round the world with General Grant. A narrative of the visit of General U. S. Grant ... to various countries ... in 1877, 1878, 1879. To which are added certain conversations with General Grant on questions connected with American politics and history ... With ... illustrations	YOUNG, John Russell.		New York	004002305		1879	http://www.flickr.com/photos/britishlibrary/11272543986	1	000237	11272543986	http://farm8.staticflickr.com/7359/11272543986_111cfee93e_m.jpg	240	168	http://farm8.staticflickr.com/7359/11272543986_111cfee93e.jpg	500	350	http://farm8.staticflickr.com/7359/11272543986_111cfee93e_b.jpg	1024	716	http://farm8.staticflickr.com/7359/11272543986_51ebcd98fd_o.jpg	1416	990
02	American News Company	Round the world with General Grant. A narrative of the visit of General U. S. Grant ... to various countries ... in 1877, 1878, 1879. To which are added certain conversations with General Grant on questions connected with American politics and history ... With ... illustrations	YOUNG, John Russell.		New York	004002305		1879	http://www.flickr.com/photos/britishlibrary/11272613883	1	000651	11272613883	http://farm4.staticflickr.com/3702/11272613883_5dc84796f1_m.jpg	173	240	http://farm4.staticflickr.com/3702/11272613883_5dc84796f1.jpg	359	500	http://farm4.staticflickr.com/3702/11272613883_5dc84796f1_b.jpg	736	1024	http://farm4.staticflickr.com/3702/11272613883_09e699f42a_o.jpg	1215	1691
0	Cassell, Petter, Galpin & Co.	Morocco: its people and places ... Translated by C. Rollin-Tilton. With ... illustrations	AMICIS, Edmondo de.	lsidyv3c6b00d2	London	000070870	ark:/81055/vdc_00000005AC0C	1879	http://www.flickr.com/photos/britishlibrary/11272502905	2	000184	11272502905	http://farm6.staticflickr.com/5549/11272502905_575976b13a_m.jpg	240	120	http://farm6.staticflickr.com/5549/11272502905_575976b13a.jpg	500	251	http://farm6.staticflickr.com/5549/11272502905_575976b13a_b.jpg	1024	514	http://farm6.staticflickr.com/5549/11272502905_63fa90bf8e_o.jpg	1587	797
0		[Brazil and the Brazilians ... in historical and descriptive sketches ... Engravings.]	KIDDER, Daniel Parish and FLETCHER (James C.)		London	001961854		1879	http://www.flickr.com/photos/britishlibrary/11272502725	1	000470	11272502725	http://farm3.staticflickr.com/2806/11272502725_d10bb11df6_m.jpg	132	240	http://farm3.staticflickr.com/2806/11272502725_d10bb11df6.jpg	274	500	http://farm3.staticflickr.com/2806/11272502725_d10bb11df6_b.jpg	562	1024	http://farm3.staticflickr.com/2806/11272502725_cdbda158c2_o.jpg	758	1380
0		Viaje á la Patagonia austral emprendido bajo los auspicios del Gobierno Nacional 1876-1877. tom. 1	MORENO, Francisco Josué Pascasio.		Buenos Aires	002546654		1879	http://www.flickr.com/photos/britishlibrary/11272612393	1	000364	11272612393	http://farm6.staticflickr.com/5542/11272612393_05c6d6e251_m.jpg	146	240	http://farm6.staticflickr.com/5542/11272612393_05c6d6e251.jpg	305	500	http://farm6.staticflickr.com/5542/11272612393_05c6d6e251_b.jpg	625	1024	http://farm6.staticflickr.com/5542/11272612393_e4f4515531_o.jpg	923	1512
0	W. Mullan & Son	[Personal Narrative of a Pilgrimage to El-Medinah and Meccah. [The editor's preface signed: T. L. W., i.e. Thomas L. Wolley. With illustrations and maps.]]	Burton, Richard Francis Sir		London	000547475		1879	http://www.flickr.com/photos/britishlibrary/11272564084	1	000427	11272564084	http://farm8.staticflickr.com/7383/11272564084_db4575e389_m.jpg	184	240	http://farm8.staticflickr.com/7383/11272564084_db4575e389.jpg	382	500	http://farm8.staticflickr.com/7383/11272564084_db4575e389_b.jpg	783	1024	http://farm8.staticflickr.com/7383/11272564084_fb81a4971b_o.jpg	956	1250
0	Everts & Ensign	History of Toga, Chemung, Tompkins, and Schuyler Counties, New York. With illustrations and biographical sketches of some of its prominent men and pioneers	PEIRCE, Henry B. and HURD (Duane Hamilton)		Philadelphia	002810116		1879	http://www.flickr.com/photos/britishlibrary/11272562794	3	001002	11272562794	http://farm4.staticflickr.com/3730/11272562794_c5e8a5ab4f_m.jpg	240	206	http://farm4.staticflickr.com/3730/11272562794_c5e8a5ab4f.jpg	500	430	http://farm4.staticflickr.com/3730/11272562794_c5e8a5ab4f_b.jpg	1024	881	http://farm4.staticflickr.com/3730/11272562794_91a2ec8da7_o.jpg	1415	1218
0		Les Rues du vieux Paris. Galerie populaire et pittoresque ... Ouvrage illustré de 165 gravures sur bois	FOURNEL, Victor.		Paris	001279089		1879	http://www.flickr.com/photos/britishlibrary/11272499395	1	000255	11272499395	http://farm8.staticflickr.com/7460/11272499395_3edaa69180_m.jpg	240	193	http://farm8.staticflickr.com/7460/11272499395_3edaa69180.jpg	500	402	http://farm8.staticflickr.com/7460/11272499395_3edaa69180_b.jpg	1024	824	http://farm8.staticflickr.com/7460/11272499395_01af830f6c_o.jpg	1158	932
0	Macmillan and Co.	The Arctic Voyages of A. E. Nordenskiöld. 1858-1879. With illustrations and maps	LESLIE, Alexander of Aberdeen		London	002142895		1879	http://www.flickr.com/photos/britishlibrary/11272562524	1	000113	11272562524	http://farm6.staticflickr.com/5536/11272562524_3ebb50e719_m.jpg	172	240	http://farm6.staticflickr.com/5536/11272562524_3ebb50e719.jpg	359	500	http://farm6.staticflickr.com/5536/11272562524_3ebb50e719_b.jpg	735	1024	http://farm6.staticflickr.com/5536/11272562524_61b909899a_o.jpg	1025	1428
0		Mœurs et caractères des peuples, Asie-Amérique-Océanie. Morceaux extraits de divers auteurs. [With illustrations.]	CORTAMBERT, Richard.		Paris	000791358		1879	http://www.flickr.com/photos/britishlibrary/11272561144	1	000114	11272561144	http://farm4.staticflickr.com/3817/11272561144_b63ea423af_m.jpg	192	240	http://farm4.staticflickr.com/3817/11272561144_b63ea423af.jpg	399	500	http://farm4.staticflickr.com/3817/11272561144_b63ea423af_b.jpg	818	1024	http://farm4.staticflickr.com/3817/11272561144_1fcb4d75d1_o.jpg	1197	1498
02	American News Company	Round the world with General Grant. A narrative of the visit of General U. S. Grant ... to various countries ... in 1877, 1878, 1879. To which are added certain conversations with General Grant on questions connected with American politics and history ... With ... illustrations	YOUNG, John Russell.		New York	004002305		1879	http://www.flickr.com/photos/britishlibrary/11272535216	1	000149	11272535216	http://farm4.staticflickr.com/3802/11272535216_cdb213a784_m.jpg	173	240	http://farm4.staticflickr.com/3802/11272535216_cdb213a784.jpg	360	500	http://farm4.staticflickr.com/3802/11272535216_cdb213a784_b.jpg	737	1024	http://farm4.staticflickr.com/3802/11272535216_6f030edf47_o.jpg	1193	1658
0	John Murray	[The Student's Manual of Modern Geography. Mathematical, physical, and descriptive.]	BEVAN, William Latham.	lsidyv3ca2f2a9	London	000307737	ark:/81055/vdc_00000005C7F6	1879	http://www.flickr.com/photos/britishlibrary/11272609553	1	000020	11272609553	http://farm4.staticflickr.com/3793/11272609553_012eb90883_m.jpg	182	240	http://farm4.staticflickr.com/3793/11272609553_012eb90883.jpg	380	500	http://farm4.staticflickr.com/3793/11272609553_012eb90883_b.jpg	778	1024	http://farm4.staticflickr.com/3793/11272609553_1487b53275_o.jpg	931	1225
0		Alice Owen: the Magnet of Llanrwst. A tale of North Wales	ROSS, George Thompson.		Driffield	003163747		1879	http://www.flickr.com/photos/britishlibrary/11272559494	1	000006	11272559494	http://farm3.staticflickr.com/2817/11272559494_c67f506340_m.jpg	240	172	http://farm3.staticflickr.com/2817/11272559494_c67f506340.jpg	500	358	http://farm3.staticflickr.com/2817/11272559494_c67f506340_b.jpg	1024	733	http://farm3.staticflickr.com/2817/11272559494_5880ca8fc5_o.jpg	1657	1186
02	Griffith & Farran	[Memorable Battles in English History, where fought, why fought, and their results. With the military lives of the commanders, etc.]	Adams, W. H. Davenport (William Henry Davenport)		London	000017042		1879	http://www.flickr.com/photos/britishlibrary/11272608203	1	000036	11272608203	http://farm8.staticflickr.com/7372/11272608203_c798cd40a6_m.jpg	240	195	http://farm8.staticflickr.com/7372/11272608203_c798cd40a6.jpg	500	406	http://farm8.staticflickr.com/7372/11272608203_c798cd40a6_b.jpg	1024	831	http://farm8.staticflickr.com/7372/11272608203_77c5634fbc_o.jpg	1565	1270
0		[Voyage aux pays annexés. Suite et fin du Voyage au pays des Milliards.]	TISSOT, Victor.		Paris	003643050		1879	http://www.flickr.com/photos/britishlibrary/11272534206	1	000238	11272534206	http://farm8.staticflickr.com/7442/11272534206_7099a8b057_m.jpg	240	138	http://farm8.staticflickr.com/7442/11272534206_7099a8b057.jpg	500	288	http://farm8.staticflickr.com/7442/11272534206_7099a8b057_b.jpg	1024	590	http://farm8.staticflickr.com/7442/11272534206_64a1757010_o.jpg	1391	802
0	[Ward, Lock & Co.	[Charles O'Malley, the Irish Dragoon. Edited by Harry Lorrequer. [By C. J. L.]]	LEVER, Charles James.		London,] Perth [printed	002150760		1879	http://www.flickr.com/photos/britishlibrary/11272534106	1	000672	11272534106	http://farm3.staticflickr.com/2866/11272534106_6d084b4729_m.jpg	177	240	http://farm3.staticflickr.com/2866/11272534106_6d084b4729.jpg	368	500	http://farm3.staticflickr.com/2866/11272534106_6d084b4729_b.jpg	754	1024	http://farm3.staticflickr.com/2866/11272534106_b4816970ef_o.jpg	877	1191
0	J. A. & R. A. Reid	The Past and the Present. Narragansett sea and shore. An illustrated guide to Providence, Newport, Narragansett Pier, Block Island, Watch Hill, Rocky Point, Silver Spring, and all the famous sea-side resorts of Rhode Island, with a map of Narragansett Bay	DENISON, Frederic.		Providence	000908069		1879	http://www.flickr.com/photos/britishlibrary/11272557444	1	000083	11272557444	http://farm8.staticflickr.com/7443/11272557444_2feabf6814_m.jpg	115	240	http://farm8.staticflickr.com/7443/11272557444_2feabf6814.jpg	239	500	http://farm8.staticflickr.com/7443/11272557444_2feabf6814_b.jpg	489	1024	http://farm8.staticflickr.com/7443/11272557444_828be94d50_o.jpg	727	1523
0	The Mission Press	The manners and customs of the Chinese of the Straits Settlements	VAUGHAN, Jonas Daniel.	lsidyv3c6920e3	Singapore	003763775	ark:/81055/vdc_00000005AABC	1879	http://www.flickr.com/photos/britishlibrary/11272533046	2	000088	11272533046	http://farm8.staticflickr.com/7375/11272533046_1a487b1920_m.jpg	178	240	http://farm8.staticflickr.com/7375/11272533046_1a487b1920.jpg	370	500	http://farm8.staticflickr.com/7375/11272533046_1a487b1920_b.jpg	758	1024	http://farm8.staticflickr.com/7375/11272533046_2ae3fd8732_o.jpg	1095	1479
0	Religious Tract Society	English Pictures drawn with pen and pencil	MANNING, Samuel LL.D. and GREEN (Samuel Gosnell)	lsidyv3c492c1d	London	002369135	ark:/81055/vdc_000000059460	1879	http://www.flickr.com/photos/britishlibrary/11272604413	1	000102	11272604413	http://farm4.staticflickr.com/3775/11272604413_6c1aae0c7f_m.jpg	161	240	http://farm4.staticflickr.com/3775/11272604413_6c1aae0c7f.jpg	335	500	http://farm4.staticflickr.com/3775/11272604413_6c1aae0c7f_b.jpg	687	1024	http://farm4.staticflickr.com/3775/11272604413_b4b1775dd0_o.jpg	871	1298
02	D. Appleton & Co.	[Appleton's European Guide Book illustrated. Including England, Scotland, and Ireland, France, Belgium, Holland, Northern and Southern Germany, Switzerland, Italy, Spain and Portugal, Russia, Denmark, Norway, and Sweden. Containing ... maps, etc.]	APPLETON, Daniel AND CO	lsidyv3cbe7355	New York; Longmans & Co	000100280	ark:/81055/vdc_00000005D9DE	1879	http://www.flickr.com/photos/britishlibrary/11272604383	1	000630	11272604383	http://farm4.staticflickr.com/3828/11272604383_2bf7bb1479_m.jpg	163	240	http://farm4.staticflickr.com/3828/11272604383_2bf7bb1479.jpg	339	500	http://farm4.staticflickr.com/3828/11272604383_2bf7bb1479_b.jpg	695	1024	http://farm4.staticflickr.com/3828/11272604383_aff7baf85e_o.jpg	871	1284
0	Moses King	King's Handbook of Boston. Profusely illustrated. [With a map.]	KING, Moses.		Cambridge, Mass	001968594		1879	http://www.flickr.com/photos/britishlibrary/11272603853	2	000008	11272603853	http://farm6.staticflickr.com/5528/11272603853_8007711218_m.jpg	174	240	http://farm6.staticflickr.com/5528/11272603853_8007711218.jpg	362	500	http://farm6.staticflickr.com/5528/11272603853_8007711218_b.jpg	742	1024	http://farm6.staticflickr.com/5528/11272603853_6dcaf5b945_o.jpg	1068	1473
0	Western Historical Co.	The History of Clinton County, Iowa ... Illustrated			Chicago	000726414		1879	http://www.flickr.com/photos/britishlibrary/11272530106	1	000313	11272530106	http://farm4.staticflickr.com/3791/11272530106_a046556065_m.jpg	231	240	http://farm4.staticflickr.com/3791/11272530106_a046556065.jpg	481	500	http://farm4.staticflickr.com/3791/11272530106_a046556065_b.jpg	985	1024	http://farm4.staticflickr.com/3791/11272530106_b443e50caa_o.jpg	1198	1246
0		Die amerikanische Nordpol-Expedition ... Mit zahlreichen Illustrationen in Holzschnitt, etc	BESSELS, Emil.		Leipzig	000303634		1879	http://www.flickr.com/photos/britishlibrary/11272530426	1	000400	11272530426	http://farm8.staticflickr.com/7307/11272530426_081970a407_m.jpg	240	165	http://farm8.staticflickr.com/7307/11272530426_081970a407.jpg	500	344	http://farm8.staticflickr.com/7307/11272530426_081970a407_b.jpg	1024	705	http://farm8.staticflickr.com/7307/11272530426_a20eb7727c_o.jpg	1493	1028
0	[Ward, Lock & Co.	[Charles O'Malley, the Irish Dragoon. Edited by Harry Lorrequer. [By C. J. L.]]	LEVER, Charles James.		London,] Perth [printed	002150760		1879	http://www.flickr.com/photos/britishlibrary/11272602063	1	000060	11272602063	http://farm8.staticflickr.com/7445/11272602063_8d9edd6f3d_m.jpg	135	240	http://farm8.staticflickr.com/7445/11272602063_8d9edd6f3d.jpg	281	500	http://farm8.staticflickr.com/7445/11272602063_8d9edd6f3d_b.jpg	576	1024	http://farm8.staticflickr.com/7445/11272602063_b384c02819_o.jpg	802	1427
04		Danmarks og Norges Historie i Slutningen af det 16de Aarhundrede	TROELS-LUND, Troels Frederik.		Kjøbenhavn	003677661		1879	http://www.flickr.com/photos/britishlibrary/11272600983	1	000598	11272600983	http://farm3.staticflickr.com/2836/11272600983_6665791494_m.jpg	212	240	http://farm3.staticflickr.com/2836/11272600983_6665791494.jpg	442	500	http://farm3.staticflickr.com/2836/11272600983_6665791494_b.jpg	906	1024	http://farm3.staticflickr.com/2836/11272600983_89229f6693_o.jpg	963	1088
0		Songs and Lyrics for Little Lips. Set to music by W. H. Cummings and others. Illustrated, etc			London, [1879.]	003440815		1879	http://www.flickr.com/photos/britishlibrary/11272552034	1	000009	11272552034	http://farm6.staticflickr.com/5487/11272552034_1f7cf3a71c_m.jpg	240	208	http://farm6.staticflickr.com/5487/11272552034_1f7cf3a71c.jpg	500	433	http://farm6.staticflickr.com/5487/11272552034_1f7cf3a71c_b.jpg	1024	887	http://farm6.staticflickr.com/5487/11272552034_72f4b7ba8e_o.jpg	1132	980
0		Les Vieilles Villes de Suisse. Notes et souvenirs. Ouvrage illustré de 105 dessins à la plume par A. Robida reproduits en fac-simile	ROBIDA, Albert.		Paris	003121715		1879	http://www.flickr.com/photos/britishlibrary/11272552244	1	000103	11272552244	http://farm4.staticflickr.com/3738/11272552244_e70bc90ce9_m.jpg	240	120	http://farm4.staticflickr.com/3738/11272552244_e70bc90ce9.jpg	500	249	http://farm4.staticflickr.com/3738/11272552244_e70bc90ce9_b.jpg	1024	510	http://farm4.staticflickr.com/3738/11272552244_73170ed2f7_o.jpg	1686	840
0		The History of Russia from the earliest times to 1877 ... Translated by L. B. Lang [with additions and emendations by the author]. ... With illustrations	RAMBAUD, Alfred Nicolas.		London	003034307		1879	http://www.flickr.com/photos/britishlibrary/11272488285	1	000523	11272488285	http://farm4.staticflickr.com/3752/11272488285_c030715803_m.jpg	240	175	http://farm4.staticflickr.com/3752/11272488285_c030715803.jpg	500	364	http://farm4.staticflickr.com/3752/11272488285_c030715803_b.jpg	1024	745	http://farm4.staticflickr.com/3752/11272488285_876b625e86_o.jpg	1372	998
0		The Wild Man at Home: or, pictures of life in savage lands ... With woodcuts ... and coloured illustrations	GREENWOOD, James Novelist	lsidyv2af6fa2f	London, Edinburgh	001503444	ark:/81055/vdc_0000000519A2	1879	http://www.flickr.com/photos/britishlibrary/11272487895	1	000047	11272487895	http://farm4.staticflickr.com/3731/11272487895_27b39cc936_m.jpg	194	240	http://farm4.staticflickr.com/3731/11272487895_27b39cc936.jpg	404	500	http://farm4.staticflickr.com/3731/11272487895_27b39cc936_b.jpg	827	1024	http://farm4.staticflickr.com/3731/11272487895_c9e28f9c60_o.jpg	1067	1321
0	Edward Stanford	Life in Asiatic Turkey. A journal of travel in Cilicia-Pedias and Trachœa-Isauria, and parts of Lycaonia and Cappadocia ... Map and illustrations, from original drawings by the author and Mr. Ancketill	DAVIS, Edwin John M.A		London	000878911		1879	http://www.flickr.com/photos/britishlibrary/11272487285	1	000108	11272487285	http://farm8.staticflickr.com/7299/11272487285_bb3a8fe6a7_m.jpg	240	188	http://farm8.staticflickr.com/7299/11272487285_bb3a8fe6a7.jpg	500	391	http://farm8.staticflickr.com/7299/11272487285_bb3a8fe6a7_b.jpg	1024	800	http://farm8.staticflickr.com/7299/11272487285_3fec8dce58_o.jpg	1353	1057
0	Lewis, Peck & Co.	History of Steuben County, New York, with illustrations and biographical sketches of some of its prominent men and pioneers	CLAYTON, W. Woodford.		Philadelphia	000719876		1879	http://www.flickr.com/photos/britishlibrary/11272548754	1	000402	11272548754	http://farm8.staticflickr.com/7399/11272548754_ec7acbee9d_m.jpg	240	156	http://farm8.staticflickr.com/7399/11272548754_ec7acbee9d.jpg	500	326	http://farm8.staticflickr.com/7399/11272548754_ec7acbee9d_b.jpg	1024	667	http://farm8.staticflickr.com/7399/11272548754_412fdca182_o.jpg	1815	1183
01		The Australian abroad. Branches from the Main Routes round the World. [Reprinted from the Melbourne “Argus.” With illustrations.] 2 series	HINGSTON, James.	lsidyv3cbf9abe	London	001689101	ark:/81055/vdc_00000005DA7A	1879	http://www.flickr.com/photos/britishlibrary/11272525456	1	000278	11272525456	http://farm4.staticflickr.com/3765/11272525456_1f833a6530_m.jpg	240	149	http://farm4.staticflickr.com/3765/11272525456_1f833a6530.jpg	500	311	http://farm4.staticflickr.com/3765/11272525456_1f833a6530_b.jpg	1024	637	http://farm4.staticflickr.com/3765/11272525456_cfba608355_o.jpg	1387	863
01	American News Company	Round the world with General Grant. A narrative of the visit of General U. S. Grant ... to various countries ... in 1877, 1878, 1879. To which are added certain conversations with General Grant on questions connected with American politics and history ... With ... illustrations	YOUNG, John Russell.		New York	004002305		1879	http://www.flickr.com/photos/britishlibrary/11272547824	1	000243	11272547824	http://farm6.staticflickr.com/5490/11272547824_7cabfc7a01_m.jpg	162	240	http://farm6.staticflickr.com/5490/11272547824_7cabfc7a01.jpg	337	500	http://farm6.staticflickr.com/5490/11272547824_7cabfc7a01_b.jpg	691	1024	http://farm6.staticflickr.com/5490/11272547824_6e66cbf5d8_o.jpg	1158	1716
0	N. D. Thompson & Co.	A Pictorial History of Texas, from the earliest visits of European adventurers to A.D. 1879 ... Third edition, ... revised	THRALL, Homer S.		St. Louis, Mo	003632148		1879	http://www.flickr.com/photos/britishlibrary/11272484865	1	000169	11272484865	http://farm3.staticflickr.com/2814/11272484865_9b1bb47622_m.jpg	240	238	http://farm3.staticflickr.com/2814/11272484865_9b1bb47622.jpg	500	497	http://farm3.staticflickr.com/2814/11272484865_9b1bb47622_b.jpg	1024	1017	http://farm3.staticflickr.com/2814/11272484865_70aeb58e18_o.jpg	1143	1135
0	Marcus Ward & Co.	Our Native Land, its scenery and associations. A series of 36 water-colour sketches after Rowbotham, Read, Needham, and other eminent artists. With descriptive notes. [The author of the text identified on the wrapper of pt. 1 as “the author of By Loch and by Land”, i.e. Jean L. Watson.]	WATSON, Jean L.		London	001140593		1879	http://www.flickr.com/photos/britishlibrary/11272484245	1	000328	11272484245	http://farm4.staticflickr.com/3711/11272484245_df17af6c3b_m.jpg	240	146	http://farm4.staticflickr.com/3711/11272484245_df17af6c3b.jpg	500	305	http://farm4.staticflickr.com/3711/11272484245_df17af6c3b_b.jpg	1024	624	http://farm4.staticflickr.com/3711/11272484245_6f3f7a240e_o.jpg	1806	1101
0	[Ward, Lock & Co.	[Charles O'Malley, the Irish Dragoon. Edited by Harry Lorrequer. [By C. J. L.]]	LEVER, Charles James.		London,] Perth [printed	002150760		1879	http://www.flickr.com/photos/britishlibrary/11272546424	1	000243	11272546424	http://farm4.staticflickr.com/3671/11272546424_5bd45281ee_m.jpg	240	174	http://farm4.staticflickr.com/3671/11272546424_5bd45281ee.jpg	500	362	http://farm4.staticflickr.com/3671/11272546424_5bd45281ee_b.jpg	1024	741	http://farm4.staticflickr.com/3671/11272546424_5779410b53_o.jpg	1563	1131
0	Lewis, Peck & Co.	History of Steuben County, New York, with illustrations and biographical sketches of some of its prominent men and pioneers	CLAYTON, W. Woodford.		Philadelphia	000719876		1879	http://www.flickr.com/photos/britishlibrary/11272483635	1	000697	11272483635	http://farm8.staticflickr.com/7419/11272483635_b3b9da71d4_m.jpg	240	162	http://farm8.staticflickr.com/7419/11272483635_b3b9da71d4.jpg	500	338	http://farm8.staticflickr.com/7419/11272483635_b3b9da71d4_b.jpg	1024	693	http://farm8.staticflickr.com/7419/11272483635_06da84b41d_o.jpg	1448	980
0		The Black Forest, its people and legends. [With maps and illustrations.]	SÉGUIN, afterwards STRAHAN, Lisbeth Gooch.	lsidyv3bbdd558	London, Edinburgh	003328570	ark:/81055/vdc_000000053B26	1879	http://www.flickr.com/photos/britishlibrary/11272482345	1	000104	11272482345	http://farm6.staticflickr.com/5527/11272482345_fc45813083_m.jpg	240	167	http://farm6.staticflickr.com/5527/11272482345_fc45813083.jpg	500	349	http://farm6.staticflickr.com/5527/11272482345_fc45813083_b.jpg	1024	714	http://farm6.staticflickr.com/5527/11272482345_1998fdcd0c_o.jpg	1665	1161
0	Everts & Ensign	History of Toga, Chemung, Tompkins, and Schuyler Counties, New York. With illustrations and biographical sketches of some of its prominent men and pioneers	PEIRCE, Henry B. and HURD (Duane Hamilton)		Philadelphia	002810116		1879	http://www.flickr.com/photos/britishlibrary/11272521806	1	000311	11272521806	http://farm4.staticflickr.com/3715/11272521806_91872ddc05_m.jpg	240	161	http://farm4.staticflickr.com/3715/11272521806_91872ddc05.jpg	500	335	http://farm4.staticflickr.com/3715/11272521806_91872ddc05_b.jpg	1024	687	http://farm4.staticflickr.com/3715/11272521806_0ce87d377f_o.jpg	1473	988
0	Murray Williamson & Phelps	The History of Adams County, Illinois ... Illustrated			Chicago	000014468		1879	http://www.flickr.com/photos/britishlibrary/11272593123	1	000008	11272593123	http://farm4.staticflickr.com/3781/11272593123_a4bf74775a_m.jpg	240	198	http://farm4.staticflickr.com/3781/11272593123_a4bf74775a.jpg	500	413	http://farm4.staticflickr.com/3781/11272593123_a4bf74775a_b.jpg	1024	845	http://farm4.staticflickr.com/3781/11272593123_df11871345_o.jpg	1581	1305
0		Viaje á la Patagonia austral emprendido bajo los auspicios del Gobierno Nacional 1876-1877. tom. 1	MORENO, Francisco Josué Pascasio.		Buenos Aires	002546654		1879	http://www.flickr.com/photos/britishlibrary/11272480965	1	000167	11272480965	http://farm6.staticflickr.com/5543/11272480965_0e6e2676b7_m.jpg	170	240	http://farm6.staticflickr.com/5543/11272480965_0e6e2676b7.jpg	354	500	http://farm6.staticflickr.com/5543/11272480965_0e6e2676b7_b.jpg	726	1024	http://farm6.staticflickr.com/5543/11272480965_3d1c4f4859_o.jpg	1041	1468
0	[Ward, Lock & Co.	[Charles O'Malley, the Irish Dragoon. Edited by Harry Lorrequer. [By C. J. L.]]	LEVER, Charles James.		London,] Perth [printed	002150760		1879	http://www.flickr.com/photos/britishlibrary/11272519526	1	000037	11272519526	http://farm6.staticflickr.com/5479/11272519526_fac3512aff_m.jpg	146	240	http://farm6.staticflickr.com/5479/11272519526_fac3512aff.jpg	304	500	http://farm6.staticflickr.com/5479/11272519526_fac3512aff_b.jpg	623	1024	http://farm6.staticflickr.com/5479/11272519526_c2d0d3c831_o.jpg	855	1406
0		The Wild Man at Home: or, pictures of life in savage lands ... With woodcuts ... and coloured illustrations	GREENWOOD, James Novelist	lsidyv2af6fa2f	London, Edinburgh	001503444	ark:/81055/vdc_0000000519A2	1879	http://www.flickr.com/photos/britishlibrary/11272519106	1	000431	11272519106	http://farm8.staticflickr.com/7290/11272519106_5529de0115_m.jpg	204	240	http://farm8.staticflickr.com/7290/11272519106_5529de0115.jpg	424	500	http://farm8.staticflickr.com/7290/11272519106_5529de0115_b.jpg	869	1024	http://farm8.staticflickr.com/7290/11272519106_76c170d3eb_o.jpg	1173	1383
01	Tinsley Brothers	Berlin under the New Empire, its institutions, inhabitants, industry ... With ... engravings, etc	VIZETELLY, Henry.		London	003807524		1879	http://www.flickr.com/photos/britishlibrary/11272479005	1	000445	11272479005	http://farm4.staticflickr.com/3729/11272479005_c4b0c8f3de_m.jpg	240	201	http://farm4.staticflickr.com/3729/11272479005_c4b0c8f3de.jpg	500	418	http://farm4.staticflickr.com/3729/11272479005_c4b0c8f3de_b.jpg	1024	856	http://farm4.staticflickr.com/3729/11272479005_5f075a2af8_o.jpg	1136	950
0	W. H. Luke	Illustrated Handbook to Plymouth, Stonehouse & Devonport, with a new map ... New and enlarged edition	WRIGHT, William Henry Kearley.		Plymouth	003985100		1879	http://www.flickr.com/photos/britishlibrary/11272589963	1	000042	11272589963	http://farm3.staticflickr.com/2875/11272589963_13221d2dc5_m.jpg	174	240	http://farm3.staticflickr.com/2875/11272589963_13221d2dc5.jpg	362	500	http://farm3.staticflickr.com/2875/11272589963_13221d2dc5_b.jpg	741	1024	http://farm3.staticflickr.com/2875/11272589963_bc0a2ddb57_o.jpg	913	1262
0		The Illustrated Guide to Sheffield and the surrounding district, etc	TAYLOR, John of Sheffield		Sheffield	003589731		1879	http://www.flickr.com/photos/britishlibrary/11272541424	1	000515	11272541424	http://farm4.staticflickr.com/3768/11272541424_692fce0b07_m.jpg	161	240	http://farm4.staticflickr.com/3768/11272541424_692fce0b07.jpg	336	500	http://farm4.staticflickr.com/3768/11272541424_692fce0b07_b.jpg	688	1024	http://farm4.staticflickr.com/3768/11272541424_04f0cf63a1_o.jpg	951	1415
0	Everts & Ensign	History of Toga, Chemung, Tompkins, and Schuyler Counties, New York. With illustrations and biographical sketches of some of its prominent men and pioneers	PEIRCE, Henry B. and HURD (Duane Hamilton)		Philadelphia	002810116		1879	http://www.flickr.com/photos/britishlibrary/11272540334	1	000623	11272540334	http://farm6.staticflickr.com/5505/11272540334_b020c59f1e_m.jpg	240	204	http://farm6.staticflickr.com/5505/11272540334_b020c59f1e.jpg	500	426	http://farm6.staticflickr.com/5505/11272540334_b020c59f1e_b.jpg	1024	872	http://farm6.staticflickr.com/5505/11272540334_440f6edaa6_o.jpg	1433	1220
0	W. Mullan & Son	Winifred Martin. A story of English family life ... With illustrations, etc	BROOK, afterwards ROSS, Ellen.		London & Belfast	000486054		1879	http://www.flickr.com/photos/britishlibrary/11272540104	1	000367	11272540104	http://farm3.staticflickr.com/2866/11272540104_0b0d3439f7_m.jpg	240	170	http://farm3.staticflickr.com/2866/11272540104_0b0d3439f7.jpg	500	354	http://farm3.staticflickr.com/2866/11272540104_0b0d3439f7_b.jpg	1024	725	http://farm3.staticflickr.com/2866/11272540104_a6deb0dfa5_o.jpg	1355	960
0	Everts & Ensign	History of Toga, Chemung, Tompkins, and Schuyler Counties, New York. With illustrations and biographical sketches of some of its prominent men and pioneers	PEIRCE, Henry B. and HURD (Duane Hamilton)		Philadelphia	002810116		1879	http://www.flickr.com/photos/britishlibrary/11272588313	2	000823	11272588313	http://farm4.staticflickr.com/3814/11272588313_7f1331e6a7_m.jpg	240	188	http://farm4.staticflickr.com/3814/11272588313_7f1331e6a7.jpg	500	391	http://farm4.staticflickr.com/3814/11272588313_7f1331e6a7_b.jpg	1024	801	http://farm4.staticflickr.com/3814/11272588313_f2be348214_o.jpg	1248	976
0		Reise nach West-Sibirien im Jahre 1876. Auf Veranstaltung des Vereins für die Deutsche Nordpolarfahrt in Bremen unternommen mit Dr. A. E. Brehm und Karl Graf v. Waldburg-Zeil-Trauchburg, von Dr. O. F., etc	Finsch, O. (Otto)		Berlin	001238638		1879	http://www.flickr.com/photos/britishlibrary/11272475965	1	000237	11272475965	http://farm4.staticflickr.com/3782/11272475965_f8fdbcd130_m.jpg	123	240	http://farm4.staticflickr.com/3782/11272475965_f8fdbcd130.jpg	255	500	http://farm4.staticflickr.com/3782/11272475965_f8fdbcd130_b.jpg	523	1024	http://farm4.staticflickr.com/3782/11272475965_a8bb3f67a7_o.jpg	748	1465
0		Reise nach West-Sibirien im Jahre 1876. Auf Veranstaltung des Vereins für die Deutsche Nordpolarfahrt in Bremen unternommen mit Dr. A. E. Brehm und Karl Graf v. Waldburg-Zeil-Trauchburg, von Dr. O. F., etc	Finsch, O. (Otto)		Berlin	001238638		1879	http://www.flickr.com/photos/britishlibrary/11272587163	1	000105	11272587163	http://farm4.staticflickr.com/3737/11272587163_b142ef6d84_m.jpg	138	240	http://farm4.staticflickr.com/3737/11272587163_b142ef6d84.jpg	288	500	http://farm4.staticflickr.com/3737/11272587163_b142ef6d84_b.jpg	590	1024	http://farm4.staticflickr.com/3737/11272587163_4b915e345a_o.jpg	882	1532
0	Marcus Ward & Co.	Our Native Land, its scenery and associations. A series of 36 water-colour sketches after Rowbotham, Read, Needham, and other eminent artists. With descriptive notes. [The author of the text identified on the wrapper of pt. 1 as “the author of By Loch and by Land”, i.e. Jean L. Watson.]	WATSON, Jean L.		London	001140593		1879	http://www.flickr.com/photos/britishlibrary/11272475425	2	000342	11272475425	http://farm8.staticflickr.com/7385/11272475425_c30633b6d1_m.jpg	236	240	http://farm8.staticflickr.com/7385/11272475425_c30633b6d1.jpg	492	500	http://farm8.staticflickr.com/7385/11272475425_c30633b6d1_b.jpg	1007	1024	http://farm8.staticflickr.com/7385/11272475425_f009f9f641_o.jpg	1141	1160
0	Everts & Ensign	History of Toga, Chemung, Tompkins, and Schuyler Counties, New York. With illustrations and biographical sketches of some of its prominent men and pioneers	PEIRCE, Henry B. and HURD (Duane Hamilton)		Philadelphia	002810116		1879	http://www.flickr.com/photos/britishlibrary/11272474145	1	000075	11272474145	http://farm6.staticflickr.com/5507/11272474145_fd323ccb77_m.jpg	240	143	http://farm6.staticflickr.com/5507/11272474145_fd323ccb77.jpg	500	297	http://farm6.staticflickr.com/5507/11272474145_fd323ccb77_b.jpg	1024	608	http://farm6.staticflickr.com/5507/11272474145_a449af1ef3_o.jpg	1700	1010
0		Mœurs et caractères des peuples, Asie-Amérique-Océanie. Morceaux extraits de divers auteurs. [With illustrations.]	CORTAMBERT, Richard.		Paris	000791358		1879	http://www.flickr.com/photos/britishlibrary/11272474215	1	000267	11272474215	http://farm4.staticflickr.com/3696/11272474215_fb09b7561b_m.jpg	142	240	http://farm4.staticflickr.com/3696/11272474215_fb09b7561b.jpg	296	500	http://farm4.staticflickr.com/3696/11272474215_fb09b7561b_b.jpg	606	1024	http://farm4.staticflickr.com/3696/11272474215_fa3b1a2bb1_o.jpg	882	1490
0		The Children's fairy geography, or a merry trip round Europe	WINSLOW, Forbes Edward.	lsidyv3c92d153	London	003952456	ark:/81055/vdc_00000005BE18	1879	http://www.flickr.com/photos/britishlibrary/11272474065	1	000080	11272474065	http://farm6.staticflickr.com/5522/11272474065_e561fed3d2_m.jpg	240	216	http://farm6.staticflickr.com/5522/11272474065_e561fed3d2.jpg	500	450	http://farm6.staticflickr.com/5522/11272474065_e561fed3d2_b.jpg	1024	922	http://farm6.staticflickr.com/5522/11272474065_f8363a0228_o.jpg	1517	1366
0	D. W. Ensign & Co.	History of Columbiana County, Ohio, with illustrations and biographical sketches of its prominent men and pioneers	MACK, Horace.		Philadelphia	002319445		1879	http://www.flickr.com/photos/britishlibrary/11272472595	1	000320	11272472595	http://farm4.staticflickr.com/3719/11272472595_47e3902fd4_m.jpg	240	194	http://farm4.staticflickr.com/3719/11272472595_47e3902fd4.jpg	500	404	http://farm4.staticflickr.com/3719/11272472595_47e3902fd4_b.jpg	1024	828	http://farm4.staticflickr.com/3719/11272472595_9c0a1fe5f4_o.jpg	1226	991
0	John Murray	[The Student's Manual of Modern Geography. Mathematical, physical, and descriptive.]	BEVAN, William Latham.	lsidyv3ca2f2a9	London	000307737	ark:/81055/vdc_00000005C7F6	1879	http://www.flickr.com/photos/britishlibrary/11272534014	1	000201	11272534014	http://farm3.staticflickr.com/2842/11272534014_4236b56969_m.jpg	225	240	http://farm3.staticflickr.com/2842/11272534014_4236b56969.jpg	469	500	http://farm3.staticflickr.com/2842/11272534014_4236b56969_b.jpg	961	1024	http://farm3.staticflickr.com/2842/11272534014_fc164bf35f_o.jpg	1150	1225
01	Tinsley Brothers	Berlin under the New Empire, its institutions, inhabitants, industry ... With ... engravings, etc	VIZETELLY, Henry.		London	003807524		1879	http://www.flickr.com/photos/britishlibrary/11272534504	1	000194	11272534504	http://farm8.staticflickr.com/7313/11272534504_d3ff35a39b_m.jpg	240	212	http://farm8.staticflickr.com/7313/11272534504_d3ff35a39b.jpg	500	442	http://farm8.staticflickr.com/7313/11272534504_d3ff35a39b_b.jpg	1024	906	http://farm8.staticflickr.com/7313/11272534504_2b4f3dc96a_o.jpg	1087	962
0		Очерки Русской Исторіи въ памятникахъ быта. pt. 1, 2	POLEVOI, Petr Nikolaevich.		С.-Петербургъ	002948284		1879	http://www.flickr.com/photos/britishlibrary/11272581613	1	000168	11272581613	http://farm8.staticflickr.com/7405/11272581613_79ed0a96d2_m.jpg	120	240	http://farm8.staticflickr.com/7405/11272581613_79ed0a96d2.jpg	250	500	http://farm8.staticflickr.com/7405/11272581613_79ed0a96d2_b.jpg	512	1024	http://farm8.staticflickr.com/7405/11272581613_749c940e3a_o.jpg	917	1835
0		The History of France, from the earliest times to the outbreak of the Revolution. Abridged from ... R. Black's translation of ... Guizot's larger history. With chronological index, ... tables, portraits ... By G. Masson, etc	GUIZOT, François Pierre Guillaume.		London	001541681		1879	http://www.flickr.com/photos/britishlibrary/11272533054	1	000394	11272533054	http://farm4.staticflickr.com/3703/11272533054_48c119e526_m.jpg	179	240	http://farm4.staticflickr.com/3703/11272533054_48c119e526.jpg	372	500	http://farm4.staticflickr.com/3703/11272533054_48c119e526_b.jpg	762	1024	http://farm4.staticflickr.com/3703/11272533054_82a2ff0978_o.jpg	1011	1359
0	Lewis, Peck & Co.	History of Steuben County, New York, with illustrations and biographical sketches of some of its prominent men and pioneers	CLAYTON, W. Woodford.		Philadelphia	000719876		1879	http://www.flickr.com/photos/britishlibrary/11272508936	1	000297	11272508936	http://farm4.staticflickr.com/3722/11272508936_fc7d77819c_m.jpg	240	175	http://farm4.staticflickr.com/3722/11272508936_fc7d77819c.jpg	500	364	http://farm4.staticflickr.com/3722/11272508936_fc7d77819c_b.jpg	1024	745	http://farm4.staticflickr.com/3722/11272508936_416dcb3963_o.jpg	1702	1238
01		Paris à travers les siècles. Histoire nationale de Paris et des Parisiens depuis la fondation de Lutèce jusqu'à nos jours, etc	GOURDON DE GENOUILLAC, Nicolas Jules Henri.		Paris	001476975		1879	http://www.flickr.com/photos/britishlibrary/11272531944	2	000585	11272531944	http://farm3.staticflickr.com/2819/11272531944_d11271af11_m.jpg	173	240	http://farm3.staticflickr.com/2819/11272531944_d11271af11.jpg	360	500	http://farm3.staticflickr.com/2819/11272531944_d11271af11_b.jpg	738	1024	http://farm3.staticflickr.com/2819/11272531944_08e75c3f4c_o.jpg	1241	1722
0		[Brazil and the Brazilians ... in historical and descriptive sketches ... Engravings.]	KIDDER, Daniel Parish and FLETCHER (James C.)		London	001961854		1879	http://www.flickr.com/photos/britishlibrary/11272468525	1	000191	11272468525	http://farm4.staticflickr.com/3685/11272468525_012fa6dee9_m.jpg	153	240	http://farm4.staticflickr.com/3685/11272468525_012fa6dee9.jpg	319	500	http://farm4.staticflickr.com/3685/11272468525_012fa6dee9_b.jpg	654	1024	http://farm4.staticflickr.com/3685/11272468525_4ff0971e79_o.jpg	835	1308
02	American News Company	Round the world with General Grant. A narrative of the visit of General U. S. Grant ... to various countries ... in 1877, 1878, 1879. To which are added certain conversations with General Grant on questions connected with American politics and history ... With ... illustrations	YOUNG, John Russell.		New York	004002305		1879	http://www.flickr.com/photos/britishlibrary/11272468165	1	000342	11272468165	http://farm3.staticflickr.com/2834/11272468165_51f47a19e6_m.jpg	240	175	http://farm3.staticflickr.com/2834/11272468165_51f47a19e6.jpg	500	365	http://farm3.staticflickr.com/2834/11272468165_51f47a19e6_b.jpg	1024	747	http://farm3.staticflickr.com/2834/11272468165_3f2deeafdb_o.jpg	1455	1061
0	Waterlow & Sons	Up the River from Westminster to Windsor and Oxford; a descriptive panorama of Thames Scenery			London	003606029		1879	http://www.flickr.com/photos/britishlibrary/11272506186	1	000078	11272506186	http://farm8.staticflickr.com/7294/11272506186_eb50b6d74a_m.jpg	159	240	http://farm8.staticflickr.com/7294/11272506186_eb50b6d74a.jpg	332	500	http://farm8.staticflickr.com/7294/11272506186_eb50b6d74a_b.jpg	680	1024	http://farm8.staticflickr.com/7294/11272506186_a41c6e9b4c_o.jpg	1028	1548
0		Saint-Pierre de Rome. Ouvrage illustré, etc	LORBAC, Charles de.		Rome	002259706		1879	http://www.flickr.com/photos/britishlibrary/11272578473	1	000273	11272578473	http://farm8.staticflickr.com/7352/11272578473_32aa02d2ec_m.jpg	240	153	http://farm8.staticflickr.com/7352/11272578473_32aa02d2ec.jpg	500	318	http://farm8.staticflickr.com/7352/11272578473_32aa02d2ec_b.jpg	1024	652	http://farm8.staticflickr.com/7352/11272578473_e34062e3f4_o.jpg	1786	1137
0	Everts & Ensign	History of Toga, Chemung, Tompkins, and Schuyler Counties, New York. With illustrations and biographical sketches of some of its prominent men and pioneers	PEIRCE, Henry B. and HURD (Duane Hamilton)		Philadelphia	002810116		1879	http://www.flickr.com/photos/britishlibrary/11272466325	1	000377	11272466325	http://farm3.staticflickr.com/2868/11272466325_6db39ac0b6_m.jpg	240	146	http://farm3.staticflickr.com/2868/11272466325_6db39ac0b6.jpg	500	304	http://farm3.staticflickr.com/2868/11272466325_6db39ac0b6_b.jpg	1024	622	http://farm3.staticflickr.com/2868/11272466325_5a9f67b13d_o.jpg	1608	977
0		Les Vieilles Villes de Suisse. Notes et souvenirs. Ouvrage illustré de 105 dessins à la plume par A. Robida reproduits en fac-simile	ROBIDA, Albert.		Paris	003121715		1879	http://www.flickr.com/photos/britishlibrary/11272576893	1	000083	11272576893	http://farm4.staticflickr.com/3779/11272576893_337c4e79e0_m.jpg	180	240	http://farm4.staticflickr.com/3779/11272576893_337c4e79e0.jpg	375	500	http://farm4.staticflickr.com/3779/11272576893_337c4e79e0_b.jpg	769	1024	http://farm4.staticflickr.com/3779/11272576893_f1744d5545_o.jpg	1226	1632
0	W. H. Luke	Illustrated Handbook to Plymouth, Stonehouse & Devonport, with a new map ... New and enlarged edition	WRIGHT, William Henry Kearley.		Plymouth	003985100		1879	http://www.flickr.com/photos/britishlibrary/11272504796	1	000104	11272504796	http://farm4.staticflickr.com/3828/11272504796_4bc8b5fd38_m.jpg	240	135	http://farm4.staticflickr.com/3828/11272504796_4bc8b5fd38.jpg	500	281	http://farm4.staticflickr.com/3828/11272504796_4bc8b5fd38_b.jpg	1024	576	http://farm4.staticflickr.com/3828/11272504796_404c8f359d_o.jpg	1763	992
0		A Dreamer's sketch-book ... [In verse.] With illustrations	WALTERS, Sophia Lydia.		London, Edinburgh [printed]	003845078		1879	http://www.flickr.com/photos/britishlibrary/11272464485	1	000040	11272464485	http://farm4.staticflickr.com/3801/11272464485_3f82506ae6_m.jpg	237	240	http://farm4.staticflickr.com/3801/11272464485_3f82506ae6.jpg	494	500	http://farm4.staticflickr.com/3801/11272464485_3f82506ae6_b.jpg	1012	1024	http://farm4.staticflickr.com/3801/11272464485_bfee3bbb09_o.jpg	1311	1327
01		Old and New London, etc	Thornbury, Walter	lsidyv3c47ab1a	London	003628788	ark:/81055/vdc_000000059328	1879	http://www.flickr.com/photos/britishlibrary/11272503576	1	000296	11272503576	http://farm4.staticflickr.com/3739/11272503576_b520bbd854_m.jpg	240	171	http://farm4.staticflickr.com/3739/11272503576_b520bbd854.jpg	500	356	http://farm4.staticflickr.com/3739/11272503576_b520bbd854_b.jpg	1024	729	http://farm4.staticflickr.com/3739/11272503576_5b127f9722_o.jpg	1518	1080
01		The Australian abroad. Branches from the Main Routes round the World. [Reprinted from the Melbourne “Argus.” With illustrations.] 2 series	HINGSTON, James.	lsidyv3cbf9abe	London	001689101	ark:/81055/vdc_00000005DA7A	1879	http://www.flickr.com/photos/britishlibrary/11272463935	1	000405	11272463935	http://farm3.staticflickr.com/2872/11272463935_c10e725fa2_m.jpg	240	190	http://farm3.staticflickr.com/2872/11272463935_c10e725fa2.jpg	500	396	http://farm3.staticflickr.com/2872/11272463935_c10e725fa2_b.jpg	1024	812	http://farm3.staticflickr.com/2872/11272463935_8baa8f8653_o.jpg	1217	965
0	Everts & Abbott	History of Hillsdale County, Michigan, with illustrations and biographical sketches of some of its prominent men, etc	Johnson, Crisfield.		Philadelphia	001884500		1879	http://www.flickr.com/photos/britishlibrary/11272525504	1	000447	11272525504	http://farm6.staticflickr.com/5539/11272525504_ca5a5a1a26_m.jpg	240	184	http://farm6.staticflickr.com/5539/11272525504_ca5a5a1a26.jpg	500	384	http://farm6.staticflickr.com/5539/11272525504_ca5a5a1a26_b.jpg	1024	786	http://farm6.staticflickr.com/5539/11272525504_ea179db974_o.jpg	1192	915
0	Everts & Ensign	History of Toga, Chemung, Tompkins, and Schuyler Counties, New York. With illustrations and biographical sketches of some of its prominent men and pioneers	PEIRCE, Henry B. and HURD (Duane Hamilton)		Philadelphia	002810116		1879	http://www.flickr.com/photos/britishlibrary/11272502246	1	000423	11272502246	http://farm4.staticflickr.com/3832/11272502246_d1a8ccce9e_m.jpg	240	176	http://farm4.staticflickr.com/3832/11272502246_d1a8ccce9e.jpg	500	368	http://farm4.staticflickr.com/3832/11272502246_d1a8ccce9e_b.jpg	1024	753	http://farm4.staticflickr.com/3832/11272502246_f0ab985c2f_o.jpg	1450	1066
01	William Mackenzie	The National Burns. Edited by Rev. George Gilfillan, including the airs of all the songs, and an original life of Burns by the editor. [With plates, including portraits.]	Burns, Robert		Glasgow	000543200		1879	http://www.flickr.com/photos/britishlibrary/11272573613	1	000397	11272573613	http://farm4.staticflickr.com/3703/11272573613_473985a171_m.jpg	230	240	http://farm4.staticflickr.com/3703/11272573613_473985a171.jpg	479	500	http://farm4.staticflickr.com/3703/11272573613_473985a171_b.jpg	981	1024	http://farm4.staticflickr.com/3703/11272573613_e5ac1f7fea_o.jpg	1438	1501
0	Macmillan and Co.	The Arctic Voyages of A. E. Nordenskiöld. 1858-1879. With illustrations and maps	LESLIE, Alexander of Aberdeen		London	002142895		1879	http://www.flickr.com/photos/britishlibrary/11272461915	1	000085	11272461915	http://farm4.staticflickr.com/3711/11272461915_39e9bd0fc7_m.jpg	143	240	http://farm4.staticflickr.com/3711/11272461915_39e9bd0fc7.jpg	299	500	http://farm4.staticflickr.com/3711/11272461915_39e9bd0fc7_b.jpg	612	1024	http://farm4.staticflickr.com/3711/11272461915_af134bfe19_o.jpg	907	1517
0	Lewis, Peck & Co.	History of Steuben County, New York, with illustrations and biographical sketches of some of its prominent men and pioneers	CLAYTON, W. Woodford.		Philadelphia	000719876		1879	http://www.flickr.com/photos/britishlibrary/11272523394	1	000628	11272523394	http://farm8.staticflickr.com/7289/11272523394_8d2b937e22_m.jpg	240	194	http://farm8.staticflickr.com/7289/11272523394_8d2b937e22.jpg	500	403	http://farm8.staticflickr.com/7289/11272523394_8d2b937e22_b.jpg	1024	826	http://farm8.staticflickr.com/7289/11272523394_e27d1cb5cf_o.jpg	1441	1162
0	Religious Tract Society	English Pictures drawn with pen and pencil	MANNING, Samuel LL.D. and GREEN (Samuel Gosnell)	lsidyv3c492c1d	London	002369135	ark:/81055/vdc_000000059460	1879	http://www.flickr.com/photos/britishlibrary/11272461255	1	000029	11272461255	http://farm8.staticflickr.com/7325/11272461255_9a4de97498_m.jpg	183	240	http://farm8.staticflickr.com/7325/11272461255_9a4de97498.jpg	381	500	http://farm8.staticflickr.com/7325/11272461255_9a4de97498_b.jpg	780	1024	http://farm8.staticflickr.com/7325/11272461255_03b7d4a1aa_o.jpg	968	1271
0	W. H. Luke	Illustrated Handbook to Plymouth, Stonehouse & Devonport, with a new map ... New and enlarged edition	WRIGHT, William Henry Kearley.		Plymouth	003985100		1879	http://www.flickr.com/photos/britishlibrary/11272571623	1	000094	11272571623	http://farm4.staticflickr.com/3813/11272571623_c0893cec12_m.jpg	175	240	http://farm4.staticflickr.com/3813/11272571623_c0893cec12.jpg	364	500	http://farm4.staticflickr.com/3813/11272571623_c0893cec12_b.jpg	746	1024	http://farm4.staticflickr.com/3813/11272571623_7b823b7aac_o.jpg	865	1188
0	Cassell, Petter, Galpin & Co.	Morocco: its people and places ... Translated by C. Rollin-Tilton. With ... illustrations	AMICIS, Edmondo de.	lsidyv3c6b00d2	London	000070870	ark:/81055/vdc_00000005AC0C	1879	http://www.flickr.com/photos/britishlibrary/11272498166	1	000094	11272498166	http://farm8.staticflickr.com/7386/11272498166_ffa51e77a0_m.jpg	126	240	http://farm8.staticflickr.com/7386/11272498166_ffa51e77a0.jpg	263	500	http://farm8.staticflickr.com/7386/11272498166_ffa51e77a0_b.jpg	539	1024	http://farm8.staticflickr.com/7386/11272498166_e5b17ed9fa_o.jpg	1030	1957
0		A Yachtsman's Holidays; or, cruising in the West Highlands. By the “Governor.” [With illustrations.]			London	001477898		1879	http://www.flickr.com/photos/britishlibrary/11272570313	1	000030	11272570313	http://farm4.staticflickr.com/3812/11272570313_9b34d887fa_m.jpg	240	187	http://farm4.staticflickr.com/3812/11272570313_9b34d887fa.jpg	500	390	http://farm4.staticflickr.com/3812/11272570313_9b34d887fa_b.jpg	1024	798	http://farm4.staticflickr.com/3812/11272570313_bc0186c058_o.jpg	1328	1035
0		The Illustrated Guide to Sheffield and the surrounding district, etc	TAYLOR, John of Sheffield		Sheffield	003589731		1879	http://www.flickr.com/photos/britishlibrary/11272497196	1	000472	11272497196	http://farm8.staticflickr.com/7458/11272497196_8f2055b2f6_m.jpg	138	240	http://farm8.staticflickr.com/7458/11272497196_8f2055b2f6.jpg	287	500	http://farm8.staticflickr.com/7458/11272497196_8f2055b2f6_b.jpg	588	1024	http://farm8.staticflickr.com/7458/11272497196_33fb3a6980_o.jpg	813	1415
0	Thacker, Spink & Co.	[Lays of Ind ... Third edition.]	CHEEM, Aliph pseud. [i.e. Walter Yeldham.]		Calcutta; [London printed]	000675133		1879	http://www.flickr.com/photos/britishlibrary/11272496316	1	000140	11272496316	http://farm8.staticflickr.com/7448/11272496316_3fa5d25538_m.jpg	223	240	http://farm8.staticflickr.com/7448/11272496316_3fa5d25538.jpg	464	500	http://farm8.staticflickr.com/7448/11272496316_3fa5d25538_b.jpg	951	1024	http://farm8.staticflickr.com/7448/11272496316_93080dd08d_o.jpg	1190	1282
01	American News Company	Round the world with General Grant. A narrative of the visit of General U. S. Grant ... to various countries ... in 1877, 1878, 1879. To which are added certain conversations with General Grant on questions connected with American politics and history ... With ... illustrations	YOUNG, John Russell.		New York	004002305		1879	http://www.flickr.com/photos/britishlibrary/11272520564	1	000471	11272520564	http://farm4.staticflickr.com/3711/11272520564_7bde278dfc_m.jpg	174	240	http://farm4.staticflickr.com/3711/11272520564_7bde278dfc.jpg	362	500	http://farm4.staticflickr.com/3711/11272520564_7bde278dfc_b.jpg	741	1024	http://farm4.staticflickr.com/3711/11272520564_53f8784257_o.jpg	1247	1723
0		Viaje á la Patagonia austral emprendido bajo los auspicios del Gobierno Nacional 1876-1877. tom. 1	MORENO, Francisco Josué Pascasio.		Buenos Aires	002546654		1879	http://www.flickr.com/photos/britishlibrary/11272495936	1	000011	11272495936	http://farm8.staticflickr.com/7455/11272495936_32e0f4a6dc_m.jpg	146	240	http://farm8.staticflickr.com/7455/11272495936_32e0f4a6dc.jpg	304	500	http://farm8.staticflickr.com/7455/11272495936_32e0f4a6dc_b.jpg	622	1024	http://farm8.staticflickr.com/7455/11272495936_9d85b1558d_o.jpg	955	1572
0	J. Tweed	The Annals of Dumfermline and vicinity ... 1069-1878. Interspersed with ... notes, ... and ... engravings	HENDERSON, Ebenezer LL.D., F.R.A.S		Glasgow	001648659		1879	http://www.flickr.com/photos/britishlibrary/11272518604	1	000319	11272518604	http://farm3.staticflickr.com/2807/11272518604_6e1075cfcf_m.jpg	225	240	http://farm3.staticflickr.com/2807/11272518604_6e1075cfcf.jpg	469	500	http://farm3.staticflickr.com/2807/11272518604_6e1075cfcf_b.jpg	961	1024	http://farm3.staticflickr.com/2807/11272518604_16157fb3c1_o.jpg	1221	1301
01	L. H. Everts	History of the Connecticut Valley in Massachusetts (by N. B. Sylvester), with illustrations and biographical sketches of some of its prominent men and pioneers [by other authors]	SYLVESTER, Nathaniel Bartlett.		Philadelphia	003562080		1879	http://www.flickr.com/photos/britishlibrary/11272494726	1	000040	11272494726	http://farm4.staticflickr.com/3824/11272494726_7d9583e4d7_m.jpg	203	240	http://farm4.staticflickr.com/3824/11272494726_7d9583e4d7.jpg	422	500	http://farm4.staticflickr.com/3824/11272494726_7d9583e4d7_b.jpg	865	1024	http://farm4.staticflickr.com/3824/11272494726_5121a6ba7b_o.jpg	1015	1201
0		Die amerikanische Nordpol-Expedition ... Mit zahlreichen Illustrationen in Holzschnitt, etc	BESSELS, Emil.		Leipzig	000303634		1879	http://www.flickr.com/photos/britishlibrary/11272567083	1	000326	11272567083	http://farm3.staticflickr.com/2819/11272567083_369bc87d59_m.jpg	128	240	http://farm3.staticflickr.com/2819/11272567083_369bc87d59.jpg	267	500	http://farm3.staticflickr.com/2819/11272567083_369bc87d59_b.jpg	546	1024	http://farm3.staticflickr.com/2819/11272567083_a12e2c41d5_o.jpg	845	1584
0	Jarrold & Sons	John Snow's Wife; and other temperance stories. By the Rev. C. Courtenay ... and other writers	COURTENAY, Charles.		London	000801566		1879	http://www.flickr.com/photos/britishlibrary/11272454605	1	000138	11272454605	http://farm6.staticflickr.com/5519/11272454605_b87cba94da_m.jpg	240	165	http://farm6.staticflickr.com/5519/11272454605_b87cba94da.jpg	500	345	http://farm6.staticflickr.com/5519/11272454605_b87cba94da_b.jpg	1024	706	http://farm6.staticflickr.com/5519/11272454605_c61d391786_o.jpg	1743	1202
0	Everts & Abbott	History of Hillsdale County, Michigan, with illustrations and biographical sketches of some of its prominent men, etc	Johnson, Crisfield.		Philadelphia	001884500		1879	http://www.flickr.com/photos/britishlibrary/11272565213	2	000378	11272565213	http://farm8.staticflickr.com/7393/11272565213_9c7e96fba7_m.jpg	240	191	http://farm8.staticflickr.com/7393/11272565213_9c7e96fba7.jpg	500	398	http://farm8.staticflickr.com/7393/11272565213_9c7e96fba7_b.jpg	1024	815	http://farm8.staticflickr.com/7393/11272565213_66f2ffefe5_o.jpg	1253	997
0	Western Historical Company	The History of Des Moines County, Iowa, containing a history of the county ... a biographical directory of citizens ... portraits of early settlers and prominent men ... history of Iowa, map of Des Moines County ... Illustrated			Chicago	000916004		1879	http://www.flickr.com/photos/britishlibrary/11272565193	1	000079	11272565193	http://farm3.staticflickr.com/2875/11272565193_8ef2caa4a2_m.jpg	165	240	http://farm3.staticflickr.com/2875/11272565193_8ef2caa4a2.jpg	344	500	http://farm3.staticflickr.com/2875/11272565193_8ef2caa4a2_b.jpg	705	1024	http://farm3.staticflickr.com/2875/11272565193_464d7e9055_o.jpg	1131	1643
02	Tinsley Brothers	Berlin under the New Empire, its institutions, inhabitants, industry ... With ... engravings, etc	VIZETELLY, Henry.		London	003807524		1879	http://www.flickr.com/photos/britishlibrary/11272515544	1	000137	11272515544	http://farm8.staticflickr.com/7392/11272515544_0a6239fbe2_m.jpg	188	240	http://farm8.staticflickr.com/7392/11272515544_0a6239fbe2.jpg	391	500	http://farm8.staticflickr.com/7392/11272515544_0a6239fbe2_b.jpg	800	1024	http://farm8.staticflickr.com/7392/11272515544_ec0baf3c53_o.jpg	1135	1452
0	Religious Tract Society	The Lands of Scripture: comprising “Those Holy Fields”; “The Land of the Pharaohs” [both by S. M.]; “Pictures from Bible Lands” (edited by S. G. Green. The illustrations by E. Whymper, etc.)	MANNING, Samuel LL.D		London	002369128		1879	http://www.flickr.com/photos/britishlibrary/11272515474	1	000095	11272515474	http://farm8.staticflickr.com/7410/11272515474_3357b3736a_m.jpg	159	240	http://farm8.staticflickr.com/7410/11272515474_3357b3736a.jpg	332	500	http://farm8.staticflickr.com/7410/11272515474_3357b3736a_b.jpg	679	1024	http://farm8.staticflickr.com/7410/11272515474_77d1c0084c_o.jpg	1028	1550
02		Narrative of a journey through the province of Khorassan and on the N.W. frontier of Afghanistan in 1875 ... With illustrations	MacGregor, Charles Metcalfe Sir	lsidyv3c71d1bc	London	002315775	ark:/81055/vdc_00000005B032	1879	http://www.flickr.com/photos/britishlibrary/11272515504	1	000282	11272515504	http://farm4.staticflickr.com/3674/11272515504_13f97f3b57_m.jpg	240	67	http://farm4.staticflickr.com/3674/11272515504_13f97f3b57.jpg	500	139	http://farm4.staticflickr.com/3674/11272515504_13f97f3b57_b.jpg	1024	284	http://farm4.staticflickr.com/3674/11272515504_72da2d5b6a_o.jpg	2071	575
01		The Australian abroad. Branches from the Main Routes round the World. [Reprinted from the Melbourne “Argus.” With illustrations.] 2 series	HINGSTON, James.	lsidyv3cbf9abe	London	001689101	ark:/81055/vdc_00000005DA7A	1879	http://www.flickr.com/photos/britishlibrary/11272451265	1	000125	11272451265	http://farm8.staticflickr.com/7392/11272451265_3eb2e536c5_m.jpg	146	240	http://farm8.staticflickr.com/7392/11272451265_3eb2e536c5.jpg	304	500	http://farm8.staticflickr.com/7392/11272451265_3eb2e536c5_b.jpg	622	1024	http://farm8.staticflickr.com/7392/11272451265_6d7ba4287c_o.jpg	851	1400
0	N. D. Thompson & Co.	A Pictorial History of Texas, from the earliest visits of European adventurers to A.D. 1879 ... Third edition, ... revised	THRALL, Homer S.		St. Louis, Mo	003632148		1879	http://www.flickr.com/photos/britishlibrary/11272488766	1	000411	11272488766	http://farm3.staticflickr.com/2870/11272488766_49f1ec654c_m.jpg	240	240	http://farm3.staticflickr.com/2870/11272488766_49f1ec654c.jpg	500	500	http://farm3.staticflickr.com/2870/11272488766_49f1ec654c_b.jpg	1023	1024	http://farm3.staticflickr.com/2870/11272488766_cbc8d0f8d7_o.jpg	1396	1398
0	Netherton & Worth	[Peeps into the Haunts and Homes of the Rural Population of Cornwall. Being reminiscences of Cornish character and characteristics, etc.]	TREGELLAS, John Tabois.	lsidyv3c0f7179	Truro	003669474	ark:/81055/vdc_00000005644E	1879	http://www.flickr.com/photos/britishlibrary/11272513884	1	000079	11272513884	http://farm6.staticflickr.com/5520/11272513884_78c8101d2d_m.jpg	215	240	http://farm6.staticflickr.com/5520/11272513884_78c8101d2d.jpg	449	500	http://farm6.staticflickr.com/5520/11272513884_78c8101d2d_b.jpg	919	1024	http://farm6.staticflickr.com/5520/11272513884_e91e41f160_o.jpg	1090	1215
0	John Murray	[The Student's Manual of Modern Geography. Mathematical, physical, and descriptive.]	BEVAN, William Latham.	lsidyv3ca2f2a9	London	000307737	ark:/81055/vdc_00000005C7F6	1879	http://www.flickr.com/photos/britishlibrary/11272449495	1	000060	11272449495	http://farm8.staticflickr.com/7298/11272449495_f063de1b08_m.jpg	180	240	http://farm8.staticflickr.com/7298/11272449495_f063de1b08.jpg	375	500	http://farm8.staticflickr.com/7298/11272449495_f063de1b08_b.jpg	767	1024	http://farm8.staticflickr.com/7298/11272449495_076f74a792_o.jpg	918	1225
0	Lewis, Peck & Co.	History of Steuben County, New York, with illustrations and biographical sketches of some of its prominent men and pioneers	CLAYTON, W. Woodford.		Philadelphia	000719876		1879	http://www.flickr.com/photos/britishlibrary/11272559813	1	000799	11272559813	http://farm4.staticflickr.com/3739/11272559813_38dbd0332c_m.jpg	240	178	http://farm4.staticflickr.com/3739/11272559813_38dbd0332c.jpg	500	372	http://farm4.staticflickr.com/3739/11272559813_38dbd0332c_b.jpg	1024	761	http://farm4.staticflickr.com/3739/11272559813_ff7f93b564_o.jpg	1400	1040
0	Western Historical Company	The History of Jones County, Iowa ... illustrated			Chicago	001892342		1879	http://www.flickr.com/photos/britishlibrary/11272487456	1	000054	11272487456	http://farm4.staticflickr.com/3822/11272487456_5475b99e65_m.jpg	166	240	http://farm4.staticflickr.com/3822/11272487456_5475b99e65.jpg	347	500	http://farm4.staticflickr.com/3822/11272487456_5475b99e65_b.jpg	710	1024	http://farm4.staticflickr.com/3822/11272487456_cba12a0912_o.jpg	1105	1593
02		Danmarks og Norges Historie i Slutningen af det 16de Aarhundrede	TROELS-LUND, Troels Frederik.		Kjøbenhavn	003677661		1879	http://www.flickr.com/photos/britishlibrary/11272511184	1	000446	11272511184	http://farm3.staticflickr.com/2892/11272511184_5e3b7a81e9_m.jpg	240	197	http://farm3.staticflickr.com/2892/11272511184_5e3b7a81e9.jpg	500	411	http://farm3.staticflickr.com/2892/11272511184_5e3b7a81e9_b.jpg	1024	841	http://farm3.staticflickr.com/2892/11272511184_0e9e0b64c1_o.jpg	1136	933
01	Tinsley Brothers	Berlin under the New Empire, its institutions, inhabitants, industry ... With ... engravings, etc	VIZETELLY, Henry.		London	003807524		1879	http://www.flickr.com/photos/britishlibrary/11272510614	1	000162	11272510614	http://farm6.staticflickr.com/5510/11272510614_6485f6dbf5_m.jpg	240	219	http://farm6.staticflickr.com/5510/11272510614_6485f6dbf5.jpg	500	456	http://farm6.staticflickr.com/5510/11272510614_6485f6dbf5_b.jpg	1024	933	http://farm6.staticflickr.com/5510/11272510614_ebc7a9cee9_o.jpg	1142	1041
0	Thacker, Spink & Co.	[Lays of Ind ... Third edition.]	CHEEM, Aliph pseud. [i.e. Walter Yeldham.]		Calcutta; [London printed]	000675133		1879	http://www.flickr.com/photos/britishlibrary/11272558203	1	000031	11272558203	http://farm4.staticflickr.com/3670/11272558203_4c7ce5c0e9_m.jpg	240	219	http://farm4.staticflickr.com/3670/11272558203_4c7ce5c0e9.jpg	500	457	http://farm4.staticflickr.com/3670/11272558203_4c7ce5c0e9_b.jpg	1024	936	http://farm4.staticflickr.com/3670/11272558203_72f01e8737_o.jpg	1138	1040
0	Murray Williamson & Phelps	The History of Adams County, Illinois ... Illustrated			Chicago	000014468		1879	http://www.flickr.com/photos/britishlibrary/11272508884	1	000439	11272508884	http://farm3.staticflickr.com/2870/11272508884_9ba3434a26_m.jpg	240	154	http://farm3.staticflickr.com/2870/11272508884_9ba3434a26.jpg	500	321	http://farm3.staticflickr.com/2870/11272508884_9ba3434a26_b.jpg	1024	658	http://farm3.staticflickr.com/2870/11272508884_db4b385ae0_o.jpg	1737	1117
0		[Brazil and the Brazilians ... in historical and descriptive sketches ... Engravings.]	KIDDER, Daniel Parish and FLETCHER (James C.)		London	001961854		1879	http://www.flickr.com/photos/britishlibrary/11272484486	1	000155	11272484486	http://farm4.staticflickr.com/3692/11272484486_a15496a97e_m.jpg	142	240	http://farm4.staticflickr.com/3692/11272484486_a15496a97e.jpg	296	500	http://farm4.staticflickr.com/3692/11272484486_a15496a97e_b.jpg	607	1024	http://farm4.staticflickr.com/3692/11272484486_19244408fa_o.jpg	796	1343
0	Harper & Bros.	What Mr. Darwin saw in his Voyage round The World in the Ship “Beagle.” [Compiled and adapted from “Journal of Researches into the Geology and Natural History of the Various Countries visited by H.M.S. Beagle, etc.”]	Darwin, Charles	lsidyv3c8ea4b0	New York	000868098	ark:/81055/vdc_00000005BB84	1879	http://www.flickr.com/photos/britishlibrary/11272509244	1	000175	11272509244	http://farm6.staticflickr.com/5518/11272509244_4cac5a87df_m.jpg	204	240	http://farm6.staticflickr.com/5518/11272509244_4cac5a87df.jpg	425	500	http://farm6.staticflickr.com/5518/11272509244_4cac5a87df_b.jpg	870	1024	http://farm6.staticflickr.com/5518/11272509244_0bd4df1d48_o.jpg	1240	1460
0	Mark and Bailey	Northampton past and present, a Handy Guide Book to the town and neighbourhood			Northampton	002673317		1879	http://www.flickr.com/photos/britishlibrary/11272444805	1	000010	11272444805	http://farm6.staticflickr.com/5505/11272444805_2d2ce87e8f_m.jpg	240	138	http://farm6.staticflickr.com/5505/11272444805_2d2ce87e8f.jpg	500	288	http://farm6.staticflickr.com/5505/11272444805_2d2ce87e8f_b.jpg	1024	590	http://farm6.staticflickr.com/5505/11272444805_e53322ab64_o.jpg	1843	1062
0	[Ward, Lock & Co.	[Charles O'Malley, the Irish Dragoon. Edited by Harry Lorrequer. [By C. J. L.]]	LEVER, Charles James.		London,] Perth [printed	002150760		1879	http://www.flickr.com/photos/britishlibrary/11272554393	1	000039	11272554393	http://farm3.staticflickr.com/2823/11272554393_9d500a3ae0_m.jpg	240	181	http://farm3.staticflickr.com/2823/11272554393_9d500a3ae0.jpg	500	377	http://farm3.staticflickr.com/2823/11272554393_9d500a3ae0_b.jpg	1024	772	http://farm3.staticflickr.com/2823/11272554393_918ff12568_o.jpg	1218	918
01	John Murray	Bedouin Tribes of the Euphrates ... Edited, with a preface and some account of the Arabs and their horses, by W. S. B. [i.e. W. S. Blunt] ... With map and sketches by the author	BLUNT, Anne Isabella Noel Baroness Wentworth	lsidyv3c8f4fb9	London	000382895	ark:/81055/vdc_00000005BBF6	1879	http://www.flickr.com/photos/britishlibrary/11272482286	1	000120	11272482286	http://farm8.staticflickr.com/7443/11272482286_1e02dff0b5_m.jpg	240	141	http://farm8.staticflickr.com/7443/11272482286_1e02dff0b5.jpg	500	293	http://farm8.staticflickr.com/7443/11272482286_1e02dff0b5_b.jpg	1024	600	http://farm8.staticflickr.com/7443/11272482286_fd7fe3b5cf_o.jpg	1743	1021
0	Cassell, Petter, Galpin & Co.	Morocco: its people and places ... Translated by C. Rollin-Tilton. With ... illustrations	AMICIS, Edmondo de.	lsidyv3c6b00d2	London	000070870	ark:/81055/vdc_00000005AC0C	1879	http://www.flickr.com/photos/britishlibrary/11272480876	1	000054	11272480876	http://farm4.staticflickr.com/3755/11272480876_bd44760746_m.jpg	170	240	http://farm4.staticflickr.com/3755/11272480876_bd44760746.jpg	355	500	http://farm4.staticflickr.com/3755/11272480876_bd44760746_b.jpg	727	1024	http://farm4.staticflickr.com/3755/11272480876_ecf4e09acb_o.jpg	882	1243
0	Harper & Bros.	From Egypt to Palestine through Sinai, the Wilderness and the South Country. Observations of a journey made with special reference to the history of the Israelites ... With maps and illustrations	BARTLETT, Samuel Colcord.	lsidyv3c53baba	New York	000216339	ark:/81055/vdc_000000059CA0	1879	http://www.flickr.com/photos/britishlibrary/11272479606	1	000060	11272479606	http://farm4.staticflickr.com/3721/11272479606_4c24c496e6_m.jpg	163	240	http://farm4.staticflickr.com/3721/11272479606_4c24c496e6.jpg	339	500	http://farm4.staticflickr.com/3721/11272479606_4c24c496e6_b.jpg	695	1024	http://farm4.staticflickr.com/3721/11272479606_99d19f918a_o.jpg	962	1417
02		The Borders of the Tamar and the Tavy; their natural history, etc. A new edition	STOTHARD, afterwards BRAY, Anna Eliza.	lsidyv3c4640f3	London	003517963	ark:/81055/vdc_0000000591E4	1879	http://www.flickr.com/photos/britishlibrary/11272480136	1	000039	11272480136	http://farm4.staticflickr.com/3685/11272480136_060c80c585_m.jpg	165	240	http://farm4.staticflickr.com/3685/11272480136_060c80c585.jpg	345	500	http://farm4.staticflickr.com/3685/11272480136_060c80c585_b.jpg	706	1024	http://farm4.staticflickr.com/3685/11272480136_95d373d793_o.jpg	850	1232
01	Tinsley Brothers	Berlin under the New Empire, its institutions, inhabitants, industry ... With ... engravings, etc	VIZETELLY, Henry.		London	003807524		1879	http://www.flickr.com/photos/britishlibrary/11272504354	1	000022	11272504354	http://farm4.staticflickr.com/3745/11272504354_b3fef5ba4d_m.jpg	154	240	http://farm4.staticflickr.com/3745/11272504354_b3fef5ba4d.jpg	320	500	http://farm4.staticflickr.com/3745/11272504354_b3fef5ba4d_b.jpg	656	1024	http://farm4.staticflickr.com/3745/11272504354_7406ce5958_o.jpg	911	1421
0	Murray Williamson & Phelps	The History of Adams County, Illinois ... Illustrated			Chicago	000014468		1879	http://www.flickr.com/photos/britishlibrary/11272478686	1	000076	11272478686	http://farm8.staticflickr.com/7311/11272478686_4470c80122_m.jpg	149	240	http://farm8.staticflickr.com/7311/11272478686_4470c80122.jpg	311	500	http://farm8.staticflickr.com/7311/11272478686_4470c80122_b.jpg	637	1024	http://farm8.staticflickr.com/7311/11272478686_ddc7d9e63a_o.jpg	972	1563
0	Harper & Bros.	What Mr. Darwin saw in his Voyage round The World in the Ship “Beagle.” [Compiled and adapted from “Journal of Researches into the Geology and Natural History of the Various Countries visited by H.M.S. Beagle, etc.”]	Darwin, Charles	lsidyv3c8ea4b0	New York	000868098	ark:/81055/vdc_00000005BB84	1879	http://www.flickr.com/photos/britishlibrary/11272550823	1	000192	11272550823	http://farm8.staticflickr.com/7325/11272550823_5c6232eeaf_m.jpg	179	240	http://farm8.staticflickr.com/7325/11272550823_5c6232eeaf.jpg	373	500	http://farm8.staticflickr.com/7325/11272550823_5c6232eeaf_b.jpg	763	1024	http://farm8.staticflickr.com/7325/11272550823_701710c3c3_o.jpg	1090	1462
0	Religious Tract Society	English Pictures drawn with pen and pencil	MANNING, Samuel LL.D. and GREEN (Samuel Gosnell)	lsidyv3c492c1d	London	002369135	ark:/81055/vdc_000000059460	1879	http://www.flickr.com/photos/britishlibrary/11272503114	1	000015	11272503114	http://farm4.staticflickr.com/3801/11272503114_3d377c3c67_m.jpg	133	240	http://farm4.staticflickr.com/3801/11272503114_3d377c3c67.jpg	278	500	http://farm4.staticflickr.com/3801/11272503114_3d377c3c67_b.jpg	569	1024	http://farm4.staticflickr.com/3801/11272503114_32052a75b0_o.jpg	883	1590
01	American News Company	Round the world with General Grant. A narrative of the visit of General U. S. Grant ... to various countries ... in 1877, 1878, 1879. To which are added certain conversations with General Grant on questions connected with American politics and history ... With ... illustrations	YOUNG, John Russell.		New York	004002305		1879	http://www.flickr.com/photos/britishlibrary/11272476316	1	000645	11272476316	http://farm4.staticflickr.com/3683/11272476316_af8da2bd5c_m.jpg	164	240	http://farm4.staticflickr.com/3683/11272476316_af8da2bd5c.jpg	341	500	http://farm4.staticflickr.com/3683/11272476316_af8da2bd5c_b.jpg	699	1024	http://farm4.staticflickr.com/3683/11272476316_71e1eec76a_o.jpg	1160	1700
0		The Children's fairy geography, or a merry trip round Europe	WINSLOW, Forbes Edward.	lsidyv3c92d153	London	003952456	ark:/81055/vdc_00000005BE18	1879	http://www.flickr.com/photos/britishlibrary/11272501954	1	000045	11272501954	http://farm4.staticflickr.com/3700/11272501954_abc5b66412_m.jpg	143	240	http://farm4.staticflickr.com/3700/11272501954_abc5b66412.jpg	297	500	http://farm4.staticflickr.com/3700/11272501954_abc5b66412_b.jpg	609	1024	http://farm4.staticflickr.com/3700/11272501954_bdd3aa496e_o.jpg	835	1405
02	John Wiley & Sons	The Middle Kingdom; a survey of the geography, government, education, social life, arts, religion, &c. of the Chinese Empire and its inhabitants. With a new map of the Empire	WILLIAMS, Samuel Wells.		New York	003936389		1879	http://www.flickr.com/photos/britishlibrary/11272548623	1	000199	11272548623	http://farm8.staticflickr.com/7323/11272548623_264e48e8e5_m.jpg	240	110	http://farm8.staticflickr.com/7323/11272548623_264e48e8e5.jpg	500	230	http://farm8.staticflickr.com/7323/11272548623_264e48e8e5_b.jpg	1024	471	http://farm8.staticflickr.com/7323/11272548623_e1d3c86349_o.jpg	1796	826
0	Mark and Bailey	Northampton past and present, a Handy Guide Book to the town and neighbourhood			Northampton	002673317		1879	http://www.flickr.com/photos/britishlibrary/11272475346	1	000047	11272475346	http://farm8.staticflickr.com/7342/11272475346_03127f64f3_m.jpg	240	193	http://farm8.staticflickr.com/7342/11272475346_03127f64f3.jpg	500	401	http://farm8.staticflickr.com/7342/11272475346_03127f64f3_b.jpg	1024	822	http://farm8.staticflickr.com/7342/11272475346_6a61227df3_o.jpg	1505	1208
02	American News Company	Round the world with General Grant. A narrative of the visit of General U. S. Grant ... to various countries ... in 1877, 1878, 1879. To which are added certain conversations with General Grant on questions connected with American politics and history ... With ... illustrations	YOUNG, John Russell.		New York	004002305		1879	http://www.flickr.com/photos/britishlibrary/11272546963	1	000542	11272546963	http://farm4.staticflickr.com/3764/11272546963_77eb15ef75_m.jpg	158	240	http://farm4.staticflickr.com/3764/11272546963_77eb15ef75.jpg	329	500	http://farm4.staticflickr.com/3764/11272546963_77eb15ef75_b.jpg	674	1024	http://farm4.staticflickr.com/3764/11272546963_9cdeb1ff9c_o.jpg	1077	1636
0		Viaje á la Patagonia austral emprendido bajo los auspicios del Gobierno Nacional 1876-1877. tom. 1	MORENO, Francisco Josué Pascasio.		Buenos Aires	002546654		1879	http://www.flickr.com/photos/britishlibrary/11272474876	1	000337	11272474876	http://farm4.staticflickr.com/3761/11272474876_988d05a95b_m.jpg	157	240	http://farm4.staticflickr.com/3761/11272474876_988d05a95b.jpg	327	500	http://farm4.staticflickr.com/3761/11272474876_988d05a95b_b.jpg	669	1024	http://farm4.staticflickr.com/3761/11272474876_b1581cd1c8_o.jpg	1020	1561
0		The Illustrated Guide to Sheffield and the surrounding district, etc	TAYLOR, John of Sheffield		Sheffield	003589731		1879	http://www.flickr.com/photos/britishlibrary/11272499454	1	000576	11272499454	http://farm4.staticflickr.com/3742/11272499454_0acbdabcbe_m.jpg	162	240	http://farm4.staticflickr.com/3742/11272499454_0acbdabcbe.jpg	338	500	http://farm4.staticflickr.com/3742/11272499454_0acbdabcbe_b.jpg	693	1024	http://farm4.staticflickr.com/3742/11272499454_1c8dccdc4d_o.jpg	957	1415
02		Old and New London, etc	Thornbury, Walter	lsidyv3c47ab1a	London	003628788	ark:/81055/vdc_000000059328	1879	http://www.flickr.com/photos/britishlibrary/11272499144	1	000122	11272499144	http://farm6.staticflickr.com/5475/11272499144_fb0b5bb4d1_m.jpg	240	149	http://farm6.staticflickr.com/5475/11272499144_fb0b5bb4d1.jpg	500	310	http://farm6.staticflickr.com/5475/11272499144_fb0b5bb4d1_b.jpg	1024	635	http://farm6.staticflickr.com/5475/11272499144_86b58959f7_o.jpg	1682	1043
0	Religious Tract Society	The Lands of Scripture: comprising “Those Holy Fields”; “The Land of the Pharaohs” [both by S. M.]; “Pictures from Bible Lands” (edited by S. G. Green. The illustrations by E. Whymper, etc.)	MANNING, Samuel LL.D		London	002369128		1879	http://www.flickr.com/photos/britishlibrary/11272472206	1	000369	11272472206	http://farm6.staticflickr.com/5539/11272472206_96a299aa86_m.jpg	85	240	http://farm6.staticflickr.com/5539/11272472206_96a299aa86.jpg	176	500	http://farm6.staticflickr.com/5539/11272472206_96a299aa86_b.jpg	361	1024	http://farm6.staticflickr.com/5539/11272472206_7b22bbef12_o.jpg	700	1988
02		Paris à travers les siècles. Histoire nationale de Paris et des Parisiens depuis la fondation de Lutèce jusqu'à nos jours, etc	GOURDON DE GENOUILLAC, Nicolas Jules Henri.		Paris	001476975		1879	http://www.flickr.com/photos/britishlibrary/11272435495	1	000050	11272435495	http://farm4.staticflickr.com/3707/11272435495_17c57942bb_m.jpg	159	240	http://farm4.staticflickr.com/3707/11272435495_17c57942bb.jpg	332	500	http://farm4.staticflickr.com/3707/11272435495_17c57942bb_b.jpg	679	1024	http://farm4.staticflickr.com/3707/11272435495_c7720e1c55_o.jpg	1086	1638
0	Everts & Ensign	History of Toga, Chemung, Tompkins, and Schuyler Counties, New York. With illustrations and biographical sketches of some of its prominent men and pioneers	PEIRCE, Henry B. and HURD (Duane Hamilton)		Philadelphia	002810116		1879	http://www.flickr.com/photos/britishlibrary/11272470946	1	000326	11272470946	http://farm3.staticflickr.com/2806/11272470946_a669bf72c5_m.jpg	240	215	http://farm3.staticflickr.com/2806/11272470946_a669bf72c5.jpg	500	448	http://farm3.staticflickr.com/2806/11272470946_a669bf72c5_b.jpg	1024	917	http://farm3.staticflickr.com/2806/11272470946_5dcaaa71b5_o.jpg	1470	1317
02	John Wiley & Sons	The Middle Kingdom; a survey of the geography, government, education, social life, arts, religion, &c. of the Chinese Empire and its inhabitants. With a new map of the Empire	WILLIAMS, Samuel Wells.		New York	003936389		1879	http://www.flickr.com/photos/britishlibrary/11272496454	1	000049	11272496454	http://farm8.staticflickr.com/7367/11272496454_b98e571201_m.jpg	240	231	http://farm8.staticflickr.com/7367/11272496454_b98e571201.jpg	500	481	http://farm8.staticflickr.com/7367/11272496454_b98e571201_b.jpg	1024	985	http://farm8.staticflickr.com/7367/11272496454_3dd61d77e2_o.jpg	1356	1304
02		Xenophon's Anabasis of Cyrus. ... With ... notes ... by R. W. Taylor. Gr	Xenophon.		London	003992074		1879	http://www.flickr.com/photos/britishlibrary/11272470966	1	000065	11272470966	http://farm4.staticflickr.com/3672/11272470966_23dc19a95c_m.jpg	170	240	http://farm4.staticflickr.com/3672/11272470966_23dc19a95c.jpg	355	500	http://farm4.staticflickr.com/3672/11272470966_23dc19a95c_b.jpg	727	1024	http://farm4.staticflickr.com/3672/11272470966_d3da77fee2_o.jpg	865	1218
02	John Murray	Bedouin Tribes of the Euphrates ... Edited, with a preface and some account of the Arabs and their horses, by W. S. B. [i.e. W. S. Blunt] ... With map and sketches by the author	BLUNT, Anne Isabella Noel Baroness Wentworth	lsidyv3c8f4fb9	London	000382895	ark:/81055/vdc_00000005BBF6	1879	http://www.flickr.com/photos/britishlibrary/11272495444	1	000059	11272495444	http://farm6.staticflickr.com/5546/11272495444_5e3b81cdac_m.jpg	240	139	http://farm6.staticflickr.com/5546/11272495444_5e3b81cdac.jpg	500	289	http://farm6.staticflickr.com/5546/11272495444_5e3b81cdac_b.jpg	1024	591	http://farm6.staticflickr.com/5546/11272495444_c5f9b9398a_o.jpg	1727	997
0	[Ward, Lock & Co.	[Charles O'Malley, the Irish Dragoon. Edited by Harry Lorrequer. [By C. J. L.]]	LEVER, Charles James.		London,] Perth [printed	002150760		1879	http://www.flickr.com/photos/britishlibrary/11272495334	1	000326	11272495334	http://farm8.staticflickr.com/7446/11272495334_d5a115dd99_m.jpg	191	240	http://farm8.staticflickr.com/7446/11272495334_d5a115dd99.jpg	397	500	http://farm8.staticflickr.com/7446/11272495334_d5a115dd99_b.jpg	814	1024	http://farm8.staticflickr.com/7446/11272495334_dc26bb0378_o.jpg	1070	1346
03		Paris à travers les siècles. Histoire nationale de Paris et des Parisiens depuis la fondation de Lutèce jusqu'à nos jours, etc	GOURDON DE GENOUILLAC, Nicolas Jules Henri.		Paris	001476975		1879	http://www.flickr.com/photos/britishlibrary/11272432255	1	000375	11272432255	http://farm8.staticflickr.com/7450/11272432255_e5e1c17576_m.jpg	240	111	http://farm8.staticflickr.com/7450/11272432255_e5e1c17576.jpg	500	232	http://farm8.staticflickr.com/7450/11272432255_e5e1c17576_b.jpg	1024	475	http://farm8.staticflickr.com/7450/11272432255_b6a480de1f_o.jpg	2028	941
0	N. D. Thompson & Co.	A Pictorial History of Texas, from the earliest visits of European adventurers to A.D. 1879 ... Third edition, ... revised	THRALL, Homer S.		St. Louis, Mo	003632148		1879	http://www.flickr.com/photos/britishlibrary/11272468306	1	000793	11272468306	http://farm6.staticflickr.com/5519/11272468306_3f0d575690_m.jpg	134	240	http://farm6.staticflickr.com/5519/11272468306_3f0d575690.jpg	279	500	http://farm6.staticflickr.com/5519/11272468306_3f0d575690_b.jpg	571	1024	http://farm6.staticflickr.com/5519/11272468306_6c032af60c_o.jpg	821	1473
0	[Ward, Lock & Co.	[Charles O'Malley, the Irish Dragoon. Edited by Harry Lorrequer. [By C. J. L.]]	LEVER, Charles James.		London,] Perth [printed	002150760		1879	http://www.flickr.com/photos/britishlibrary/11272431175	1	000389	11272431175	http://farm4.staticflickr.com/3720/11272431175_594df0981c_m.jpg	240	189	http://farm4.staticflickr.com/3720/11272431175_594df0981c.jpg	500	395	http://farm4.staticflickr.com/3720/11272431175_594df0981c_b.jpg	1024	808	http://farm4.staticflickr.com/3720/11272431175_1c0fe94069_o.jpg	1261	995
01	Tinsley Brothers	Berlin under the New Empire, its institutions, inhabitants, industry ... With ... engravings, etc	VIZETELLY, Henry.		London	003807524		1879	http://www.flickr.com/photos/britishlibrary/11272493294	1	000213	11272493294	http://farm6.staticflickr.com/5531/11272493294_10e54d63d6_m.jpg	132	240	http://farm6.staticflickr.com/5531/11272493294_10e54d63d6.jpg	275	500	http://farm6.staticflickr.com/5531/11272493294_10e54d63d6_b.jpg	563	1024	http://farm6.staticflickr.com/5531/11272493294_7577e2bffb_o.jpg	781	1421
01		A magyar nemzet története. I. kötet írta Bodon J. és Dr. Szalay J. (II.-IV.) kötet, írta Dr. Szalay J.) [With portraits.]	BODON, József and SZALAY (József)		Budapest	000389221		1879	http://www.flickr.com/photos/britishlibrary/11272429925	1	000067	11272429925	http://farm8.staticflickr.com/7374/11272429925_03467687ed_m.jpg	240	199	http://farm8.staticflickr.com/7374/11272429925_03467687ed.jpg	500	416	http://farm8.staticflickr.com/7374/11272429925_03467687ed_b.jpg	1024	851	http://farm8.staticflickr.com/7374/11272429925_70d0b05997_o.jpg	1357	1128
0		Worsborough; its historical associations and rural attractions	WILKINSON, Joseph of Barnsley		London, Barnsley [printed	003927300		1879	http://www.flickr.com/photos/britishlibrary/11272538933	1	000142	11272538933	http://farm4.staticflickr.com/3732/11272538933_e3db0e09ae_m.jpg	240	162	http://farm4.staticflickr.com/3732/11272538933_e3db0e09ae.jpg	500	338	http://farm4.staticflickr.com/3732/11272538933_e3db0e09ae_b.jpg	1024	692	http://farm4.staticflickr.com/3732/11272538933_a9392ba31b_o.jpg	1472	995
02		Paris à travers les siècles. Histoire nationale de Paris et des Parisiens depuis la fondation de Lutèce jusqu'à nos jours, etc	GOURDON DE GENOUILLAC, Nicolas Jules Henri.		Paris	001476975		1879	http://www.flickr.com/photos/britishlibrary/11272428975	1	000985	11272428975	http://farm8.staticflickr.com/7330/11272428975_a4bd705fc9_m.jpg	157	240	http://farm8.staticflickr.com/7330/11272428975_a4bd705fc9.jpg	327	500	http://farm8.staticflickr.com/7330/11272428975_a4bd705fc9_b.jpg	669	1024	http://farm8.staticflickr.com/7330/11272428975_035116faab_o.jpg	1036	1586
01	American News Company	Round the world with General Grant. A narrative of the visit of General U. S. Grant ... to various countries ... in 1877, 1878, 1879. To which are added certain conversations with General Grant on questions connected with American politics and history ... With ... illustrations	YOUNG, John Russell.		New York	004002305		1879	http://www.flickr.com/photos/britishlibrary/11272490704	1	000076	11272490704	http://farm8.staticflickr.com/7318/11272490704_4a2babd0bd_m.jpg	240	170	http://farm8.staticflickr.com/7318/11272490704_4a2babd0bd.jpg	500	355	http://farm8.staticflickr.com/7318/11272490704_4a2babd0bd_b.jpg	1024	727	http://farm8.staticflickr.com/7318/11272490704_4afd0708db_o.jpg	1331	945
01	L. H. Everts	History of the Connecticut Valley in Massachusetts (by N. B. Sylvester), with illustrations and biographical sketches of some of its prominent men and pioneers [by other authors]	SYLVESTER, Nathaniel Bartlett.		Philadelphia	003562080		1879	http://www.flickr.com/photos/britishlibrary/11272490974	1	000518	11272490974	http://farm3.staticflickr.com/2886/11272490974_e2a28661c0_m.jpg	240	208	http://farm3.staticflickr.com/2886/11272490974_e2a28661c0.jpg	500	433	http://farm3.staticflickr.com/2886/11272490974_e2a28661c0_b.jpg	1024	886	http://farm3.staticflickr.com/2886/11272490974_6aab4bb53d_o.jpg	1406	1216
0	[Ward, Lock & Co.	[Charles O'Malley, the Irish Dragoon. Edited by Harry Lorrequer. [By C. J. L.]]	LEVER, Charles James.		London,] Perth [printed	002150760		1879	http://www.flickr.com/photos/britishlibrary/11272463846	1	000216	11272463846	http://farm6.staticflickr.com/5488/11272463846_faf0c04404_m.jpg	174	240	http://farm6.staticflickr.com/5488/11272463846_faf0c04404.jpg	362	500	http://farm6.staticflickr.com/5488/11272463846_faf0c04404_b.jpg	742	1024	http://farm6.staticflickr.com/5488/11272463846_b9d85fb2d7_o.jpg	1191	1643
0		The Wild Man at Home: or, pictures of life in savage lands ... With woodcuts ... and coloured illustrations	GREENWOOD, James Novelist	lsidyv2af6fa2f	London, Edinburgh	001503444	ark:/81055/vdc_0000000519A2	1879	http://www.flickr.com/photos/britishlibrary/11272535763	1	000323	11272535763	http://farm8.staticflickr.com/7385/11272535763_3fe8c457d1_m.jpg	202	240	http://farm8.staticflickr.com/7385/11272535763_3fe8c457d1.jpg	420	500	http://farm8.staticflickr.com/7385/11272535763_3fe8c457d1_b.jpg	860	1024	http://farm8.staticflickr.com/7385/11272535763_4a7b0cac96_o.jpg	1093	1301
0	Waterlow & Sons	Up the River from Westminster to Windsor and Oxford; a descriptive panorama of Thames Scenery			London	003606029		1879	http://www.flickr.com/photos/britishlibrary/11272426555	2	000010	11272426555	http://farm6.staticflickr.com/5482/11272426555_aeb7280698_m.jpg	177	240	http://farm6.staticflickr.com/5482/11272426555_aeb7280698.jpg	369	500	http://farm6.staticflickr.com/5482/11272426555_aeb7280698_b.jpg	756	1024	http://farm6.staticflickr.com/5482/11272426555_9f0f52033b_o.jpg	1143	1548
03		A magyar nemzet története. I. kötet írta Bodon J. és Dr. Szalay J. (II.-IV.) kötet, írta Dr. Szalay J.) [With portraits.]	BODON, József and SZALAY (József)		Budapest	000389221		1879	http://www.flickr.com/photos/britishlibrary/11272534633	1	000171	11272534633	http://farm3.staticflickr.com/2827/11272534633_bc71b3dd44_m.jpg	240	226	http://farm3.staticflickr.com/2827/11272534633_bc71b3dd44.jpg	500	471	http://farm3.staticflickr.com/2827/11272534633_bc71b3dd44_b.jpg	1024	964	http://farm3.staticflickr.com/2827/11272534633_f782569b2f_o.jpg	1512	1423
02	D. Appleton & Co.	[Appleton's European Guide Book illustrated. Including England, Scotland, and Ireland, France, Belgium, Holland, Northern and Southern Germany, Switzerland, Italy, Spain and Portugal, Russia, Denmark, Norway, and Sweden. Containing ... maps, etc.]	APPLETON, Daniel AND CO	lsidyv3cbe7355	New York; Longmans & Co	000100280	ark:/81055/vdc_00000005D9DE	1879	http://www.flickr.com/photos/britishlibrary/11272461216	1	000427	11272461216	http://farm8.staticflickr.com/7350/11272461216_18beeca4b6_m.jpg	240	194	http://farm8.staticflickr.com/7350/11272461216_18beeca4b6.jpg	500	404	http://farm8.staticflickr.com/7350/11272461216_18beeca4b6_b.jpg	1024	828	http://farm8.staticflickr.com/7350/11272461216_98bc23f867_o.jpg	1256	1016
01	American News Company	Round the world with General Grant. A narrative of the visit of General U. S. Grant ... to various countries ... in 1877, 1878, 1879. To which are added certain conversations with General Grant on questions connected with American politics and history ... With ... illustrations	YOUNG, John Russell.		New York	004002305		1879	http://www.flickr.com/photos/britishlibrary/11272534023	1	000619	11272534023	http://farm8.staticflickr.com/7304/11272534023_876db72019_m.jpg	240	206	http://farm8.staticflickr.com/7304/11272534023_876db72019.jpg	500	428	http://farm8.staticflickr.com/7304/11272534023_876db72019_b.jpg	1024	877	http://farm8.staticflickr.com/7304/11272534023_f87eb48e9e_o.jpg	1486	1273
0	The Mission Press	The manners and customs of the Chinese of the Straits Settlements	VAUGHAN, Jonas Daniel.	lsidyv3c6920e3	Singapore	003763775	ark:/81055/vdc_00000005AABC	1879	http://www.flickr.com/photos/britishlibrary/11272486344	2	000098	11272486344	http://farm3.staticflickr.com/2815/11272486344_538834391f_m.jpg	187	240	http://farm3.staticflickr.com/2815/11272486344_538834391f.jpg	389	500	http://farm3.staticflickr.com/2815/11272486344_538834391f_b.jpg	796	1024	http://farm3.staticflickr.com/2815/11272486344_7f8c6a095e_o.jpg	1105	1422
0		[Viaje á la Patagonia austral emprendido bajo los auspicios del Gobierno Nacional 1876-1877. tom. 1.]	MORENO, Francisco Josué Pascasio.		Buenos Aires	002546655		1879	http://www.flickr.com/photos/britishlibrary/11272423065	1	000334	11272423065	http://farm6.staticflickr.com/5533/11272423065_3d0ef62dd1_m.jpg	161	240	http://farm6.staticflickr.com/5533/11272423065_3d0ef62dd1.jpg	336	500	http://farm6.staticflickr.com/5533/11272423065_3d0ef62dd1_b.jpg	688	1024	http://farm6.staticflickr.com/5533/11272423065_16c1123e19_o.jpg	1045	1555
01	L. H. Everts	History of the Connecticut Valley in Massachusetts (by N. B. Sylvester), with illustrations and biographical sketches of some of its prominent men and pioneers [by other authors]	SYLVESTER, Nathaniel Bartlett.		Philadelphia	003562080		1879	http://www.flickr.com/photos/britishlibrary/11272423315	1	000521	11272423315	http://farm3.staticflickr.com/2871/11272423315_f99bd022fe_m.jpg	240	197	http://farm3.staticflickr.com/2871/11272423315_f99bd022fe.jpg	500	411	http://farm3.staticflickr.com/2871/11272423315_f99bd022fe_b.jpg	1024	842	http://farm3.staticflickr.com/2871/11272423315_fded7bba96_o.jpg	1475	1213
0		The Great Eastern Railway Company's Tourist-Guide to the Continent. ... With illustrations ... and a map	LINDLEY, Percy.	lsidyv3cad916f	London	002174468	ark:/81055/vdc_00000005CE44	1879	http://www.flickr.com/photos/britishlibrary/11272458866	1	000027	11272458866	http://farm6.staticflickr.com/5533/11272458866_a2ce3f8678_m.jpg	196	240	http://farm6.staticflickr.com/5533/11272458866_a2ce3f8678.jpg	408	500	http://farm6.staticflickr.com/5533/11272458866_a2ce3f8678_b.jpg	835	1024	http://farm6.staticflickr.com/5533/11272458866_2bbdf7a4b7_o.jpg	923	1132
0	Western Historical Company	The History of Des Moines County, Iowa, containing a history of the county ... a biographical directory of citizens ... portraits of early settlers and prominent men ... history of Iowa, map of Des Moines County ... Illustrated			Chicago	000916004		1879	http://www.flickr.com/photos/britishlibrary/11272530313	1	000377	11272530313	http://farm8.staticflickr.com/7302/11272530313_1b0f8dd71c_m.jpg	240	197	http://farm8.staticflickr.com/7302/11272530313_1b0f8dd71c.jpg	500	411	http://farm8.staticflickr.com/7302/11272530313_1b0f8dd71c_b.jpg	1024	841	http://farm8.staticflickr.com/7302/11272530313_dc87a4e698_o.jpg	1558	1280
0	Lewis, Peck & Co.	History of Steuben County, New York, with illustrations and biographical sketches of some of its prominent men and pioneers	CLAYTON, W. Woodford.		Philadelphia	000719876		1879	http://www.flickr.com/photos/britishlibrary/11272457436	1	000577	11272457436	http://farm4.staticflickr.com/3794/11272457436_1a84bebce5_m.jpg	240	175	http://farm4.staticflickr.com/3794/11272457436_1a84bebce5.jpg	500	364	http://farm4.staticflickr.com/3794/11272457436_1a84bebce5_b.jpg	1024	746	http://farm4.staticflickr.com/3794/11272457436_86a0d4e2e1_o.jpg	1716	1250
0	Religious Tract Society	The Lands of Scripture: comprising “Those Holy Fields”; “The Land of the Pharaohs” [both by S. M.]; “Pictures from Bible Lands” (edited by S. G. Green. The illustrations by E. Whymper, etc.)	MANNING, Samuel LL.D		London	002369128		1879	http://www.flickr.com/photos/britishlibrary/11272457346	2	000023	11272457346	http://farm6.staticflickr.com/5547/11272457346_58f3e6969b_m.jpg	240	155	http://farm6.staticflickr.com/5547/11272457346_58f3e6969b.jpg	500	324	http://farm6.staticflickr.com/5547/11272457346_58f3e6969b_b.jpg	1024	663	http://farm6.staticflickr.com/5547/11272457346_d16d88f6e7_o.jpg	1602	1038
0		The Illustrated Guide to Sheffield and the surrounding district, etc	TAYLOR, John of Sheffield		Sheffield	003589731		1879	http://www.flickr.com/photos/britishlibrary/11272481974	1	000277	11272481974	http://farm3.staticflickr.com/2872/11272481974_27918d157c_m.jpg	226	240	http://farm3.staticflickr.com/2872/11272481974_27918d157c.jpg	471	500	http://farm3.staticflickr.com/2872/11272481974_27918d157c_b.jpg	964	1024	http://farm3.staticflickr.com/2872/11272481974_05c2768cbc_o.jpg	1332	1415
01		The Australian abroad. Branches from the Main Routes round the World. [Reprinted from the Melbourne “Argus.” With illustrations.] 2 series	HINGSTON, James.	lsidyv3cbf9abe	London	001689101	ark:/81055/vdc_00000005DA7A	1879	http://www.flickr.com/photos/britishlibrary/11272419725	1	000025	11272419725	http://farm8.staticflickr.com/7432/11272419725_af2f4f3515_m.jpg	159	240	http://farm8.staticflickr.com/7432/11272419725_af2f4f3515.jpg	331	500	http://farm8.staticflickr.com/7432/11272419725_af2f4f3515_b.jpg	678	1024	http://farm8.staticflickr.com/7432/11272419725_17aefbe111_o.jpg	927	1400
0	Pickering & Co.	The History of the County of Monaghan	SHIRLEY, Evelyn Philip.		London	003370961		1879	http://www.flickr.com/photos/britishlibrary/11272482054	1	000041	11272482054	http://farm4.staticflickr.com/3823/11272482054_0f1a06d3a0_m.jpg	165	240	http://farm4.staticflickr.com/3823/11272482054_0f1a06d3a0.jpg	343	500	http://farm4.staticflickr.com/3823/11272482054_0f1a06d3a0_b.jpg	703	1024	http://farm4.staticflickr.com/3823/11272482054_5d3e5791fe_o.jpg	990	1443
0	Moses King	King's Handbook of Boston. Profusely illustrated. [With a map.]	KING, Moses.		Cambridge, Mass	001968594		1879	http://www.flickr.com/photos/britishlibrary/11272418925	1	000316	11272418925	http://farm6.staticflickr.com/5498/11272418925_37645a7b78_m.jpg	240	163	http://farm6.staticflickr.com/5498/11272418925_37645a7b78.jpg	500	339	http://farm6.staticflickr.com/5498/11272418925_37645a7b78_b.jpg	1024	695	http://farm6.staticflickr.com/5498/11272418925_abfc298d05_o.jpg	1308	888
0		Materialien für den Unterricht in der Geographie nach der constructiven Methode	WENZ, Gustav Geographer		München	003889554		1879	http://www.flickr.com/photos/britishlibrary/11272526283	1	000113	11272526283	http://farm4.staticflickr.com/3794/11272526283_9c152ab658_m.jpg	240	223	http://farm4.staticflickr.com/3794/11272526283_9c152ab658.jpg	500	464	http://farm4.staticflickr.com/3794/11272526283_9c152ab658_b.jpg	1024	950	http://farm4.staticflickr.com/3794/11272526283_acb0a429f0_o.jpg	1416	1313
01		Knaresborough Castle Yard. (The Microcosm: and, Malcolm, a holiday-walk. A few occasional pieces.) [In verse.]			London, Bristol [printed]	001987484		1879	http://www.flickr.com/photos/britishlibrary/11272527143	1	000073	11272527143	http://farm8.staticflickr.com/7303/11272527143_f7b879effd_m.jpg	240	202	http://farm8.staticflickr.com/7303/11272527143_f7b879effd.jpg	500	421	http://farm8.staticflickr.com/7303/11272527143_f7b879effd_b.jpg	1024	863	http://farm8.staticflickr.com/7303/11272527143_5ba18e2a91_o.jpg	1315	1108
01		Paris à travers les siècles. Histoire nationale de Paris et des Parisiens depuis la fondation de Lutèce jusqu'à nos jours, etc	GOURDON DE GENOUILLAC, Nicolas Jules Henri.		Paris	001476975		1879	http://www.flickr.com/photos/britishlibrary/11272479354	1	000023	11272479354	http://farm8.staticflickr.com/7293/11272479354_cf6920772a_m.jpg	240	172	http://farm8.staticflickr.com/7293/11272479354_cf6920772a.jpg	500	358	http://farm8.staticflickr.com/7293/11272479354_cf6920772a_b.jpg	1024	733	http://farm8.staticflickr.com/7293/11272479354_ceba564f18_o.jpg	1428	1022
0	Everts & Ensign	History of Toga, Chemung, Tompkins, and Schuyler Counties, New York. With illustrations and biographical sketches of some of its prominent men and pioneers	PEIRCE, Henry B. and HURD (Duane Hamilton)		Philadelphia	002810116		1879	http://www.flickr.com/photos/britishlibrary/11272525393	1	000341	11272525393	http://farm6.staticflickr.com/5527/11272525393_c44621691f_m.jpg	240	153	http://farm6.staticflickr.com/5527/11272525393_c44621691f.jpg	500	319	http://farm6.staticflickr.com/5527/11272525393_c44621691f_b.jpg	1024	653	http://farm6.staticflickr.com/5527/11272525393_d6589b2e2e_o.jpg	1702	1086
0		The History of Russia from the earliest times to 1877 ... Translated by L. B. Lang [with additions and emendations by the author]. ... With illustrations	RAMBAUD, Alfred Nicolas.		London	003034307		1879	http://www.flickr.com/photos/britishlibrary/11272477914	1	000293	11272477914	http://farm3.staticflickr.com/2858/11272477914_6c496600dc_m.jpg	240	188	http://farm3.staticflickr.com/2858/11272477914_6c496600dc.jpg	500	393	http://farm3.staticflickr.com/2858/11272477914_6c496600dc_b.jpg	1024	804	http://farm3.staticflickr.com/2858/11272477914_98c11905c0_o.jpg	1637	1285
02		A magyar nemzet története. I. kötet írta Bodon J. és Dr. Szalay J. (II.-IV.) kötet, írta Dr. Szalay J.) [With portraits.]	BODON, József and SZALAY (József)		Budapest	000389221		1879	http://www.flickr.com/photos/britishlibrary/11272477924	1	000123	11272477924	http://farm8.staticflickr.com/7359/11272477924_be00ea2952_m.jpg	240	217	http://farm8.staticflickr.com/7359/11272477924_be00ea2952.jpg	500	452	http://farm8.staticflickr.com/7359/11272477924_be00ea2952_b.jpg	1024	926	http://farm8.staticflickr.com/7359/11272477924_ba29a2e30e_o.jpg	1447	1308
0	Macmillan and Co.	A Ride in Egypt from Sioot to Luxor, in 1879, with notes on the present state and ancient history of the Nile Valley, etc	LOFTIE, William John.	lsidyv3c7695a9	London	002212574	ark:/81055/vdc_00000005B32C	1879	http://www.flickr.com/photos/britishlibrary/11272524103	1	000334	11272524103	http://farm8.staticflickr.com/7348/11272524103_7f4655ea63_m.jpg	240	176	http://farm8.staticflickr.com/7348/11272524103_7f4655ea63.jpg	500	368	http://farm8.staticflickr.com/7348/11272524103_7f4655ea63_b.jpg	1024	753	http://farm8.staticflickr.com/7348/11272524103_f57510ae9e_o.jpg	1473	1083
0	Everts & Ensign	History of Toga, Chemung, Tompkins, and Schuyler Counties, New York. With illustrations and biographical sketches of some of its prominent men and pioneers	PEIRCE, Henry B. and HURD (Duane Hamilton)		Philadelphia	002810116		1879	http://www.flickr.com/photos/britishlibrary/11272451376	1	000631	11272451376	http://farm4.staticflickr.com/3819/11272451376_2276d9bcdc_m.jpg	240	231	http://farm4.staticflickr.com/3819/11272451376_2276d9bcdc.jpg	500	482	http://farm4.staticflickr.com/3819/11272451376_2276d9bcdc_b.jpg	1024	987	http://farm4.staticflickr.com/3819/11272451376_9583da65e3_o.jpg	1288	1241
01	American News Company	Round the world with General Grant. A narrative of the visit of General U. S. Grant ... to various countries ... in 1877, 1878, 1879. To which are added certain conversations with General Grant on questions connected with American politics and history ... With ... illustrations	YOUNG, John Russell.		New York	004002305		1879	http://www.flickr.com/photos/britishlibrary/11272522773	1	000455	11272522773	http://farm8.staticflickr.com/7304/11272522773_de5f12008e_m.jpg	173	240	http://farm8.staticflickr.com/7304/11272522773_de5f12008e.jpg	361	500	http://farm8.staticflickr.com/7304/11272522773_de5f12008e_b.jpg	740	1024	http://farm8.staticflickr.com/7304/11272522773_fd978cc740_o.jpg	1235	1710
0	Lewis, Peck & Co.	History of Steuben County, New York, with illustrations and biographical sketches of some of its prominent men and pioneers	CLAYTON, W. Woodford.		Philadelphia	000719876		1879	http://www.flickr.com/photos/britishlibrary/11272522463	1	000174	11272522463	http://farm8.staticflickr.com/7406/11272522463_a2b1635f6e_m.jpg	232	240	http://farm8.staticflickr.com/7406/11272522463_a2b1635f6e.jpg	483	500	http://farm8.staticflickr.com/7406/11272522463_a2b1635f6e_b.jpg	990	1024	http://farm8.staticflickr.com/7406/11272522463_929e5f9e8c_o.jpg	1151	1190
0	Thacker, Spink & Co.	[Lays of Ind ... Third edition.]	CHEEM, Aliph pseud. [i.e. Walter Yeldham.]		Calcutta; [London printed]	000675133		1879	http://www.flickr.com/photos/britishlibrary/11272475144	1	000078	11272475144	http://farm8.staticflickr.com/7360/11272475144_f0fb2dc1d8_m.jpg	162	240	http://farm8.staticflickr.com/7360/11272475144_f0fb2dc1d8.jpg	338	500	http://farm8.staticflickr.com/7360/11272475144_f0fb2dc1d8_b.jpg	693	1024	http://farm8.staticflickr.com/7360/11272475144_fdf533edfc_o.jpg	961	1419
0	Published by the Author	History of Grafton, Worcester County, Massachusetts ... Including the genealogies of seventy-nine of the older families	PEIRCE, Frederick Clifton.		Worcester [Mass.]	002810106		1879	http://www.flickr.com/photos/britishlibrary/11272412855	1	000378	11272412855	http://farm6.staticflickr.com/5536/11272412855_583fb78e36_m.jpg	179	240	http://farm6.staticflickr.com/5536/11272412855_583fb78e36.jpg	373	500	http://farm6.staticflickr.com/5536/11272412855_583fb78e36_b.jpg	764	1024	http://farm6.staticflickr.com/5536/11272412855_58802c91bc_o.jpg	1107	1483
0		Les Vieilles Villes de Suisse. Notes et souvenirs. Ouvrage illustré de 105 dessins à la plume par A. Robida reproduits en fac-simile	ROBIDA, Albert.		Paris	003121715		1879	http://www.flickr.com/photos/britishlibrary/11272448896	1	000167	11272448896	http://farm8.staticflickr.com/7402/11272448896_5b0b7500af_m.jpg	104	240	http://farm8.staticflickr.com/7402/11272448896_5b0b7500af.jpg	216	500	http://farm8.staticflickr.com/7402/11272448896_5b0b7500af_b.jpg	442	1024	http://farm8.staticflickr.com/7402/11272448896_730a737313_o.jpg	681	1578
02	American News Company	Round the world with General Grant. A narrative of the visit of General U. S. Grant ... to various countries ... in 1877, 1878, 1879. To which are added certain conversations with General Grant on questions connected with American politics and history ... With ... illustrations	YOUNG, John Russell.		New York	004002305		1879	http://www.flickr.com/photos/britishlibrary/11272411225	1	000321	11272411225	http://farm6.staticflickr.com/5543/11272411225_1f8af85d4b_m.jpg	240	179	http://farm6.staticflickr.com/5543/11272411225_1f8af85d4b.jpg	500	373	http://farm6.staticflickr.com/5543/11272411225_1f8af85d4b_b.jpg	1024	764	http://farm6.staticflickr.com/5543/11272411225_38cae9babc_o.jpg	1661	1240
03	London Printing & Publishing Co.	[History of the Russian Empire from its foundation by Ruric the Pirate to the accession of the Emperor Alexander II ... With ... engravings.]	TYRRELL, Henry Teacher of Elocution		London	003699637		1879	http://www.flickr.com/photos/britishlibrary/11272519703	1	000293	11272519703	http://farm4.staticflickr.com/3801/11272519703_40a6ce260c_m.jpg	240	113	http://farm4.staticflickr.com/3801/11272519703_40a6ce260c.jpg	500	234	http://farm4.staticflickr.com/3801/11272519703_40a6ce260c_b.jpg	1024	480	http://farm4.staticflickr.com/3801/11272519703_8b0b5e953f_o.jpg	2094	982
0		Les Rues du vieux Paris. Galerie populaire et pittoresque ... Ouvrage illustré de 165 gravures sur bois	FOURNEL, Victor.		Paris	001279089		1879	http://www.flickr.com/photos/britishlibrary/11272519333	1	000425	11272519333	http://farm4.staticflickr.com/3828/11272519333_e48dfeeff5_m.jpg	240	169	http://farm4.staticflickr.com/3828/11272519333_e48dfeeff5.jpg	500	352	http://farm4.staticflickr.com/3828/11272519333_e48dfeeff5_b.jpg	1024	721	http://farm4.staticflickr.com/3828/11272519333_ea315a5140_o.jpg	1722	1212
0	Mark and Bailey	Northampton past and present, a Handy Guide Book to the town and neighbourhood			Northampton	002673317		1879	http://www.flickr.com/photos/britishlibrary/11272470474	1	000040	11272470474	http://farm6.staticflickr.com/5483/11272470474_3e84772b10_m.jpg	240	198	http://farm6.staticflickr.com/5483/11272470474_3e84772b10.jpg	500	413	http://farm6.staticflickr.com/5483/11272470474_3e84772b10_b.jpg	1024	846	http://farm6.staticflickr.com/5483/11272470474_15469cfe18_o.jpg	1462	1208
02	John Wiley & Sons	The Middle Kingdom; a survey of the geography, government, education, social life, arts, religion, &c. of the Chinese Empire and its inhabitants. With a new map of the Empire	WILLIAMS, Samuel Wells.		New York	003936389		1879	http://www.flickr.com/photos/britishlibrary/11272471604	1	000128	11272471604	http://farm6.staticflickr.com/5533/11272471604_268a93a786_m.jpg	236	240	http://farm6.staticflickr.com/5533/11272471604_268a93a786.jpg	492	500	http://farm6.staticflickr.com/5533/11272471604_268a93a786_b.jpg	1007	1024	http://farm6.staticflickr.com/5533/11272471604_860499cce9_o.jpg	1282	1304
0		Saint-Pierre de Rome. Ouvrage illustré, etc	LORBAC, Charles de.		Rome	002259706		1879	http://www.flickr.com/photos/britishlibrary/11272469084	1	000201	11272469084	http://farm4.staticflickr.com/3695/11272469084_c87576c586_m.jpg	240	159	http://farm4.staticflickr.com/3695/11272469084_c87576c586.jpg	500	332	http://farm4.staticflickr.com/3695/11272469084_c87576c586_b.jpg	1024	680	http://farm4.staticflickr.com/3695/11272469084_5c83857be4_o.jpg	1755	1166
0	Moses King	King's Handbook of Boston. Profusely illustrated. [With a map.]	KING, Moses.		Cambridge, Mass	001968594		1879	http://www.flickr.com/photos/britishlibrary/11272407585	1	000245	11272407585	http://farm4.staticflickr.com/3685/11272407585_29e77a2ee5_m.jpg	163	240	http://farm4.staticflickr.com/3685/11272407585_29e77a2ee5.jpg	340	500	http://farm4.staticflickr.com/3685/11272407585_29e77a2ee5_b.jpg	697	1024	http://farm4.staticflickr.com/3685/11272407585_cf73a29ccb_o.jpg	856	1258
0		The History of France, from the earliest times to the outbreak of the Revolution. Abridged from ... R. Black's translation of ... Guizot's larger history. With chronological index, ... tables, portraits ... By G. Masson, etc	GUIZOT, François Pierre Guillaume.		London	001541681		1879	http://www.flickr.com/photos/britishlibrary/11272515693	1	000393	11272515693	http://farm4.staticflickr.com/3669/11272515693_3278fe2b9d_m.jpg	160	240	http://farm4.staticflickr.com/3669/11272515693_3278fe2b9d.jpg	334	500	http://farm4.staticflickr.com/3669/11272515693_3278fe2b9d_b.jpg	684	1024	http://farm4.staticflickr.com/3669/11272515693_7e57fe9c06_o.jpg	932	1396
01	William Mackenzie	The National Burns. Edited by Rev. George Gilfillan, including the airs of all the songs, and an original life of Burns by the editor. [With plates, including portraits.]	Burns, Robert		Glasgow	000543200		1879	http://www.flickr.com/photos/britishlibrary/11272406365	1	000223	11272406365	http://farm6.staticflickr.com/5528/11272406365_766a1c8662_m.jpg	240	211	http://farm6.staticflickr.com/5528/11272406365_766a1c8662.jpg	500	440	http://farm6.staticflickr.com/5528/11272406365_766a1c8662_b.jpg	1024	902	http://farm6.staticflickr.com/5528/11272406365_77f9535fb2_o.jpg	1445	1273
02		Sahărâ und Sûdân. Ergebnisse sechsjähriger Reisen in Afrika. (Thl. 3 herausgegeben von E. Groddeck.)	NACHTIGAL, Gustav.		Berlin	002599811		1879	http://www.flickr.com/photos/britishlibrary/11272405865	1	000809	11272405865	http://farm4.staticflickr.com/3705/11272405865_e770649917_m.jpg	157	240	http://farm4.staticflickr.com/3705/11272405865_e770649917.jpg	327	500	http://farm4.staticflickr.com/3705/11272405865_e770649917_b.jpg	669	1024	http://farm4.staticflickr.com/3705/11272405865_4ee226ff98_o.jpg	951	1455
0	Religious Tract Society	English Pictures drawn with pen and pencil	MANNING, Samuel LL.D. and GREEN (Samuel Gosnell)	lsidyv3c492c1d	London	002369135	ark:/81055/vdc_000000059460	1879	http://www.flickr.com/photos/britishlibrary/11272405345	2	000144	11272405345	http://farm8.staticflickr.com/7341/11272405345_b74016d9c1_m.jpg	240	240	http://farm8.staticflickr.com/7341/11272405345_b74016d9c1.jpg	500	500	http://farm8.staticflickr.com/7341/11272405345_b74016d9c1_b.jpg	1024	1024	http://farm8.staticflickr.com/7341/11272405345_e6384e5858_o.jpg	1083	1083
0	Waterlow & Sons	Up the River from Westminster to Windsor and Oxford; a descriptive panorama of Thames Scenery			London	003606029		1879	http://www.flickr.com/photos/britishlibrary/11272513213	1	000099	11272513213	http://farm3.staticflickr.com/2875/11272513213_1baa8b85c4_m.jpg	193	240	http://farm3.staticflickr.com/2875/11272513213_1baa8b85c4.jpg	402	500	http://farm3.staticflickr.com/2875/11272513213_1baa8b85c4_b.jpg	824	1024	http://farm3.staticflickr.com/2875/11272513213_09788c03aa_o.jpg	967	1202
02	American News Company	Round the world with General Grant. A narrative of the visit of General U. S. Grant ... to various countries ... in 1877, 1878, 1879. To which are added certain conversations with General Grant on questions connected with American politics and history ... With ... illustrations	YOUNG, John Russell.		New York	004002305		1879	http://www.flickr.com/photos/britishlibrary/11272512903	1	000621	11272512903	http://farm8.staticflickr.com/7324/11272512903_33a35bc508_m.jpg	240	144	http://farm8.staticflickr.com/7324/11272512903_33a35bc508.jpg	500	300	http://farm8.staticflickr.com/7324/11272512903_33a35bc508_b.jpg	1024	615	http://farm8.staticflickr.com/7324/11272512903_63fd5821bf_o.jpg	1856	1115
02	American News Company	Round the world with General Grant. A narrative of the visit of General U. S. Grant ... to various countries ... in 1877, 1878, 1879. To which are added certain conversations with General Grant on questions connected with American politics and history ... With ... illustrations	YOUNG, John Russell.		New York	004002305		1879	http://www.flickr.com/photos/britishlibrary/11272403035	1	000400	11272403035	http://farm3.staticflickr.com/2828/11272403035_6de142202f_m.jpg	170	240	http://farm3.staticflickr.com/2828/11272403035_6de142202f.jpg	354	500	http://farm3.staticflickr.com/2828/11272403035_6de142202f_b.jpg	724	1024	http://farm3.staticflickr.com/2828/11272403035_7ea0a61f29_o.jpg	1170	1655
01		A magyar nemzet története. I. kötet írta Bodon J. és Dr. Szalay J. (II.-IV.) kötet, írta Dr. Szalay J.) [With portraits.]	BODON, József and SZALAY (József)		Budapest	000389221		1879	http://www.flickr.com/photos/britishlibrary/11272403095	1	000136	11272403095	http://farm6.staticflickr.com/5550/11272403095_f09685fb5a_m.jpg	240	201	http://farm6.staticflickr.com/5550/11272403095_f09685fb5a.jpg	500	419	http://farm6.staticflickr.com/5550/11272403095_f09685fb5a_b.jpg	1024	859	http://farm6.staticflickr.com/5550/11272403095_e0eabe8b99_o.jpg	1475	1237
0		Die amerikanische Nordpol-Expedition ... Mit zahlreichen Illustrationen in Holzschnitt, etc	BESSELS, Emil.		Leipzig	000303634		1879	http://www.flickr.com/photos/britishlibrary/11272464004	1	000352	11272464004	http://farm4.staticflickr.com/3697/11272464004_27d9e73443_m.jpg	126	240	http://farm4.staticflickr.com/3697/11272464004_27d9e73443.jpg	262	500	http://farm4.staticflickr.com/3697/11272464004_27d9e73443_b.jpg	536	1024	http://farm4.staticflickr.com/3697/11272464004_cde91a9569_o.jpg	828	1581
0	John Murray	[The Student's Manual of Modern Geography. Mathematical, physical, and descriptive.]	BEVAN, William Latham.	lsidyv3ca2f2a9	London	000307737	ark:/81055/vdc_00000005C7F6	1879	http://www.flickr.com/photos/britishlibrary/11272510473	1	000153	11272510473	http://farm3.staticflickr.com/2868/11272510473_e113f9ab4f_m.jpg	162	240	http://farm3.staticflickr.com/2868/11272510473_e113f9ab4f.jpg	337	500	http://farm3.staticflickr.com/2868/11272510473_e113f9ab4f_b.jpg	691	1024	http://farm3.staticflickr.com/2868/11272510473_e102f23607_o.jpg	827	1225
0	Religious Tract Society	The Lands of Scripture: comprising “Those Holy Fields”; “The Land of the Pharaohs” [both by S. M.]; “Pictures from Bible Lands” (edited by S. G. Green. The illustrations by E. Whymper, etc.)	MANNING, Samuel LL.D		London	002369128		1879	http://www.flickr.com/photos/britishlibrary/11272436676	1	000403	11272436676	http://farm3.staticflickr.com/2861/11272436676_1b34925c42_m.jpg	235	240	http://farm3.staticflickr.com/2861/11272436676_1b34925c42.jpg	490	500	http://farm3.staticflickr.com/2861/11272436676_1b34925c42_b.jpg	1004	1024	http://farm3.staticflickr.com/2861/11272436676_f24f1302dc_o.jpg	1326	1353
0	James Miller	Campaigns of the War of 1812-15, against Great Britain, sketched and criticised; with brief biographies of the American engineers	CULLUM, George Washington.		New York	000834094		1879	http://www.flickr.com/photos/britishlibrary/11272509553	1	000127	11272509553	http://farm6.staticflickr.com/5513/11272509553_0bbb44504f_m.jpg	174	240	http://farm6.staticflickr.com/5513/11272509553_0bbb44504f.jpg	362	500	http://farm6.staticflickr.com/5513/11272509553_0bbb44504f_b.jpg	742	1024	http://farm6.staticflickr.com/5513/11272509553_3d5db077e7_o.jpg	1031	1423
01	D. Appleton & Co.	[Appleton's European Guide Book illustrated. Including England, Scotland, and Ireland, France, Belgium, Holland, Northern and Southern Germany, Switzerland, Italy, Spain and Portugal, Russia, Denmark, Norway, and Sweden. Containing ... maps, etc.]	APPLETON, Daniel AND CO	lsidyv3cbe7355	New York; Longmans & Co	000100280	ark:/81055/vdc_00000005D9DE	1879	http://www.flickr.com/photos/britishlibrary/11272400045	1	000261	11272400045	http://farm6.staticflickr.com/5482/11272400045_21cefe4ddb_m.jpg	240	235	http://farm6.staticflickr.com/5482/11272400045_21cefe4ddb.jpg	500	489	http://farm6.staticflickr.com/5482/11272400045_21cefe4ddb_b.jpg	1024	1001	http://farm6.staticflickr.com/5482/11272400045_90a02afede_o.jpg	1261	1233
0	Thacker, Spink & Co.	[Lays of Ind ... Third edition.]	CHEEM, Aliph pseud. [i.e. Walter Yeldham.]		Calcutta; [London printed]	000675133		1879	http://www.flickr.com/photos/britishlibrary/11272399395	1	000052	11272399395	http://farm3.staticflickr.com/2874/11272399395_77129f1a28_m.jpg	240	226	http://farm3.staticflickr.com/2874/11272399395_77129f1a28.jpg	500	470	http://farm3.staticflickr.com/2874/11272399395_77129f1a28_b.jpg	1024	963	http://farm3.staticflickr.com/2874/11272399395_5afa2bef27_o.jpg	1070	1006
0	W. Mullan & Son	Winifred Martin. A story of English family life ... With illustrations, etc	BROOK, afterwards ROSS, Ellen.		London & Belfast	000486054		1879	http://www.flickr.com/photos/britishlibrary/11272507363	1	000508	11272507363	http://farm3.staticflickr.com/2887/11272507363_abd05f4028_m.jpg	240	205	http://farm3.staticflickr.com/2887/11272507363_abd05f4028.jpg	500	427	http://farm3.staticflickr.com/2887/11272507363_abd05f4028_b.jpg	1024	874	http://farm3.staticflickr.com/2887/11272507363_b3faecdeac_o.jpg	1347	1150
0	W. & R. Chambers	Story of St. Giles' Cathedral Church, Edinburgh. [With a plan.]	Chambers, William		Edinburgh	000655296		1879	http://www.flickr.com/photos/britishlibrary/11272434536	1	000039	11272434536	http://farm3.staticflickr.com/2824/11272434536_c7260747e4_m.jpg	189	240	http://farm3.staticflickr.com/2824/11272434536_c7260747e4.jpg	394	500	http://farm3.staticflickr.com/2824/11272434536_c7260747e4_b.jpg	807	1024	http://farm3.staticflickr.com/2824/11272434536_929ffb305f_o.jpg	1048	1330
03		A magyar nemzet története. I. kötet írta Bodon J. és Dr. Szalay J. (II.-IV.) kötet, írta Dr. Szalay J.) [With portraits.]	BODON, József and SZALAY (József)		Budapest	000389221		1879	http://www.flickr.com/photos/britishlibrary/11272506093	1	000363	11272506093	http://farm3.staticflickr.com/2819/11272506093_790758e218_m.jpg	240	198	http://farm3.staticflickr.com/2819/11272506093_790758e218.jpg	500	413	http://farm3.staticflickr.com/2819/11272506093_790758e218_b.jpg	1024	845	http://farm3.staticflickr.com/2819/11272506093_b53668a66e_o.jpg	1467	1211
0		Reise nach West-Sibirien im Jahre 1876. Auf Veranstaltung des Vereins für die Deutsche Nordpolarfahrt in Bremen unternommen mit Dr. A. E. Brehm und Karl Graf v. Waldburg-Zeil-Trauchburg, von Dr. O. F., etc	Finsch, O. (Otto)		Berlin	001238638		1879	http://www.flickr.com/photos/britishlibrary/11272459054	1	000679	11272459054	http://farm4.staticflickr.com/3809/11272459054_baf5f2c024_m.jpg	163	240	http://farm4.staticflickr.com/3809/11272459054_baf5f2c024.jpg	340	500	http://farm4.staticflickr.com/3809/11272459054_baf5f2c024_b.jpg	697	1024	http://farm4.staticflickr.com/3809/11272459054_6c70562b0a_o.jpg	1043	1532
0		Viaje al pais de los Tehuelches, pt. I. Exploraciones en la Patagonia austral. [With map.]	LISTA, Ramon.		Buenos Aires	002182842		1879	http://www.flickr.com/photos/britishlibrary/11272458154	1	000081	11272458154	http://farm8.staticflickr.com/7312/11272458154_7bf79b11a0_m.jpg	240	144	http://farm8.staticflickr.com/7312/11272458154_7bf79b11a0.jpg	500	300	http://farm8.staticflickr.com/7312/11272458154_7bf79b11a0_b.jpg	1024	615	http://farm8.staticflickr.com/7312/11272458154_9957957698_o.jpg	1510	907
01		Knaresborough Castle Yard. (The Microcosm: and, Malcolm, a holiday-walk. A few occasional pieces.) [In verse.]			London, Bristol [printed]	001987484		1879	http://www.flickr.com/photos/britishlibrary/11272395455	1	000065	11272395455	http://farm4.staticflickr.com/3679/11272395455_759a586bed_m.jpg	240	208	http://farm4.staticflickr.com/3679/11272395455_759a586bed.jpg	500	434	http://farm4.staticflickr.com/3679/11272395455_759a586bed_b.jpg	1024	889	http://farm4.staticflickr.com/3679/11272395455_8fb7b76811_o.jpg	1333	1157
0	[Ward, Lock & Co.	[Charles O'Malley, the Irish Dragoon. Edited by Harry Lorrequer. [By C. J. L.]]	LEVER, Charles James.		London,] Perth [printed	002150760		1879	http://www.flickr.com/photos/britishlibrary/11272431126	1	000179	11272431126	http://farm4.staticflickr.com/3791/11272431126_778b7f2e6e_m.jpg	138	240	http://farm4.staticflickr.com/3791/11272431126_778b7f2e6e.jpg	287	500	http://farm4.staticflickr.com/3791/11272431126_778b7f2e6e_b.jpg	588	1024	http://farm4.staticflickr.com/3791/11272431126_cd8e7e48cf_o.jpg	843	1468
01	American News Company	Round the world with General Grant. A narrative of the visit of General U. S. Grant ... to various countries ... in 1877, 1878, 1879. To which are added certain conversations with General Grant on questions connected with American politics and history ... With ... illustrations	YOUNG, John Russell.		New York	004002305		1879	http://www.flickr.com/photos/britishlibrary/11272456174	1	000273	11272456174	http://farm8.staticflickr.com/7429/11272456174_3ee41b9ae4_m.jpg	240	167	http://farm8.staticflickr.com/7429/11272456174_3ee41b9ae4.jpg	500	348	http://farm8.staticflickr.com/7429/11272456174_3ee41b9ae4_b.jpg	1024	712	http://farm8.staticflickr.com/7429/11272456174_932a2ed53f_o.jpg	1453	1010
0	Waterlow & Sons	Up the River from Westminster to Windsor and Oxford; a descriptive panorama of Thames Scenery			London	003606029		1879	http://www.flickr.com/photos/britishlibrary/11272394035	1	000129	11272394035	http://farm6.staticflickr.com/5495/11272394035_bc76c23107_m.jpg	187	240	http://farm6.staticflickr.com/5495/11272394035_bc76c23107.jpg	389	500	http://farm6.staticflickr.com/5495/11272394035_bc76c23107_b.jpg	797	1024	http://farm6.staticflickr.com/5495/11272394035_6cd1a43448_o.jpg	1020	1310
0		La Saint-Barthélemy et la critique moderne. [With plates.]	BORDIER, Henri Léonard.		Genève	000415740		1879	http://www.flickr.com/photos/britishlibrary/11272393575	1	000007	11272393575	http://farm3.staticflickr.com/2887/11272393575_1e54b261d8_m.jpg	240	157	http://farm3.staticflickr.com/2887/11272393575_1e54b261d8.jpg	500	326	http://farm3.staticflickr.com/2887/11272393575_1e54b261d8_b.jpg	1024	668	http://farm3.staticflickr.com/2887/11272393575_9f25ff8cfe_o.jpg	1330	868
0	Religious Tract Society	English Pictures drawn with pen and pencil	MANNING, Samuel LL.D. and GREEN (Samuel Gosnell)	lsidyv3c492c1d	London	002369135	ark:/81055/vdc_000000059460	1879	http://www.flickr.com/photos/britishlibrary/11272392945	1	000157	11272392945	http://farm8.staticflickr.com/7333/11272392945_443bf3d2b8_m.jpg	240	216	http://farm8.staticflickr.com/7333/11272392945_443bf3d2b8.jpg	500	449	http://farm8.staticflickr.com/7333/11272392945_443bf3d2b8_b.jpg	1024	920	http://farm8.staticflickr.com/7333/11272392945_b17a93464e_o.jpg	1235	1110
0	Everts & Ensign	History of Toga, Chemung, Tompkins, and Schuyler Counties, New York. With illustrations and biographical sketches of some of its prominent men and pioneers	PEIRCE, Henry B. and HURD (Duane Hamilton)		Philadelphia	002810116		1879	http://www.flickr.com/photos/britishlibrary/11272392055	1	000440	11272392055	http://farm4.staticflickr.com/3778/11272392055_f858cb73ff_m.jpg	240	209	http://farm4.staticflickr.com/3778/11272392055_f858cb73ff.jpg	500	436	http://farm4.staticflickr.com/3778/11272392055_f858cb73ff_b.jpg	1024	892	http://farm4.staticflickr.com/3778/11272392055_46ce80c726_o.jpg	1557	1357
0		The Complete Guide to Clevedon and its vicinity ... with notes on the natural history of the neighbourhood. By R. S. S. Illustrated	S., R. S.		Clevedon	003213996		1879	http://www.flickr.com/photos/britishlibrary/11272452134	1	000139	11272452134	http://farm3.staticflickr.com/2856/11272452134_0f760d8dc9_m.jpg	240	164	http://farm3.staticflickr.com/2856/11272452134_0f760d8dc9.jpg	500	341	http://farm3.staticflickr.com/2856/11272452134_0f760d8dc9_b.jpg	1024	699	http://farm3.staticflickr.com/2856/11272452134_fe71761660_o.jpg	1633	1115
0		Monuments religieux, civils et militaires du Gatinais, ... depuis le XIe jusqu'au XVIIe siècle. ... Ouvrage accompagné de planches, etc	MICHEL, Edmond.		Lyon	002482448		1879	http://www.flickr.com/photos/britishlibrary/11272391225	1	000579	11272391225	http://farm8.staticflickr.com/7308/11272391225_9c6a0e65a4_m.jpg	240	204	http://farm8.staticflickr.com/7308/11272391225_9c6a0e65a4.jpg	500	425	http://farm8.staticflickr.com/7308/11272391225_9c6a0e65a4_b.jpg	1024	870	http://farm8.staticflickr.com/7308/11272391225_e6619ab268_o.jpg	1598	1357
01		Sahărâ und Sûdân. Ergebnisse sechsjähriger Reisen in Afrika. (Thl. 3 herausgegeben von E. Groddeck.)	NACHTIGAL, Gustav.		Berlin	002599811		1879	http://www.flickr.com/photos/britishlibrary/11272498303	1	000725	11272498303	http://farm6.staticflickr.com/5505/11272498303_d01e8db728_m.jpg	181	240	http://farm6.staticflickr.com/5505/11272498303_d01e8db728.jpg	378	500	http://farm6.staticflickr.com/5505/11272498303_d01e8db728_b.jpg	774	1024	http://farm6.staticflickr.com/5505/11272498303_8f304fe002_o.jpg	900	1191
0	[Ward, Lock & Co.	[Charles O'Malley, the Irish Dragoon. Edited by Harry Lorrequer. [By C. J. L.]]	LEVER, Charles James.		London,] Perth [printed	002150760		1879	http://www.flickr.com/photos/britishlibrary/11272425336	1	000111	11272425336	http://farm8.staticflickr.com/7411/11272425336_a7c37c7518_m.jpg	240	172	http://farm8.staticflickr.com/7411/11272425336_a7c37c7518.jpg	500	358	http://farm8.staticflickr.com/7411/11272425336_a7c37c7518_b.jpg	1024	733	http://farm8.staticflickr.com/7411/11272425336_e73245af2c_o.jpg	1276	913
01	D. Appleton & Co.	[Appleton's European Guide Book illustrated. Including England, Scotland, and Ireland, France, Belgium, Holland, Northern and Southern Germany, Switzerland, Italy, Spain and Portugal, Russia, Denmark, Norway, and Sweden. Containing ... maps, etc.]	APPLETON, Daniel AND CO	lsidyv3cbe7355	New York; Longmans & Co	000100280	ark:/81055/vdc_00000005D9DE	1879	http://www.flickr.com/photos/britishlibrary/11272389275	1	000653	11272389275	http://farm6.staticflickr.com/5538/11272389275_10068a6372_m.jpg	155	240	http://farm6.staticflickr.com/5538/11272389275_10068a6372.jpg	323	500	http://farm6.staticflickr.com/5538/11272389275_10068a6372_b.jpg	661	1024	http://farm6.staticflickr.com/5538/11272389275_c6b32dac55_o.jpg	815	1263
02	L. H. Everts	History of the Connecticut Valley in Massachusetts (by N. B. Sylvester), with illustrations and biographical sketches of some of its prominent men and pioneers [by other authors]	SYLVESTER, Nathaniel Bartlett.		Philadelphia	003562080		1879	http://www.flickr.com/photos/britishlibrary/11272424256	1	000319	11272424256	http://farm4.staticflickr.com/3665/11272424256_e2a8d48c38_m.jpg	240	187	http://farm4.staticflickr.com/3665/11272424256_e2a8d48c38.jpg	500	390	http://farm4.staticflickr.com/3665/11272424256_e2a8d48c38_b.jpg	1024	799	http://farm4.staticflickr.com/3665/11272424256_a0afb87e79_o.jpg	1535	1197
0	Western Historical Company	The history of Henry County, Iowa. ... Illustrated			Chicago	001653329		1879	http://www.flickr.com/photos/britishlibrary/11272423866	1	000582	11272423866	http://farm4.staticflickr.com/3693/11272423866_8dceee8d9a_m.jpg	240	181	http://farm4.staticflickr.com/3693/11272423866_8dceee8d9a.jpg	500	377	http://farm4.staticflickr.com/3693/11272423866_8dceee8d9a_b.jpg	1024	773	http://farm4.staticflickr.com/3693/11272423866_0baf13e5c8_o.jpg	1165	880
01	American News Company	Round the world with General Grant. A narrative of the visit of General U. S. Grant ... to various countries ... in 1877, 1878, 1879. To which are added certain conversations with General Grant on questions connected with American politics and history ... With ... illustrations	YOUNG, John Russell.		New York	004002305		1879	http://www.flickr.com/photos/britishlibrary/11272495483	1	000156	11272495483	http://farm3.staticflickr.com/2852/11272495483_88063a6fb2_m.jpg	148	240	http://farm3.staticflickr.com/2852/11272495483_88063a6fb2.jpg	309	500	http://farm3.staticflickr.com/2852/11272495483_88063a6fb2_b.jpg	633	1024	http://farm3.staticflickr.com/2852/11272495483_aed0398df5_o.jpg	1081	1748
0	M. H. Gill & Son	Loca Patriciana: an identification of localities, chiefly in Leinster, visited by Saint Patrick and his assistant missionaries; and of some contemporary kings and chieftains. With an essay on the three Patricks, Palladius, Sen Patrick, and Patrick MacCalphurn, Apostles of Ireland in the fifth century	SHEARMAN, John Francis.		Dublin	003361987		1879	http://www.flickr.com/photos/britishlibrary/11272423096	1	000009	11272423096	http://farm6.staticflickr.com/5541/11272423096_93e2679814_m.jpg	226	240	http://farm6.staticflickr.com/5541/11272423096_93e2679814.jpg	471	500	http://farm6.staticflickr.com/5541/11272423096_93e2679814_b.jpg	964	1024	http://farm6.staticflickr.com/5541/11272423096_cb9fcc1d09_o.jpg	1086	1154
0	W. Mullan & Son	A E I. Arabia, Egypt, India. A narrative of travel. With fifteen illustrations and two maps	Burton, Isabel Lady	lsidyv3c6913ea	London	000546853	ark:/81055/vdc_00000005AAB6	1879	http://www.flickr.com/photos/britishlibrary/11272386805	1	000384	11272386805	http://farm6.staticflickr.com/5485/11272386805_7920b69edb_m.jpg	240	205	http://farm6.staticflickr.com/5485/11272386805_7920b69edb.jpg	500	428	http://farm6.staticflickr.com/5485/11272386805_7920b69edb_b.jpg	1024	876	http://farm6.staticflickr.com/5485/11272386805_3e900170c6_o.jpg	1270	1087
0		Saint-Pierre de Rome. Ouvrage illustré, etc	LORBAC, Charles de.		Rome	002259706		1879	http://www.flickr.com/photos/britishlibrary/11272447064	1	000013	11272447064	http://farm4.staticflickr.com/3726/11272447064_b5969b1f2a_m.jpg	180	240	http://farm4.staticflickr.com/3726/11272447064_b5969b1f2a.jpg	375	500	http://farm4.staticflickr.com/3726/11272447064_b5969b1f2a_b.jpg	768	1024	http://farm4.staticflickr.com/3726/11272447064_72bcde6444_o.jpg	1247	1662
0	Moses King	King's Handbook of Boston. Profusely illustrated. [With a map.]	KING, Moses.		Cambridge, Mass	001968594		1879	http://www.flickr.com/photos/britishlibrary/11272447354	1	000064	11272447354	http://farm8.staticflickr.com/7374/11272447354_be00466529_m.jpg	166	240	http://farm8.staticflickr.com/7374/11272447354_be00466529.jpg	345	500	http://farm8.staticflickr.com/7374/11272447354_be00466529_b.jpg	707	1024	http://farm8.staticflickr.com/7374/11272447354_292e4df10d_o.jpg	941	1363
0	Moses King	King's Handbook of Boston. Profusely illustrated. [With a map.]	KING, Moses.		Cambridge, Mass	001968594		1879	http://www.flickr.com/photos/britishlibrary/11272420846	1	000132	11272420846	http://farm4.staticflickr.com/3706/11272420846_6fe4072856_m.jpg	151	240	http://farm4.staticflickr.com/3706/11272420846_6fe4072856.jpg	314	500	http://farm4.staticflickr.com/3706/11272420846_6fe4072856_b.jpg	644	1024	http://farm4.staticflickr.com/3706/11272420846_6617b1dafe_o.jpg	831	1321
0		[Viaje á la Patagonia austral emprendido bajo los auspicios del Gobierno Nacional 1876-1877. tom. 1.]	MORENO, Francisco Josué Pascasio.		Buenos Aires	002546655		1879	http://www.flickr.com/photos/britishlibrary/11272419846	1	000441	11272419846	http://farm3.staticflickr.com/2857/11272419846_5314c9e6bc_m.jpg	159	240	http://farm3.staticflickr.com/2857/11272419846_5314c9e6bc.jpg	331	500	http://farm3.staticflickr.com/2857/11272419846_5314c9e6bc_b.jpg	677	1024	http://farm3.staticflickr.com/2857/11272419846_d7f3e7b5a8_o.jpg	1043	1577
02	L. H. Everts	History of the Connecticut Valley in Massachusetts (by N. B. Sylvester), with illustrations and biographical sketches of some of its prominent men and pioneers [by other authors]	SYLVESTER, Nathaniel Bartlett.		Philadelphia	003562080		1879	http://www.flickr.com/photos/britishlibrary/11272419566	1	000091	11272419566	http://farm4.staticflickr.com/3749/11272419566_9cde19121a_m.jpg	240	163	http://farm4.staticflickr.com/3749/11272419566_9cde19121a.jpg	500	339	http://farm4.staticflickr.com/3749/11272419566_9cde19121a_b.jpg	1024	694	http://farm4.staticflickr.com/3749/11272419566_6d4b573375_o.jpg	1472	997
0	Harper & Bros.	From Egypt to Palestine through Sinai, the Wilderness and the South Country. Observations of a journey made with special reference to the history of the Israelites ... With maps and illustrations	BARTLETT, Samuel Colcord.	lsidyv3c53baba	New York	000216339	ark:/81055/vdc_000000059CA0	1879	http://www.flickr.com/photos/britishlibrary/11272444944	1	000420	11272444944	http://farm6.staticflickr.com/5478/11272444944_8918944879_m.jpg	156	240	http://farm6.staticflickr.com/5478/11272444944_8918944879.jpg	326	500	http://farm6.staticflickr.com/5478/11272444944_8918944879_b.jpg	667	1024	http://farm6.staticflickr.com/5478/11272444944_5082363f3f_o.jpg	842	1293
0	Wesleyan Conference Office	Rambles in Bible Lands	NEWTON, Richard D.D., Rector of St. Paul's Church, Philadelphia	lsidyv3ca35e3a	London	002646495	ark:/81055/vdc_00000005C826	1879	http://www.flickr.com/photos/britishlibrary/11272381225	1	000039	11272381225	http://farm3.staticflickr.com/2831/11272381225_7b6eb3bf15_m.jpg	218	240	http://farm3.staticflickr.com/2831/11272381225_7b6eb3bf15.jpg	454	500	http://farm3.staticflickr.com/2831/11272381225_7b6eb3bf15_b.jpg	929	1024	http://farm3.staticflickr.com/2831/11272381225_cc03157643_o.jpg	1248	1376
0	Western Historical Company	The history of Henry County, Iowa. ... Illustrated			Chicago	001653329		1879	http://www.flickr.com/photos/britishlibrary/11272490033	1	000499	11272490033	http://farm6.staticflickr.com/5497/11272490033_eb83c0c427_m.jpg	240	177	http://farm6.staticflickr.com/5497/11272490033_eb83c0c427.jpg	500	370	http://farm6.staticflickr.com/5497/11272490033_eb83c0c427_b.jpg	1024	757	http://farm6.staticflickr.com/5497/11272490033_99d34772be_o.jpg	1678	1240
0	Waterlow & Sons	Up the River from Westminster to Windsor and Oxford; a descriptive panorama of Thames Scenery			London	003606029		1879	http://www.flickr.com/photos/britishlibrary/11272443024	1	000088	11272443024	http://farm3.staticflickr.com/2835/11272443024_1a8734c0e1_m.jpg	240	160	http://farm3.staticflickr.com/2835/11272443024_1a8734c0e1.jpg	500	333	http://farm3.staticflickr.com/2835/11272443024_1a8734c0e1_b.jpg	1024	682	http://farm3.staticflickr.com/2835/11272443024_ec3bee14a4_o.jpg	1430	952
0	Cassell, Petter, Galpin & Co.	Morocco: its people and places ... Translated by C. Rollin-Tilton. With ... illustrations	AMICIS, Edmondo de.	lsidyv3c6b00d2	London	000070870	ark:/81055/vdc_00000005AC0C	1879	http://www.flickr.com/photos/britishlibrary/11272488593	1	000083	11272488593	http://farm6.staticflickr.com/5534/11272488593_95b639dbeb_m.jpg	115	240	http://farm6.staticflickr.com/5534/11272488593_95b639dbeb.jpg	240	500	http://farm6.staticflickr.com/5534/11272488593_95b639dbeb_b.jpg	492	1024	http://farm6.staticflickr.com/5534/11272488593_8602d6ecbd_o.jpg	940	1957
02	Tinsley Brothers	Berlin under the New Empire, its institutions, inhabitants, industry ... With ... engravings, etc	VIZETELLY, Henry.		London	003807524		1879	http://www.flickr.com/photos/britishlibrary/11272415736	1	000262	11272415736	http://farm8.staticflickr.com/7380/11272415736_9fc7e2160d_m.jpg	148	240	http://farm8.staticflickr.com/7380/11272415736_9fc7e2160d.jpg	309	500	http://farm8.staticflickr.com/7380/11272415736_9fc7e2160d_b.jpg	632	1024	http://farm8.staticflickr.com/7380/11272415736_4f64a5f58d_o.jpg	876	1419
0	Waterlow & Sons	Up the River from Westminster to Windsor and Oxford; a descriptive panorama of Thames Scenery			London	003606029		1879	http://www.flickr.com/photos/britishlibrary/11272441024	2	000132	11272441024	http://farm8.staticflickr.com/7324/11272441024_1ab2e490b7_m.jpg	167	240	http://farm8.staticflickr.com/7324/11272441024_1ab2e490b7.jpg	349	500	http://farm8.staticflickr.com/7324/11272441024_1ab2e490b7_b.jpg	714	1024	http://farm8.staticflickr.com/7324/11272441024_14ced13d25_o.jpg	868	1245
0	Jarrold & Sons	John Snow's Wife; and other temperance stories. By the Rev. C. Courtenay ... and other writers	COURTENAY, Charles.		London	000801566		1879	http://www.flickr.com/photos/britishlibrary/11272414166	1	000042	11272414166	http://farm4.staticflickr.com/3806/11272414166_b183351a3c_m.jpg	240	163	http://farm4.staticflickr.com/3806/11272414166_b183351a3c.jpg	500	339	http://farm4.staticflickr.com/3806/11272414166_b183351a3c_b.jpg	1024	695	http://farm4.staticflickr.com/3806/11272414166_26fc215e1e_o.jpg	1742	1183
0	Wesleyan Conference Office	Rambles in Bible Lands	NEWTON, Richard D.D., Rector of St. Paul's Church, Philadelphia	lsidyv3ca35e3a	London	002646495	ark:/81055/vdc_00000005C826	1879	http://www.flickr.com/photos/britishlibrary/11272486733	1	000030	11272486733	http://farm6.staticflickr.com/5529/11272486733_663c571aeb_m.jpg	229	240	http://farm6.staticflickr.com/5529/11272486733_663c571aeb.jpg	478	500	http://farm6.staticflickr.com/5529/11272486733_663c571aeb_b.jpg	979	1024	http://farm6.staticflickr.com/5529/11272486733_3527d815e8_o.jpg	1253	1310
0	Harper & Bros.	What Mr. Darwin saw in his Voyage round The World in the Ship “Beagle.” [Compiled and adapted from “Journal of Researches into the Geology and Natural History of the Various Countries visited by H.M.S. Beagle, etc.”]	Darwin, Charles	lsidyv3c8ea4b0	New York	000868098	ark:/81055/vdc_00000005BB84	1879	http://www.flickr.com/photos/britishlibrary/11272439194	1	000209	11272439194	http://farm6.staticflickr.com/5471/11272439194_4acc9c0631_m.jpg	130	240	http://farm6.staticflickr.com/5471/11272439194_4acc9c0631.jpg	271	500	http://farm6.staticflickr.com/5471/11272439194_4acc9c0631_b.jpg	556	1024	http://farm6.staticflickr.com/5471/11272439194_571ae65af2_o.jpg	841	1550
0	Religious Tract Society	The Lands of Scripture: comprising “Those Holy Fields”; “The Land of the Pharaohs” [both by S. M.]; “Pictures from Bible Lands” (edited by S. G. Green. The illustrations by E. Whymper, etc.)	MANNING, Samuel LL.D		London	002369128		1879	http://www.flickr.com/photos/britishlibrary/11272485293	1	000388	11272485293	http://farm4.staticflickr.com/3767/11272485293_f57610c802_m.jpg	218	240	http://farm4.staticflickr.com/3767/11272485293_f57610c802.jpg	454	500	http://farm4.staticflickr.com/3767/11272485293_f57610c802_b.jpg	929	1024	http://farm4.staticflickr.com/3767/11272485293_d3370f075d_o.jpg	1127	1242
0		[Viaje á la Patagonia austral emprendido bajo los auspicios del Gobierno Nacional 1876-1877. tom. 1.]	MORENO, Francisco Josué Pascasio.		Buenos Aires	002546655		1879	http://www.flickr.com/photos/britishlibrary/11272484903	1	000234	11272484903	http://farm6.staticflickr.com/5492/11272484903_3303690492_m.jpg	169	240	http://farm6.staticflickr.com/5492/11272484903_3303690492.jpg	353	500	http://farm6.staticflickr.com/5492/11272484903_3303690492_b.jpg	723	1024	http://farm6.staticflickr.com/5492/11272484903_931dcdb48b_o.jpg	1102	1560
0	Thacker, Spink & Co.	[Lays of Ind ... Third edition.]	CHEEM, Aliph pseud. [i.e. Walter Yeldham.]		Calcutta; [London printed]	000675133		1879	http://www.flickr.com/photos/britishlibrary/11272375475	1	000027	11272375475	http://farm4.staticflickr.com/3669/11272375475_b5b8694f72_m.jpg	240	189	http://farm4.staticflickr.com/3669/11272375475_b5b8694f72.jpg	500	393	http://farm4.staticflickr.com/3669/11272375475_b5b8694f72_b.jpg	1024	805	http://farm4.staticflickr.com/3669/11272375475_2ff992b455_o.jpg	1215	955
0	John Murray	[The Student's Manual of Modern Geography. Mathematical, physical, and descriptive.]	BEVAN, William Latham.	lsidyv3ca2f2a9	London	000307737	ark:/81055/vdc_00000005C7F6	1879	http://www.flickr.com/photos/britishlibrary/11272482973	1	000289	11272482973	http://farm4.staticflickr.com/3685/11272482973_b79982de64_m.jpg	240	240	http://farm4.staticflickr.com/3685/11272482973_b79982de64.jpg	499	500	http://farm4.staticflickr.com/3685/11272482973_b79982de64_b.jpg	1022	1024	http://farm4.staticflickr.com/3685/11272482973_0f9d8aecc5_o.jpg	1198	1200
0	E. Marlborough & Co.	Popular Guide up the Thames, to Kew, Richmond, Twickenham and Hampton Court			London	003605985		1879	http://www.flickr.com/photos/britishlibrary/11272374275	1	000009	11272374275	http://farm8.staticflickr.com/7325/11272374275_17f1f65eb4_m.jpg	207	240	http://farm8.staticflickr.com/7325/11272374275_17f1f65eb4.jpg	432	500	http://farm8.staticflickr.com/7325/11272374275_17f1f65eb4_b.jpg	884	1024	http://farm8.staticflickr.com/7325/11272374275_146ea7b60e_o.jpg	1058	1226
0	Moses King	King's Handbook of Boston. Profusely illustrated. [With a map.]	KING, Moses.		Cambridge, Mass	001968594		1879	http://www.flickr.com/photos/britishlibrary/11272374045	1	000283	11272374045	http://farm4.staticflickr.com/3721/11272374045_c92f0dfdb7_m.jpg	240	184	http://farm4.staticflickr.com/3721/11272374045_c92f0dfdb7.jpg	500	382	http://farm4.staticflickr.com/3721/11272374045_c92f0dfdb7_b.jpg	1024	783	http://farm4.staticflickr.com/3721/11272374045_abe971d740_o.jpg	1465	1120
02	Tinsley Brothers	Berlin under the New Empire, its institutions, inhabitants, industry ... With ... engravings, etc	VIZETELLY, Henry.		London	003807524		1879	http://www.flickr.com/photos/britishlibrary/11272434594	1	000193	11272434594	http://farm3.staticflickr.com/2867/11272434594_65419973fb_m.jpg	174	240	http://farm3.staticflickr.com/2867/11272434594_65419973fb.jpg	362	500	http://farm3.staticflickr.com/2867/11272434594_65419973fb_b.jpg	742	1024	http://farm3.staticflickr.com/2867/11272434594_dbbdd8fd44_o.jpg	882	1218
0	John Murray	[The Student's Manual of Modern Geography. Mathematical, physical, and descriptive.]	BEVAN, William Latham.	lsidyv3ca2f2a9	London	000307737	ark:/81055/vdc_00000005C7F6	1879	http://www.flickr.com/photos/britishlibrary/11272481353	1	000063	11272481353	http://farm8.staticflickr.com/7350/11272481353_2d804be684_m.jpg	179	240	http://farm8.staticflickr.com/7350/11272481353_2d804be684.jpg	372	500	http://farm8.staticflickr.com/7350/11272481353_2d804be684_b.jpg	762	1024	http://farm8.staticflickr.com/7350/11272481353_d06528a7d2_o.jpg	906	1218
02		Old and New London, etc	Thornbury, Walter	lsidyv3c47ab1a	London	003628788	ark:/81055/vdc_000000059328	1879	http://www.flickr.com/photos/britishlibrary/11272434584	1	000038	11272434584	http://farm4.staticflickr.com/3686/11272434584_a654660eeb_m.jpg	185	240	http://farm4.staticflickr.com/3686/11272434584_a654660eeb.jpg	385	500	http://farm4.staticflickr.com/3686/11272434584_a654660eeb_b.jpg	789	1024	http://farm4.staticflickr.com/3686/11272434584_d06528a7d2_o.jpg	1261	1637
0	C. C. Chapman & Co.	History of Fulton County, together with sketches of its cities, villages and townships, ... and biographies ... History of Illinois ... Illustrated			Peoria	001341605		1879	http://www.flickr.com/photos/britishlibrary/11272432744	1	000447	11272432744	http://farm3.staticflickr.com/2879/11272432744_c8b11859fc_m.jpg	240	170	http://farm3.staticflickr.com/2879/11272432744_c8b11859fc.jpg	500	355	http://farm3.staticflickr.com/2879/11272432744_c8b11859fc_b.jpg	1024	727	http://farm3.staticflickr.com/2879/11272432744_b98c244da3_o.jpg	1737	1233
0	Everts & Ensign	History of Toga, Chemung, Tompkins, and Schuyler Counties, New York. With illustrations and biographical sketches of some of its prominent men and pioneers	PEIRCE, Henry B. and HURD (Duane Hamilton)		Philadelphia	002810116		1879	http://www.flickr.com/photos/britishlibrary/11272370835	1	000245	11272370835	http://farm8.staticflickr.com/7385/11272370835_9c72bf4ae3_m.jpg	240	179	http://farm8.staticflickr.com/7385/11272370835_9c72bf4ae3.jpg	500	373	http://farm8.staticflickr.com/7385/11272370835_9c72bf4ae3_b.jpg	1024	763	http://farm8.staticflickr.com/7385/11272370835_cfc759b5b9_o.jpg	1205	898
0		A History of the Town of Franklin, Mass.; from its settlement to the completion of its first century, 2d March, 1878; with genealogical notices of its earliest families, sketches of its professional men, and a report of the centennial celebration. By Mortimer Blake	BLAKE, Mortimer.		Franklin	001311432		1879	http://www.flickr.com/photos/britishlibrary/11272432784	1	000343	11272432784	http://farm3.staticflickr.com/2840/11272432784_6f72453fcd_m.jpg	240	233	http://farm3.staticflickr.com/2840/11272432784_6f72453fcd.jpg	500	486	http://farm3.staticflickr.com/2840/11272432784_6f72453fcd_b.jpg	1024	996	http://farm3.staticflickr.com/2840/11272432784_77d255095f_o.jpg	1373	1336
0		[Brazil and the Brazilians ... in historical and descriptive sketches ... Engravings.]	KIDDER, Daniel Parish and FLETCHER (James C.)		London	001961854		1879	http://www.flickr.com/photos/britishlibrary/11272369515	1	000368	11272369515	http://farm4.staticflickr.com/3787/11272369515_7e90635fb8_m.jpg	155	240	http://farm4.staticflickr.com/3787/11272369515_7e90635fb8.jpg	322	500	http://farm4.staticflickr.com/3787/11272369515_7e90635fb8_b.jpg	660	1024	http://farm4.staticflickr.com/3787/11272369515_c77eaa5a04_o.jpg	911	1414
01	D. Appleton & Co.	[Appleton's European Guide Book illustrated. Including England, Scotland, and Ireland, France, Belgium, Holland, Northern and Southern Germany, Switzerland, Italy, Spain and Portugal, Russia, Denmark, Norway, and Sweden. Containing ... maps, etc.]	APPLETON, Daniel AND CO	lsidyv3cbe7355	New York; Longmans & Co	000100280	ark:/81055/vdc_00000005D9DE	1879	http://www.flickr.com/photos/britishlibrary/11272368805	1	000112	11272368805	http://farm3.staticflickr.com/2851/11272368805_827c15fafb_m.jpg	191	240	http://farm3.staticflickr.com/2851/11272368805_827c15fafb.jpg	397	500	http://farm3.staticflickr.com/2851/11272368805_827c15fafb_b.jpg	814	1024	http://farm3.staticflickr.com/2851/11272368805_acd6bed436_o.jpg	973	1224
02	Tinsley Brothers	Berlin under the New Empire, its institutions, inhabitants, industry ... With ... engravings, etc	VIZETELLY, Henry.		London	003807524		1879	http://www.flickr.com/photos/britishlibrary/11272368875	1	000419	11272368875	http://farm8.staticflickr.com/7407/11272368875_6d9099dee6_m.jpg	165	240	http://farm8.staticflickr.com/7407/11272368875_6d9099dee6.jpg	344	500	http://farm8.staticflickr.com/7407/11272368875_6d9099dee6_b.jpg	704	1024	http://farm8.staticflickr.com/7407/11272368875_cfd415d41a_o.jpg	857	1246
02		A magyar nemzet története. I. kötet írta Bodon J. és Dr. Szalay J. (II.-IV.) kötet, írta Dr. Szalay J.) [With portraits.]	BODON, József and SZALAY (József)		Budapest	000389221		1879	http://www.flickr.com/photos/britishlibrary/11272368135	1	000163	11272368135	http://farm3.staticflickr.com/2850/11272368135_3922d46e79_m.jpg	240	197	http://farm3.staticflickr.com/2850/11272368135_3922d46e79.jpg	500	411	http://farm3.staticflickr.com/2850/11272368135_3922d46e79_b.jpg	1024	841	http://farm3.staticflickr.com/2850/11272368135_d15f46e714_o.jpg	1453	1193
0	Everts & Abbott	History of Hillsdale County, Michigan, with illustrations and biographical sketches of some of its prominent men, etc	Johnson, Crisfield.		Philadelphia	001884500		1879	http://www.flickr.com/photos/britishlibrary/11272429854	1	000362	11272429854	http://farm4.staticflickr.com/3743/11272429854_9e703d5597_m.jpg	240	192	http://farm4.staticflickr.com/3743/11272429854_9e703d5597.jpg	500	400	http://farm4.staticflickr.com/3743/11272429854_9e703d5597_b.jpg	1024	820	http://farm4.staticflickr.com/3743/11272429854_ddf3913c39_o.jpg	1225	981
0		Saint-Pierre de Rome. Ouvrage illustré, etc	LORBAC, Charles de.		Rome	002259706		1879	http://www.flickr.com/photos/britishlibrary/11272403836	1	000116	11272403836	http://farm6.staticflickr.com/5513/11272403836_7d5b5256c1_m.jpg	144	240	http://farm6.staticflickr.com/5513/11272403836_7d5b5256c1.jpg	299	500	http://farm6.staticflickr.com/5513/11272403836_7d5b5256c1_b.jpg	613	1024	http://farm6.staticflickr.com/5513/11272403836_e7f1371eb1_o.jpg	916	1530
0	Wesleyan Conference Office	Rambles in Bible Lands	NEWTON, Richard D.D., Rector of St. Paul's Church, Philadelphia	lsidyv3ca35e3a	London	002646495	ark:/81055/vdc_00000005C826	1879	http://www.flickr.com/photos/britishlibrary/11272428164	1	000096	11272428164	http://farm3.staticflickr.com/2871/11272428164_b498e5d072_m.jpg	223	240	http://farm3.staticflickr.com/2871/11272428164_b498e5d072.jpg	464	500	http://farm3.staticflickr.com/2871/11272428164_b498e5d072_b.jpg	951	1024	http://farm3.staticflickr.com/2871/11272428164_445f474992_o.jpg	1275	1373
02	D. Appleton & Co.	[Appleton's European Guide Book illustrated. Including England, Scotland, and Ireland, France, Belgium, Holland, Northern and Southern Germany, Switzerland, Italy, Spain and Portugal, Russia, Denmark, Norway, and Sweden. Containing ... maps, etc.]	APPLETON, Daniel AND CO	lsidyv3cbe7355	New York; Longmans & Co	000100280	ark:/81055/vdc_00000005D9DE	1879	http://www.flickr.com/photos/britishlibrary/11272475133	1	000677	11272475133	http://farm4.staticflickr.com/3810/11272475133_30e1822b4b_m.jpg	139	240	http://farm4.staticflickr.com/3810/11272475133_30e1822b4b.jpg	291	500	http://farm4.staticflickr.com/3810/11272475133_30e1822b4b_b.jpg	595	1024	http://farm4.staticflickr.com/3810/11272475133_98414385f8_o.jpg	810	1393
01		The Australian abroad. Branches from the Main Routes round the World. [Reprinted from the Melbourne “Argus.” With illustrations.] 2 series	HINGSTON, James.	lsidyv3cbf9abe	London	001689101	ark:/81055/vdc_00000005DA7A	1879	http://www.flickr.com/photos/britishlibrary/11272364745	1	000202	11272364745	http://farm3.staticflickr.com/2821/11272364745_6b4b60bd9a_m.jpg	162	240	http://farm3.staticflickr.com/2821/11272364745_6b4b60bd9a.jpg	338	500	http://farm3.staticflickr.com/2821/11272364745_6b4b60bd9a_b.jpg	693	1024	http://farm3.staticflickr.com/2821/11272364745_9ee9f41923_o.jpg	948	1400
01		Knaresborough Castle Yard. (The Microcosm: and, Malcolm, a holiday-walk. A few occasional pieces.) [In verse.]			London, Bristol [printed]	001987484		1879	http://www.flickr.com/photos/britishlibrary/11272364465	1	000057	11272364465	http://farm6.staticflickr.com/5503/11272364465_553990cb61_m.jpg	240	203	http://farm6.staticflickr.com/5503/11272364465_553990cb61.jpg	500	423	http://farm6.staticflickr.com/5503/11272364465_553990cb61_b.jpg	1024	866	http://farm6.staticflickr.com/5503/11272364465_330bd3cc2d_o.jpg	1325	1121
0	C. R. Barns	Switzler's Illustrated History of Missouri, from 1541 to 1877, etc. [Edited by C. R. Barns. From the larger work edited by him, entitled: “The Commonwealth of Missouri.”]	BARNS, Chancy R.		Saint Louis	000206134		1879	http://www.flickr.com/photos/britishlibrary/11272426604	1	000642	11272426604	http://farm8.staticflickr.com/7327/11272426604_2ea21aeae2_m.jpg	213	240	http://farm8.staticflickr.com/7327/11272426604_2ea21aeae2.jpg	443	500	http://farm8.staticflickr.com/7327/11272426604_2ea21aeae2_b.jpg	907	1024	http://farm8.staticflickr.com/7327/11272426604_0fa2d6843a_o.jpg	1361	1537
0	C. C. Chapman & Co.	History of Fulton County, together with sketches of its cities, villages and townships, ... and biographies ... History of Illinois ... Illustrated			Peoria	001341605		1879	http://www.flickr.com/photos/britishlibrary/11272399536	1	000483	11272399536	http://farm6.staticflickr.com/5525/11272399536_8eba64d70c_m.jpg	227	240	http://farm6.staticflickr.com/5525/11272399536_8eba64d70c.jpg	473	500	http://farm6.staticflickr.com/5525/11272399536_8eba64d70c_b.jpg	969	1024	http://farm6.staticflickr.com/5525/11272399536_0a621cddb1_o.jpg	1362	1439
02	American News Company	Round the world with General Grant. A narrative of the visit of General U. S. Grant ... to various countries ... in 1877, 1878, 1879. To which are added certain conversations with General Grant on questions connected with American politics and history ... With ... illustrations	YOUNG, John Russell.		New York	004002305		1879	http://www.flickr.com/photos/britishlibrary/11272425134	1	000250	11272425134	http://farm8.staticflickr.com/7430/11272425134_fcfeaf1d03_m.jpg	176	240	http://farm8.staticflickr.com/7430/11272425134_fcfeaf1d03.jpg	366	500	http://farm8.staticflickr.com/7430/11272425134_fcfeaf1d03_b.jpg	749	1024	http://farm8.staticflickr.com/7430/11272425134_9a0b5d0223_o.jpg	1186	1622
0		Les Vieilles Villes de Suisse. Notes et souvenirs. Ouvrage illustré de 105 dessins à la plume par A. Robida reproduits en fac-simile	ROBIDA, Albert.		Paris	003121715		1879	http://www.flickr.com/photos/britishlibrary/11272424924	1	000307	11272424924	http://farm6.staticflickr.com/5492/11272424924_c0dae85a54_m.jpg	176	240	http://farm6.staticflickr.com/5492/11272424924_c0dae85a54.jpg	366	500	http://farm6.staticflickr.com/5492/11272424924_c0dae85a54_b.jpg	749	1024	http://farm6.staticflickr.com/5492/11272424924_0fa3a31ea0_o.jpg	1160	1585
02		Danmarks og Norges Historie i Slutningen af det 16de Aarhundrede	TROELS-LUND, Troels Frederik.		Kjøbenhavn	003677661		1879	http://www.flickr.com/photos/britishlibrary/11272470503	1	000430	11272470503	http://farm6.staticflickr.com/5523/11272470503_21f028deaf_m.jpg	240	131	http://farm6.staticflickr.com/5523/11272470503_21f028deaf.jpg	500	272	http://farm6.staticflickr.com/5523/11272470503_21f028deaf_b.jpg	1024	558	http://farm6.staticflickr.com/5523/11272470503_8b5216f8c7_o.jpg	1487	811
02	American News Company	Round the world with General Grant. A narrative of the visit of General U. S. Grant ... to various countries ... in 1877, 1878, 1879. To which are added certain conversations with General Grant on questions connected with American politics and history ... With ... illustrations	YOUNG, John Russell.		New York	004002305		1879	http://www.flickr.com/photos/britishlibrary/11272360765	1	000230	11272360765	http://farm4.staticflickr.com/3813/11272360765_5ba7586d13_m.jpg	174	240	http://farm4.staticflickr.com/3813/11272360765_5ba7586d13.jpg	363	500	http://farm4.staticflickr.com/3813/11272360765_5ba7586d13_b.jpg	744	1024	http://farm4.staticflickr.com/3813/11272360765_de15bfaf04_o.jpg	1227	1688
01		Geschiedenis van Amsterdam	GOUW, Jan ter.		Amsterdam	001477539		1879	http://www.flickr.com/photos/britishlibrary/11272470243	1	000419	11272470243	http://farm8.staticflickr.com/7394/11272470243_3794850f1a_m.jpg	240	141	http://farm8.staticflickr.com/7394/11272470243_3794850f1a.jpg	500	294	http://farm8.staticflickr.com/7394/11272470243_3794850f1a_b.jpg	1024	603	http://farm8.staticflickr.com/7394/11272470243_524b9e7e38_o.jpg	1616	952
0	Harper & Bros.	What Mr. Darwin saw in his Voyage round The World in the Ship “Beagle.” [Compiled and adapted from “Journal of Researches into the Geology and Natural History of the Various Countries visited by H.M.S. Beagle, etc.”]	Darwin, Charles	lsidyv3c8ea4b0	New York	000868098	ark:/81055/vdc_00000005BB84	1879	http://www.flickr.com/photos/britishlibrary/11272422024	1	000220	11272422024	http://farm6.staticflickr.com/5486/11272422024_2cfd2122af_m.jpg	165	240	http://farm6.staticflickr.com/5486/11272422024_2cfd2122af.jpg	343	500	http://farm6.staticflickr.com/5486/11272422024_2cfd2122af_b.jpg	702	1024	http://farm6.staticflickr.com/5486/11272422024_ecf7b4a14d_o.jpg	1062	1550
02	J. B. Lippincott & Co.	History of Princeton and its institutions. ... Illustrated with ... engravings Second edition	HAGEMAN, John Frelinghuysen.		Philadelphia	001560548		1879	http://www.flickr.com/photos/britishlibrary/11272467723	1	000215	11272467723	http://farm3.staticflickr.com/2817/11272467723_5030057bfe_m.jpg	240	195	http://farm3.staticflickr.com/2817/11272467723_5030057bfe.jpg	500	406	http://farm3.staticflickr.com/2817/11272467723_5030057bfe_b.jpg	1024	832	http://farm3.staticflickr.com/2817/11272467723_3b5155a3e3_o.jpg	1326	1077
01	D. Appleton & Co.	[Appleton's European Guide Book illustrated. Including England, Scotland, and Ireland, France, Belgium, Holland, Northern and Southern Germany, Switzerland, Italy, Spain and Portugal, Russia, Denmark, Norway, and Sweden. Containing ... maps, etc.]	APPLETON, Daniel AND CO	lsidyv3cbe7355	New York; Longmans & Co	000100280	ark:/81055/vdc_00000005D9DE	1879	http://www.flickr.com/photos/britishlibrary/11272395596	1	000215	11272395596	http://farm6.staticflickr.com/5515/11272395596_cea6fbe1ee_m.jpg	240	198	http://farm6.staticflickr.com/5515/11272395596_cea6fbe1ee.jpg	500	412	http://farm6.staticflickr.com/5515/11272395596_cea6fbe1ee_b.jpg	1024	843	http://farm6.staticflickr.com/5515/11272395596_b283e2d073_o.jpg	1497	1233
0	J. A. & R. A. Reid	The Past and the Present. Narragansett sea and shore. An illustrated guide to Providence, Newport, Narragansett Pier, Block Island, Watch Hill, Rocky Point, Silver Spring, and all the famous sea-side resorts of Rhode Island, with a map of Narragansett Bay	DENISON, Frederic.		Providence	000908069		1879	http://www.flickr.com/photos/britishlibrary/11272394366	2	000119	11272394366	http://farm4.staticflickr.com/3704/11272394366_551ed0475f_m.jpg	158	240	http://farm4.staticflickr.com/3704/11272394366_551ed0475f.jpg	329	500	http://farm4.staticflickr.com/3704/11272394366_551ed0475f_b.jpg	674	1024	http://farm4.staticflickr.com/3704/11272394366_8ee9ae808b_o.jpg	962	1461
0	Lewis, Peck & Co.	History of Steuben County, New York, with illustrations and biographical sketches of some of its prominent men and pioneers	CLAYTON, W. Woodford.		Philadelphia	000719876		1879	http://www.flickr.com/photos/britishlibrary/11272466813	1	000630	11272466813	http://farm4.staticflickr.com/3670/11272466813_ba65707ed4_m.jpg	240	210	http://farm4.staticflickr.com/3670/11272466813_ba65707ed4.jpg	500	438	http://farm4.staticflickr.com/3670/11272466813_ba65707ed4_b.jpg	1024	898	http://farm4.staticflickr.com/3670/11272466813_10efd7b933_o.jpg	1391	1220
0	Everts & Abbott	History of Hillsdale County, Michigan, with illustrations and biographical sketches of some of its prominent men, etc	Johnson, Crisfield.		Philadelphia	001884500		1879	http://www.flickr.com/photos/britishlibrary/11272393576	1	000217	11272393576	http://farm4.staticflickr.com/3806/11272393576_3303d14104_m.jpg	240	195	http://farm4.staticflickr.com/3806/11272393576_3303d14104.jpg	500	406	http://farm4.staticflickr.com/3806/11272393576_3303d14104_b.jpg	1024	832	http://farm4.staticflickr.com/3806/11272393576_ea106ae415_o.jpg	1220	991
0	Waterlow & Sons	Up the River from Westminster to Windsor and Oxford; a descriptive panorama of Thames Scenery			London	003606029		1879	http://www.flickr.com/photos/britishlibrary/11272392436	1	000124	11272392436	http://farm3.staticflickr.com/2840/11272392436_e688823a02_m.jpg	149	240	http://farm3.staticflickr.com/2840/11272392436_e688823a02.jpg	310	500	http://farm3.staticflickr.com/2840/11272392436_e688823a02_b.jpg	634	1024	http://farm3.staticflickr.com/2840/11272392436_d4b58ede68_o.jpg	892	1441
0	Blades, East and Blades	A lecture on Pre-Adamite London, given in the Theatre of Merchant Taylors' School, ... 13th February, 1879. (Map indicating the extent of the Eocene Strata as given by Dr. A. C. Ramsey.)	NASH, Edwin.	lsidyv3ce6ecc3	enk	002607910	ark:/81055/vdc_00000005EC98	1879	http://www.flickr.com/photos/britishlibrary/11272418774	1	000043	11272418774	http://farm6.staticflickr.com/5503/11272418774_eab22f73da_m.jpg	169	240	http://farm6.staticflickr.com/5503/11272418774_eab22f73da.jpg	352	500	http://farm6.staticflickr.com/5503/11272418774_eab22f73da_b.jpg	721	1024	http://farm6.staticflickr.com/5503/11272418774_bfc20720df_o.jpg	908	1290
0	Cassell, Petter, Galpin & Co.	Morocco: its people and places ... Translated by C. Rollin-Tilton. With ... illustrations	AMICIS, Edmondo de.	lsidyv3c6b00d2	London	000070870	ark:/81055/vdc_00000005AC0C	1879	http://www.flickr.com/photos/britishlibrary/11272392336	1	000213	11272392336	http://farm3.staticflickr.com/2843/11272392336_7619c93f15_m.jpg	214	240	http://farm3.staticflickr.com/2843/11272392336_7619c93f15.jpg	446	500	http://farm3.staticflickr.com/2843/11272392336_7619c93f15_b.jpg	914	1024	http://farm3.staticflickr.com/2843/11272392336_0d4d8c88f7_o.jpg	1175	1317
02	L. H. Everts	History of the Connecticut Valley in Massachusetts (by N. B. Sylvester), with illustrations and biographical sketches of some of its prominent men and pioneers [by other authors]	SYLVESTER, Nathaniel Bartlett.		Philadelphia	003562080		1879	http://www.flickr.com/photos/britishlibrary/11272464243	1	000145	11272464243	http://farm4.staticflickr.com/3686/11272464243_9796d68a1a_m.jpg	240	185	http://farm4.staticflickr.com/3686/11272464243_9796d68a1a.jpg	500	386	http://farm4.staticflickr.com/3686/11272464243_9796d68a1a_b.jpg	1024	791	http://farm4.staticflickr.com/3686/11272464243_1a9c9f25ab_o.jpg	1646	1271
0	D. W. Ensign & Co.	History of Columbiana County, Ohio, with illustrations and biographical sketches of its prominent men and pioneers	MACK, Horace.		Philadelphia	002319445		1879	http://www.flickr.com/photos/britishlibrary/11272354875	3	000219	11272354875	http://farm4.staticflickr.com/3708/11272354875_7809e33e8e_m.jpg	240	158	http://farm4.staticflickr.com/3708/11272354875_7809e33e8e.jpg	500	329	http://farm4.staticflickr.com/3708/11272354875_7809e33e8e_b.jpg	1024	674	http://farm4.staticflickr.com/3708/11272354875_ccd8c41bdd_o.jpg	1528	1006
0		The Illustrated Guide to Sheffield and the surrounding district, etc	TAYLOR, John of Sheffield		Sheffield	003589731		1879	http://www.flickr.com/photos/britishlibrary/11272390746	1	000280	11272390746	http://farm4.staticflickr.com/3759/11272390746_abb85d2fca_m.jpg	181	240	http://farm4.staticflickr.com/3759/11272390746_abb85d2fca.jpg	376	500	http://farm4.staticflickr.com/3759/11272390746_abb85d2fca_b.jpg	771	1024	http://farm4.staticflickr.com/3759/11272390746_a82607222b_o.jpg	1066	1415
0	Marcus Ward & Co.	Our Native Land, its scenery and associations. A series of 36 water-colour sketches after Rowbotham, Read, Needham, and other eminent artists. With descriptive notes. [The author of the text identified on the wrapper of pt. 1 as “the author of By Loch and by Land”, i.e. Jean L. Watson.]	WATSON, Jean L.		London	001140593		1879	http://www.flickr.com/photos/britishlibrary/11272462743	1	000319	11272462743	http://farm3.staticflickr.com/2840/11272462743_7d60cb5332_m.jpg	240	107	http://farm3.staticflickr.com/2840/11272462743_7d60cb5332.jpg	500	222	http://farm3.staticflickr.com/2840/11272462743_7d60cb5332_b.jpg	1024	455	http://farm3.staticflickr.com/2840/11272462743_b5e4d54d84_o.jpg	1660	738
0	F. F. Baillière	[Baillière's Victorian Gazetteer and Road Guide, containing the most recent ... information as to every place in the colony ... With a map.]	WHITWORTH, Robert Percy.		Melbourne	003914618		1879	http://www.flickr.com/photos/britishlibrary/11272462043	1	000011	11272462043	http://farm4.staticflickr.com/3697/11272462043_19eecd025d_m.jpg	240	158	http://farm4.staticflickr.com/3697/11272462043_19eecd025d.jpg	500	329	http://farm4.staticflickr.com/3697/11272462043_19eecd025d_b.jpg	1024	674	http://farm4.staticflickr.com/3697/11272462043_c8dd1abd75_o.jpg	1327	873
01		Sahărâ und Sûdân. Ergebnisse sechsjähriger Reisen in Afrika. (Thl. 3 herausgegeben von E. Groddeck.)	NACHTIGAL, Gustav.		Berlin	002599811		1879	http://www.flickr.com/photos/britishlibrary/11272389196	1	000075	11272389196	http://farm4.staticflickr.com/3763/11272389196_5a38c55208_m.jpg	240	231	http://farm4.staticflickr.com/3763/11272389196_5a38c55208.jpg	500	481	http://farm4.staticflickr.com/3763/11272389196_5a38c55208_b.jpg	1024	985	http://farm4.staticflickr.com/3763/11272389196_6b554b54d3_o.jpg	1146	1102
01	L. H. Everts	History of the Connecticut Valley in Massachusetts (by N. B. Sylvester), with illustrations and biographical sketches of some of its prominent men and pioneers [by other authors]	SYLVESTER, Nathaniel Bartlett.		Philadelphia	003562080		1879	http://www.flickr.com/photos/britishlibrary/11272460693	1	000641	11272460693	http://farm3.staticflickr.com/2820/11272460693_8f1c4dd07c_m.jpg	240	193	http://farm3.staticflickr.com/2820/11272460693_8f1c4dd07c.jpg	500	401	http://farm3.staticflickr.com/2820/11272460693_8f1c4dd07c_b.jpg	1024	822	http://farm3.staticflickr.com/2820/11272460693_a730e679bc_o.jpg	1445	1160
02		Danmarks og Norges Historie i Slutningen af det 16de Aarhundrede	TROELS-LUND, Troels Frederik.		Kjøbenhavn	003677661		1879	http://www.flickr.com/photos/britishlibrary/11272351285	1	000459	11272351285	http://farm8.staticflickr.com/7416/11272351285_7c53ec580a_m.jpg	240	235	http://farm8.staticflickr.com/7416/11272351285_7c53ec580a.jpg	500	490	http://farm8.staticflickr.com/7416/11272351285_7c53ec580a_b.jpg	1024	1003	http://farm8.staticflickr.com/7416/11272351285_8d0e755756_o.jpg	1376	1348
0	Wesleyan Conference Office	Rambles in Bible Lands	NEWTON, Richard D.D., Rector of St. Paul's Church, Philadelphia	lsidyv3ca35e3a	London	002646495	ark:/81055/vdc_00000005C826	1879	http://www.flickr.com/photos/britishlibrary/11272350505	1	000276	11272350505	http://farm6.staticflickr.com/5526/11272350505_ca415aa9dd_m.jpg	240	194	http://farm6.staticflickr.com/5526/11272350505_ca415aa9dd.jpg	500	404	http://farm6.staticflickr.com/5526/11272350505_ca415aa9dd_b.jpg	1024	827	http://farm6.staticflickr.com/5526/11272350505_6d68c79cc2_o.jpg	1586	1281
02	Tinsley Brothers	Berlin under the New Empire, its institutions, inhabitants, industry ... With ... engravings, etc	VIZETELLY, Henry.		London	003807524		1879	http://www.flickr.com/photos/britishlibrary/11272386836	1	000107	11272386836	http://farm4.staticflickr.com/3693/11272386836_dd33ea4c86_m.jpg	240	189	http://farm4.staticflickr.com/3693/11272386836_dd33ea4c86.jpg	500	394	http://farm4.staticflickr.com/3693/11272386836_dd33ea4c86_b.jpg	1024	807	http://farm4.staticflickr.com/3693/11272386836_765cc51f3f_o.jpg	1208	952
0		The Wild Man at Home: or, pictures of life in savage lands ... With woodcuts ... and coloured illustrations	GREENWOOD, James Novelist	lsidyv2af6fa2f	London, Edinburgh	001503444	ark:/81055/vdc_0000000519A2	1879	http://www.flickr.com/photos/britishlibrary/11272386236	1	000163	11272386236	http://farm4.staticflickr.com/3666/11272386236_6e2e19304e_m.jpg	221	240	http://farm4.staticflickr.com/3666/11272386236_6e2e19304e.jpg	461	500	http://farm4.staticflickr.com/3666/11272386236_6e2e19304e_b.jpg	944	1024	http://farm4.staticflickr.com/3666/11272386236_e0fa4da5bd_o.jpg	1251	1357
0		The Illustrated Guide to Sheffield and the surrounding district, etc	TAYLOR, John of Sheffield		Sheffield	003589731		1879	http://www.flickr.com/photos/britishlibrary/11272410754	1	000125	11272410754	http://farm6.staticflickr.com/5472/11272410754_d74d62a85b_m.jpg	240	184	http://farm6.staticflickr.com/5472/11272410754_d74d62a85b.jpg	500	382	http://farm6.staticflickr.com/5472/11272410754_d74d62a85b_b.jpg	1024	783	http://farm6.staticflickr.com/5472/11272410754_b50ccb0e51_o.jpg	1472	1125
0		Die amerikanische Nordpol-Expedition ... Mit zahlreichen Illustrationen in Holzschnitt, etc	BESSELS, Emil.		Leipzig	000303634		1879	http://www.flickr.com/photos/britishlibrary/11272457713	1	000424	11272457713	http://farm4.staticflickr.com/3680/11272457713_3465a4cef1_m.jpg	126	240	http://farm4.staticflickr.com/3680/11272457713_3465a4cef1.jpg	263	500	http://farm4.staticflickr.com/3680/11272457713_3465a4cef1_b.jpg	538	1024	http://farm4.staticflickr.com/3680/11272457713_63eba32585_o.jpg	832	1584
0		The Life of Charles Dickens ... With forty illustrations	FORSTER, John Barrister-at-Law, of the Inner Temple		Chapman & Hall, London	001272474		1879	http://www.flickr.com/photos/britishlibrary/11272410514	1	000343	11272410514	http://farm4.staticflickr.com/3784/11272410514_5c89c894ca_m.jpg	217	240	http://farm4.staticflickr.com/3784/11272410514_5c89c894ca.jpg	451	500	http://farm4.staticflickr.com/3784/11272410514_5c89c894ca_b.jpg	924	1024	http://farm4.staticflickr.com/3784/11272410514_a154fe5d3a_o.jpg	1207	1338
0	Moses King	King's Handbook of Boston. Profusely illustrated. [With a map.]	KING, Moses.		Cambridge, Mass	001968594		1879	http://www.flickr.com/photos/britishlibrary/11272456173	1	000198	11272456173	http://farm4.staticflickr.com/3768/11272456173_e05fa7b047_m.jpg	240	222	http://farm4.staticflickr.com/3768/11272456173_e05fa7b047.jpg	500	462	http://farm4.staticflickr.com/3768/11272456173_e05fa7b047_b.jpg	1024	947	http://farm4.staticflickr.com/3768/11272456173_a4b2613c4e_o.jpg	1190	1101
0		The Illustrated Guide to Sheffield and the surrounding district, etc	TAYLOR, John of Sheffield		Sheffield	003589731		1879	http://www.flickr.com/photos/britishlibrary/11272347275	1	000501	11272347275	http://farm4.staticflickr.com/3834/11272347275_b1e1a28b07_m.jpg	170	240	http://farm4.staticflickr.com/3834/11272347275_b1e1a28b07.jpg	354	500	http://farm4.staticflickr.com/3834/11272347275_b1e1a28b07_b.jpg	724	1024	http://farm4.staticflickr.com/3834/11272347275_c6c5459544_o.jpg	870	1231
0		[Brazil and the Brazilians ... in historical and descriptive sketches ... Engravings.]	KIDDER, Daniel Parish and FLETCHER (James C.)		London	001961854		1879	http://www.flickr.com/photos/britishlibrary/11272383746	1	000321	11272383746	http://farm4.staticflickr.com/3665/11272383746_18368662ee_m.jpg	217	240	http://farm4.staticflickr.com/3665/11272383746_18368662ee.jpg	453	500	http://farm4.staticflickr.com/3665/11272383746_18368662ee_b.jpg	927	1024	http://farm4.staticflickr.com/3665/11272383746_62dfd60efd_o.jpg	1297	1433
0	Waterlow & Sons	Up the River from Westminster to Windsor and Oxford; a descriptive panorama of Thames Scenery			London	003606029		1879	http://www.flickr.com/photos/britishlibrary/11272382116	1	000138	11272382116	http://farm6.staticflickr.com/5510/11272382116_568be46f38_m.jpg	173	240	http://farm6.staticflickr.com/5510/11272382116_568be46f38.jpg	360	500	http://farm6.staticflickr.com/5510/11272382116_568be46f38_b.jpg	737	1024	http://farm6.staticflickr.com/5510/11272382116_38a8fa221d_o.jpg	1036	1440
01	American News Company	Round the world with General Grant. A narrative of the visit of General U. S. Grant ... to various countries ... in 1877, 1878, 1879. To which are added certain conversations with General Grant on questions connected with American politics and history ... With ... illustrations	YOUNG, John Russell.		New York	004002305		1879	http://www.flickr.com/photos/britishlibrary/11272454643	1	000040	11272454643	http://farm4.staticflickr.com/3789/11272454643_d8dd5d5948_m.jpg	144	240	http://farm4.staticflickr.com/3789/11272454643_d8dd5d5948.jpg	299	500	http://farm4.staticflickr.com/3789/11272454643_d8dd5d5948_b.jpg	613	1024	http://farm4.staticflickr.com/3789/11272454643_8619a780c6_o.jpg	1025	1711
0	Moses King	King's Handbook of Boston. Profusely illustrated. [With a map.]	KING, Moses.		Cambridge, Mass	001968594		1879	http://www.flickr.com/photos/britishlibrary/11272345975	1	000202	11272345975	http://farm6.staticflickr.com/5507/11272345975_659e0f996a_m.jpg	240	163	http://farm6.staticflickr.com/5507/11272345975_659e0f996a.jpg	500	340	http://farm6.staticflickr.com/5507/11272345975_659e0f996a_b.jpg	1024	696	http://farm6.staticflickr.com/5507/11272345975_96cf4c93e2_o.jpg	1386	942
0		A Yachtsman's Holidays; or, cruising in the West Highlands. By the “Governor.” [With illustrations.]			London	001477898		1879	http://www.flickr.com/photos/britishlibrary/11272405344	1	000107	11272405344	http://farm6.staticflickr.com/5495/11272405344_b48d9173e4_m.jpg	240	189	http://farm6.staticflickr.com/5495/11272405344_b48d9173e4.jpg	500	395	http://farm6.staticflickr.com/5495/11272405344_b48d9173e4_b.jpg	1024	808	http://farm6.staticflickr.com/5495/11272405344_023ef62278_o.jpg	1341	1058
0		Trois Voyages dans l'Afrique Occidentale ... Ouvrage contenant 24 gravures et une carte	MARCHE, Alfred.		Paris	002377164		1879	http://www.flickr.com/photos/britishlibrary/11272381146	2	000145	11272381146	http://farm8.staticflickr.com/7393/11272381146_5ba35a9207_m.jpg	240	227	http://farm8.staticflickr.com/7393/11272381146_5ba35a9207.jpg	500	473	http://farm8.staticflickr.com/7393/11272381146_5ba35a9207_b.jpg	1024	968	http://farm8.staticflickr.com/7393/11272381146_b609a0975d_o.jpg	1066	1008
01	American News Company	Round the world with General Grant. A narrative of the visit of General U. S. Grant ... to various countries ... in 1877, 1878, 1879. To which are added certain conversations with General Grant on questions connected with American politics and history ... With ... illustrations	YOUNG, John Russell.		New York	004002305		1879	http://www.flickr.com/photos/britishlibrary/11272405664	1	000678	11272405664	http://farm8.staticflickr.com/7348/11272405664_a399f1a288_m.jpg	169	240	http://farm8.staticflickr.com/7348/11272405664_a399f1a288.jpg	352	500	http://farm8.staticflickr.com/7348/11272405664_a399f1a288_b.jpg	721	1024	http://farm8.staticflickr.com/7348/11272405664_e796844745_o.jpg	941	1336
0	Everts & Ensign	History of Toga, Chemung, Tompkins, and Schuyler Counties, New York. With illustrations and biographical sketches of some of its prominent men and pioneers	PEIRCE, Henry B. and HURD (Duane Hamilton)		Philadelphia	002810116		1879	http://www.flickr.com/photos/britishlibrary/11272451413	2	000579	11272451413	http://farm8.staticflickr.com/7292/11272451413_1451c0ee18_m.jpg	240	169	http://farm8.staticflickr.com/7292/11272451413_1451c0ee18.jpg	500	351	http://farm8.staticflickr.com/7292/11272451413_1451c0ee18_b.jpg	1024	719	http://farm8.staticflickr.com/7292/11272451413_1575cdec41_o.jpg	1443	1013
01	American News Company	Round the world with General Grant. A narrative of the visit of General U. S. Grant ... to various countries ... in 1877, 1878, 1879. To which are added certain conversations with General Grant on questions connected with American politics and history ... With ... illustrations	YOUNG, John Russell.		New York	004002305		1879	http://www.flickr.com/photos/britishlibrary/11272449983	1	000092	11272449983	http://farm4.staticflickr.com/3776/11272449983_6484951dd3_m.jpg	167	240	http://farm4.staticflickr.com/3776/11272449983_6484951dd3.jpg	347	500	http://farm4.staticflickr.com/3776/11272449983_6484951dd3_b.jpg	711	1024	http://farm4.staticflickr.com/3776/11272449983_febbbb9997_o.jpg	1178	1697
0	Western Historical Co.	The History of Clinton County, Iowa ... Illustrated			Chicago	000726414		1879	http://www.flickr.com/photos/britishlibrary/11272450013	1	000475	11272450013	http://farm6.staticflickr.com/5519/11272450013_f7b8370009_m.jpg	240	207	http://farm6.staticflickr.com/5519/11272450013_f7b8370009.jpg	500	431	http://farm6.staticflickr.com/5519/11272450013_f7b8370009_b.jpg	1024	883	http://farm6.staticflickr.com/5519/11272450013_77c415a26c_o.jpg	1370	1181
0	John Murray	[The Student's Manual of Modern Geography. Mathematical, physical, and descriptive.]	BEVAN, William Latham.	lsidyv3ca2f2a9	London	000307737	ark:/81055/vdc_00000005C7F6	1879	http://www.flickr.com/photos/britishlibrary/11272341095	1	000324	11272341095	http://farm8.staticflickr.com/7427/11272341095_d7abdf72a2_m.jpg	185	240	http://farm8.staticflickr.com/7427/11272341095_d7abdf72a2.jpg	386	500	http://farm8.staticflickr.com/7427/11272341095_d7abdf72a2_b.jpg	791	1024	http://farm8.staticflickr.com/7427/11272341095_5e24f2fc33_o.jpg	946	1225
0		Les Rues du vieux Paris. Galerie populaire et pittoresque ... Ouvrage illustré de 165 gravures sur bois	FOURNEL, Victor.		Paris	001279089		1879	http://www.flickr.com/photos/britishlibrary/11272402424	1	000395	11272402424	http://farm4.staticflickr.com/3798/11272402424_75a6ccc1d1_m.jpg	240	221	http://farm4.staticflickr.com/3798/11272402424_75a6ccc1d1.jpg	500	461	http://farm4.staticflickr.com/3798/11272402424_75a6ccc1d1_b.jpg	1024	945	http://farm4.staticflickr.com/3798/11272402424_5e4af43e4f_o.jpg	1313	1212
0	Everts & Ensign	History of Toga, Chemung, Tompkins, and Schuyler Counties, New York. With illustrations and biographical sketches of some of its prominent men and pioneers	PEIRCE, Henry B. and HURD (Duane Hamilton)		Philadelphia	002810116		1879	http://www.flickr.com/photos/britishlibrary/11272339985	1	000393	11272339985	http://farm3.staticflickr.com/2854/11272339985_42cdddb7c1_m.jpg	240	191	http://farm3.staticflickr.com/2854/11272339985_42cdddb7c1.jpg	500	398	http://farm3.staticflickr.com/2854/11272339985_42cdddb7c1_b.jpg	1024	816	http://farm3.staticflickr.com/2854/11272339985_fd8eeee48a_o.jpg	1267	1010
0	J. A. & R. A. Reid	The Past and the Present. Narragansett sea and shore. An illustrated guide to Providence, Newport, Narragansett Pier, Block Island, Watch Hill, Rocky Point, Silver Spring, and all the famous sea-side resorts of Rhode Island, with a map of Narragansett Bay	DENISON, Frederic.		Providence	000908069		1879	http://www.flickr.com/photos/britishlibrary/11272376326	1	000053	11272376326	http://farm8.staticflickr.com/7433/11272376326_ee03858506_m.jpg	240	151	http://farm8.staticflickr.com/7433/11272376326_ee03858506.jpg	500	314	http://farm8.staticflickr.com/7433/11272376326_ee03858506_b.jpg	1024	644	http://farm8.staticflickr.com/7433/11272376326_4fda0ea61e_o.jpg	1487	935
02		[Traditions of Lancashire ... Illustrated ... Fourth edition.]	ROBY, John.		London and Edinburgh	003126958		1879	http://www.flickr.com/photos/britishlibrary/11272447213	1	000316	11272447213	http://farm6.staticflickr.com/5500/11272447213_ebf5f2780b_m.jpg	171	240	http://farm6.staticflickr.com/5500/11272447213_ebf5f2780b.jpg	356	500	http://farm6.staticflickr.com/5500/11272447213_ebf5f2780b_b.jpg	729	1024	http://farm6.staticflickr.com/5500/11272447213_dbc0d79f0c_o.jpg	870	1222
03		Paris à travers les siècles. Histoire nationale de Paris et des Parisiens depuis la fondation de Lutèce jusqu'à nos jours, etc	GOURDON DE GENOUILLAC, Nicolas Jules Henri.		Paris	001476975		1879	http://www.flickr.com/photos/britishlibrary/11272446113	1	000129	11272446113	http://farm8.staticflickr.com/7314/11272446113_7bfbbb22b9_m.jpg	240	158	http://farm8.staticflickr.com/7314/11272446113_7bfbbb22b9.jpg	500	330	http://farm8.staticflickr.com/7314/11272446113_7bfbbb22b9_b.jpg	1024	675	http://farm8.staticflickr.com/7314/11272446113_2e6b44d243_o.jpg	1630	1075
0	Lewis, Peck & Co.	History of Steuben County, New York, with illustrations and biographical sketches of some of its prominent men and pioneers	CLAYTON, W. Woodford.		Philadelphia	000719876		1879	http://www.flickr.com/photos/britishlibrary/11272338045	2	000228	11272338045	http://farm6.staticflickr.com/5511/11272338045_25180fa998_m.jpg	240	162	http://farm6.staticflickr.com/5511/11272338045_25180fa998.jpg	500	337	http://farm6.staticflickr.com/5511/11272338045_25180fa998_b.jpg	1024	690	http://farm6.staticflickr.com/5511/11272338045_3173e0b0e9_o.jpg	1265	853
0	Religious Tract Society	English Pictures drawn with pen and pencil	MANNING, Samuel LL.D. and GREEN (Samuel Gosnell)	lsidyv3c492c1d	London	002369135	ark:/81055/vdc_000000059460	1879	http://www.flickr.com/photos/britishlibrary/11272337005	1	000200	11272337005	http://farm6.staticflickr.com/5503/11272337005_b7fda28359_m.jpg	162	240	http://farm6.staticflickr.com/5503/11272337005_b7fda28359.jpg	337	500	http://farm6.staticflickr.com/5503/11272337005_b7fda28359_b.jpg	690	1024	http://farm6.staticflickr.com/5503/11272337005_264c870de7_o.jpg	1093	1622
01	D. Appleton & Co.	[Appleton's European Guide Book illustrated. Including England, Scotland, and Ireland, France, Belgium, Holland, Northern and Southern Germany, Switzerland, Italy, Spain and Portugal, Russia, Denmark, Norway, and Sweden. Containing ... maps, etc.]	APPLETON, Daniel AND CO	lsidyv3cbe7355	New York; Longmans & Co	000100280	ark:/81055/vdc_00000005D9DE	1879	http://www.flickr.com/photos/britishlibrary/11272372826	1	000515	11272372826	http://farm4.staticflickr.com/3677/11272372826_0e7ea57e5e_m.jpg	179	240	http://farm4.staticflickr.com/3677/11272372826_0e7ea57e5e.jpg	372	500	http://farm4.staticflickr.com/3677/11272372826_0e7ea57e5e_b.jpg	762	1024	http://farm4.staticflickr.com/3677/11272372826_62a0a5649a_o.jpg	917	1233
0	John Murray	[The Student's Manual of Modern Geography. Mathematical, physical, and descriptive.]	BEVAN, William Latham.	lsidyv3ca2f2a9	London	000307737	ark:/81055/vdc_00000005C7F6	1879	http://www.flickr.com/photos/britishlibrary/11272398324	1	000609	11272398324	http://farm4.staticflickr.com/3772/11272398324_e6a53cab69_m.jpg	167	240	http://farm4.staticflickr.com/3772/11272398324_e6a53cab69.jpg	348	500	http://farm4.staticflickr.com/3772/11272398324_e6a53cab69_b.jpg	712	1024	http://farm4.staticflickr.com/3772/11272398324_ec0128904a_o.jpg	852	1225
0	Griffith & Farran	revised	BOWDICH, afterwards LEE, Sarah.		London; E. P. Dutton & Co	000438289		1879	http://www.flickr.com/photos/britishlibrary/11272396444	1	000345	11272396444	http://farm4.staticflickr.com/3772/11272396444_a30ac26e99_m.jpg	240	161	http://farm4.staticflickr.com/3772/11272396444_a30ac26e99.jpg	500	335	http://farm4.staticflickr.com/3772/11272396444_a30ac26e99_b.jpg	1024	687	http://farm4.staticflickr.com/3772/11272396444_e4b0b17a72_o.jpg	1625	1090
03		Paris à travers les siècles. Histoire nationale de Paris et des Parisiens depuis la fondation de Lutèce jusqu'à nos jours, etc	GOURDON DE GENOUILLAC, Nicolas Jules Henri.		Paris	001476975		1879	http://www.flickr.com/photos/britishlibrary/11272371006	1	000305	11272371006	http://farm4.staticflickr.com/3743/11272371006_71f3bc0fbe_m.jpg	240	117	http://farm4.staticflickr.com/3743/11272371006_71f3bc0fbe.jpg	500	244	http://farm4.staticflickr.com/3743/11272371006_71f3bc0fbe_b.jpg	1024	499	http://farm4.staticflickr.com/3743/11272371006_8dc528ee23_o.jpg	2028	988
0	C. C. Chapman & Co.	History of Fulton County, together with sketches of its cities, villages and townships, ... and biographies ... History of Illinois ... Illustrated			Peoria	001341605		1879	http://www.flickr.com/photos/britishlibrary/11272396404	1	000771	11272396404	http://farm6.staticflickr.com/5482/11272396404_368a38c3f0_m.jpg	240	214	http://farm6.staticflickr.com/5482/11272396404_368a38c3f0.jpg	500	445	http://farm6.staticflickr.com/5482/11272396404_368a38c3f0_b.jpg	1024	912	http://farm6.staticflickr.com/5482/11272396404_5d103c37cb_o.jpg	1225	1091
0	Harper & Bros.	What Mr. Darwin saw in his Voyage round The World in the Ship “Beagle.” [Compiled and adapted from “Journal of Researches into the Geology and Natural History of the Various Countries visited by H.M.S. Beagle, etc.”]	Darwin, Charles	lsidyv3c8ea4b0	New York	000868098	ark:/81055/vdc_00000005BB84	1879	http://www.flickr.com/photos/britishlibrary/11272368536	1	000144	11272368536	http://farm3.staticflickr.com/2832/11272368536_506f711d18_m.jpg	171	240	http://farm3.staticflickr.com/2832/11272368536_506f711d18.jpg	356	500	http://farm3.staticflickr.com/2832/11272368536_506f711d18_b.jpg	729	1024	http://farm3.staticflickr.com/2832/11272368536_c258b3e54e_o.jpg	1005	1412
0	[Ward, Lock & Co.	[Charles O'Malley, the Irish Dragoon. Edited by Harry Lorrequer. [By C. J. L.]]	LEVER, Charles James.		London,] Perth [printed	002150760		1879	http://www.flickr.com/photos/britishlibrary/11272394294	1	000299	11272394294	http://farm4.staticflickr.com/3683/11272394294_dd49e36187_m.jpg	240	126	http://farm4.staticflickr.com/3683/11272394294_dd49e36187.jpg	500	262	http://farm4.staticflickr.com/3683/11272394294_dd49e36187_b.jpg	1024	537	http://farm4.staticflickr.com/3683/11272394294_53e172d3c9_o.jpg	1450	760
0	Everts & Ensign	History of Toga, Chemung, Tompkins, and Schuyler Counties, New York. With illustrations and biographical sketches of some of its prominent men and pioneers	PEIRCE, Henry B. and HURD (Duane Hamilton)		Philadelphia	002810116		1879	http://www.flickr.com/photos/britishlibrary/11272332995	1	000963	11272332995	http://farm6.staticflickr.com/5536/11272332995_b455343dc2_m.jpg	240	158	http://farm6.staticflickr.com/5536/11272332995_b455343dc2.jpg	500	330	http://farm6.staticflickr.com/5536/11272332995_b455343dc2_b.jpg	1024	675	http://farm6.staticflickr.com/5536/11272332995_8766ee972e_o.jpg	1433	945
01	Tinsley Brothers	Berlin under the New Empire, its institutions, inhabitants, industry ... With ... engravings, etc	VIZETELLY, Henry.		London	003807524		1879	http://www.flickr.com/photos/britishlibrary/11272331115	1	000400	11272331115	http://farm8.staticflickr.com/7328/11272331115_4849937012_m.jpg	240	211	http://farm8.staticflickr.com/7328/11272331115_4849937012.jpg	500	440	http://farm8.staticflickr.com/7328/11272331115_4849937012_b.jpg	1024	902	http://farm8.staticflickr.com/7328/11272331115_85c51f056e_o.jpg	1161	1023
06		[Histoire de la Révolution Française.]	Michelet, Jules		Paris	002483188		1879	http://www.flickr.com/photos/britishlibrary/11272392634	1	000002	11272392634	http://farm4.staticflickr.com/3665/11272392634_dacc4862f4_m.jpg	240	159	http://farm4.staticflickr.com/3665/11272392634_dacc4862f4.jpg	500	332	http://farm4.staticflickr.com/3665/11272392634_dacc4862f4_b.jpg	1024	679	http://farm4.staticflickr.com/3665/11272392634_159bf0b128_o.jpg	1282	850
0	Thacker, Spink & Co.	[Lays of Ind ... Third edition.]	CHEEM, Aliph pseud. [i.e. Walter Yeldham.]		Calcutta; [London printed]	000675133		1879	http://www.flickr.com/photos/britishlibrary/11272330875	1	000183	11272330875	http://farm6.staticflickr.com/5522/11272330875_809275536a_m.jpg	214	240	http://farm6.staticflickr.com/5522/11272330875_809275536a.jpg	446	500	http://farm6.staticflickr.com/5522/11272330875_809275536a_b.jpg	914	1024	http://farm6.staticflickr.com/5522/11272330875_321ed95821_o.jpg	1063	1191
02	American News Company	Round the world with General Grant. A narrative of the visit of General U. S. Grant ... to various countries ... in 1877, 1878, 1879. To which are added certain conversations with General Grant on questions connected with American politics and history ... With ... illustrations	YOUNG, John Russell.		New York	004002305		1879	http://www.flickr.com/photos/britishlibrary/11272329085	1	000130	11272329085	http://farm4.staticflickr.com/3832/11272329085_86424ee798_m.jpg	240	208	http://farm4.staticflickr.com/3832/11272329085_86424ee798.jpg	500	433	http://farm4.staticflickr.com/3832/11272329085_86424ee798_b.jpg	1024	886	http://farm4.staticflickr.com/3832/11272329085_4ecf942687_o.jpg	1400	1211
0	W. Le Baron, Jr., & Co.	The history of McLean County, Illinois, containing a history of the County [by C. P. Merriman], its cities, towns, etc. [by J. H. Burnham, H. H. Hill, and A. W. Kellogg]	HILL, H. H. Historian		Chicago	002326542		1879	http://www.flickr.com/photos/britishlibrary/11272365896	1	000209	11272365896	http://farm4.staticflickr.com/3770/11272365896_0e747f0a39_m.jpg	231	240	http://farm4.staticflickr.com/3770/11272365896_0e747f0a39.jpg	481	500	http://farm4.staticflickr.com/3770/11272365896_0e747f0a39_b.jpg	986	1024	http://farm4.staticflickr.com/3770/11272365896_68d4e73e93_o.jpg	1445	1500
0	Everts & Ensign	History of Toga, Chemung, Tompkins, and Schuyler Counties, New York. With illustrations and biographical sketches of some of its prominent men and pioneers	PEIRCE, Henry B. and HURD (Duane Hamilton)		Philadelphia	002810116		1879	http://www.flickr.com/photos/britishlibrary/11272436443	1	000479	11272436443	http://farm6.staticflickr.com/5498/11272436443_58f5c710ea_m.jpg	240	150	http://farm6.staticflickr.com/5498/11272436443_58f5c710ea.jpg	500	313	http://farm6.staticflickr.com/5498/11272436443_58f5c710ea_b.jpg	1024	642	http://farm6.staticflickr.com/5498/11272436443_05b0e5d436_o.jpg	1568	983
02	American News Company	Round the world with General Grant. A narrative of the visit of General U. S. Grant ... to various countries ... in 1877, 1878, 1879. To which are added certain conversations with General Grant on questions connected with American politics and history ... With ... illustrations	YOUNG, John Russell.		New York	004002305		1879	http://www.flickr.com/photos/britishlibrary/11272363956	1	000037	11272363956	http://farm3.staticflickr.com/2869/11272363956_21df17f15d_m.jpg	173	240	http://farm3.staticflickr.com/2869/11272363956_21df17f15d.jpg	360	500	http://farm3.staticflickr.com/2869/11272363956_21df17f15d_b.jpg	737	1024	http://farm3.staticflickr.com/2869/11272363956_8786c69c04_o.jpg	1217	1690
0		Saint-Pierre de Rome. Ouvrage illustré, etc	LORBAC, Charles de.		Rome	002259706		1879	http://www.flickr.com/photos/britishlibrary/11272364226	1	000097	11272364226	http://farm4.staticflickr.com/3726/11272364226_83d50e018f_m.jpg	240	212	http://farm4.staticflickr.com/3726/11272364226_83d50e018f.jpg	500	442	http://farm4.staticflickr.com/3726/11272364226_83d50e018f_b.jpg	1024	906	http://farm4.staticflickr.com/3726/11272364226_e279b3e350_o.jpg	1200	1062
0	Waterlow & Sons	Up the River from Westminster to Windsor and Oxford; a descriptive panorama of Thames Scenery			London	003606029		1879	http://www.flickr.com/photos/britishlibrary/11272326305	1	000042	11272326305	http://farm4.staticflickr.com/3830/11272326305_b4d9bf876a_m.jpg	149	240	http://farm4.staticflickr.com/3830/11272326305_b4d9bf876a.jpg	311	500	http://farm4.staticflickr.com/3830/11272326305_b4d9bf876a_b.jpg	637	1024	http://farm4.staticflickr.com/3830/11272326305_564ed5e514_o.jpg	815	1310
0		The Illustrated Guide to Sheffield and the surrounding district, etc	TAYLOR, John of Sheffield		Sheffield	003589731		1879	http://www.flickr.com/photos/britishlibrary/11272361476	1	000345	11272361476	http://farm3.staticflickr.com/2825/11272361476_87d2ee9cc5_m.jpg	183	240	http://farm3.staticflickr.com/2825/11272361476_87d2ee9cc5.jpg	381	500	http://farm3.staticflickr.com/2825/11272361476_87d2ee9cc5_b.jpg	780	1024	http://farm3.staticflickr.com/2825/11272361476_f85e228ec2_o.jpg	1078	1415
0	Moses King	King's Handbook of Boston. Profusely illustrated. [With a map.]	KING, Moses.		Cambridge, Mass	001968594		1879	http://www.flickr.com/photos/britishlibrary/11272434443	1	000125	11272434443	http://farm4.staticflickr.com/3769/11272434443_311f933253_m.jpg	176	240	http://farm4.staticflickr.com/3769/11272434443_311f933253.jpg	367	500	http://farm4.staticflickr.com/3769/11272434443_311f933253_b.jpg	751	1024	http://farm4.staticflickr.com/3769/11272434443_e08c933d16_o.jpg	882	1203
0	Seton and Mackenzie	History of the Burgh of Canongate, with notices of the Abbey and Palace of Holyrood	MACKAY, John of Edinburgh		Edinburgh	002320355		1879	http://www.flickr.com/photos/britishlibrary/11272433233	1	000008	11272433233	http://farm3.staticflickr.com/2861/11272433233_6ba35ddc99_m.jpg	240	214	http://farm3.staticflickr.com/2861/11272433233_6ba35ddc99.jpg	500	446	http://farm3.staticflickr.com/2861/11272433233_6ba35ddc99_b.jpg	1024	914	http://farm3.staticflickr.com/2861/11272433233_2d06a14958_o.jpg	1261	1125
0	Moses King	King's Handbook of Boston. Profusely illustrated. [With a map.]	KING, Moses.		Cambridge, Mass	001968594		1879	http://www.flickr.com/photos/britishlibrary/11272324205	1	000243	11272324205	http://farm6.staticflickr.com/5515/11272324205_bccc9ef632_m.jpg	214	240	http://farm6.staticflickr.com/5515/11272324205_bccc9ef632.jpg	445	500	http://farm6.staticflickr.com/5515/11272324205_bccc9ef632_b.jpg	912	1024	http://farm6.staticflickr.com/5515/11272324205_69bb9dcc2f_o.jpg	976	1096
0	John Murray	[The Student's Manual of Modern Geography. Mathematical, physical, and descriptive.]	BEVAN, William Latham.	lsidyv3ca2f2a9	London	000307737	ark:/81055/vdc_00000005C7F6	1879	http://www.flickr.com/photos/britishlibrary/11272385584	1	000502	11272385584	http://farm8.staticflickr.com/7391/11272385584_6bccdd828b_m.jpg	182	240	http://farm8.staticflickr.com/7391/11272385584_6bccdd828b.jpg	379	500	http://farm8.staticflickr.com/7391/11272385584_6bccdd828b_b.jpg	776	1024	http://farm8.staticflickr.com/7391/11272385584_03b737a590_o.jpg	928	1225
0	John Murray	[The Student's Manual of Modern Geography. Mathematical, physical, and descriptive.]	BEVAN, William Latham.	lsidyv3ca2f2a9	London	000307737	ark:/81055/vdc_00000005C7F6	1879	http://www.flickr.com/photos/britishlibrary/11272359106	1	000467	11272359106	http://farm3.staticflickr.com/2850/11272359106_b9b0a0ceca_m.jpg	176	240	http://farm3.staticflickr.com/2850/11272359106_b9b0a0ceca.jpg	366	500	http://farm3.staticflickr.com/2850/11272359106_b9b0a0ceca_b.jpg	749	1024	http://farm3.staticflickr.com/2850/11272359106_6514885b67_o.jpg	896	1225
0	Thacker, Spink & Co.	[Lays of Ind ... Third edition.]	CHEEM, Aliph pseud. [i.e. Walter Yeldham.]		Calcutta; [London printed]	000675133		1879	http://www.flickr.com/photos/britishlibrary/11272359196	1	000149	11272359196	http://farm4.staticflickr.com/3830/11272359196_bc5f08898b_m.jpg	160	240	http://farm4.staticflickr.com/3830/11272359196_bc5f08898b.jpg	333	500	http://farm4.staticflickr.com/3830/11272359196_bc5f08898b_b.jpg	682	1024	http://farm4.staticflickr.com/3830/11272359196_5bce159ab9_o.jpg	835	1253
0	Everts & Abbott	History of Hillsdale County, Michigan, with illustrations and biographical sketches of some of its prominent men, etc	Johnson, Crisfield.		Philadelphia	001884500		1879	http://www.flickr.com/photos/britishlibrary/11272384274	1	000123	11272384274	http://farm8.staticflickr.com/7411/11272384274_b47017b569_m.jpg	240	214	http://farm8.staticflickr.com/7411/11272384274_b47017b569.jpg	500	446	http://farm8.staticflickr.com/7411/11272384274_b47017b569_b.jpg	1024	914	http://farm8.staticflickr.com/7411/11272384274_f6b0455ac0_o.jpg	1381	1232
0		The Illustrated Guide to Sheffield and the surrounding district, etc	TAYLOR, John of Sheffield		Sheffield	003589731		1879	http://www.flickr.com/photos/britishlibrary/11272357346	1	000113	11272357346	http://farm6.staticflickr.com/5530/11272357346_7c41195f20_m.jpg	217	240	http://farm6.staticflickr.com/5530/11272357346_7c41195f20.jpg	452	500	http://farm6.staticflickr.com/5530/11272357346_7c41195f20_b.jpg	925	1024	http://farm6.staticflickr.com/5530/11272357346_1767133659_o.jpg	1278	1415
0		The Great Eastern Railway Company's Tourist-Guide to the Continent. ... With illustrations ... and a map	LINDLEY, Percy.	lsidyv3cad916f	London	002174468	ark:/81055/vdc_00000005CE44	1879	http://www.flickr.com/photos/britishlibrary/11272357076	1	000162	11272357076	http://farm4.staticflickr.com/3818/11272357076_f1e60d36de_m.jpg	209	240	http://farm4.staticflickr.com/3818/11272357076_f1e60d36de.jpg	435	500	http://farm4.staticflickr.com/3818/11272357076_f1e60d36de_b.jpg	890	1024	http://farm4.staticflickr.com/3818/11272357076_6e18308a5e_o.jpg	1047	1204
0	Everts & Ensign	History of Toga, Chemung, Tompkins, and Schuyler Counties, New York. With illustrations and biographical sketches of some of its prominent men and pioneers	PEIRCE, Henry B. and HURD (Duane Hamilton)		Philadelphia	002810116		1879	http://www.flickr.com/photos/britishlibrary/11272357046	1	001064	11272357046	http://farm4.staticflickr.com/3694/11272357046_e102ce5c79_m.jpg	240	193	http://farm4.staticflickr.com/3694/11272357046_e102ce5c79.jpg	500	401	http://farm4.staticflickr.com/3694/11272357046_e102ce5c79_b.jpg	1024	822	http://farm4.staticflickr.com/3694/11272357046_a40882bf9e_o.jpg	1252	1005
03		Old and New London, etc	Thornbury, Walter	lsidyv3c47ab1a	London	003628788	ark:/81055/vdc_000000059328	1879	http://www.flickr.com/photos/britishlibrary/11272355796	1	000165	11272355796	http://farm4.staticflickr.com/3771/11272355796_6bc1e03d75_m.jpg	240	200	http://farm4.staticflickr.com/3771/11272355796_6bc1e03d75.jpg	500	417	http://farm4.staticflickr.com/3771/11272355796_6bc1e03d75_b.jpg	1024	855	http://farm4.staticflickr.com/3771/11272355796_25d71b9276_o.jpg	1480	1236
01	American News Company	Round the world with General Grant. A narrative of the visit of General U. S. Grant ... to various countries ... in 1877, 1878, 1879. To which are added certain conversations with General Grant on questions connected with American politics and history ... With ... illustrations	YOUNG, John Russell.		New York	004002305		1879	http://www.flickr.com/photos/britishlibrary/11272427193	1	000561	11272427193	http://farm8.staticflickr.com/7452/11272427193_8dc2d07060_m.jpg	169	240	http://farm8.staticflickr.com/7452/11272427193_8dc2d07060.jpg	351	500	http://farm8.staticflickr.com/7452/11272427193_8dc2d07060_b.jpg	719	1024	http://farm8.staticflickr.com/7452/11272427193_a6a047892d_o.jpg	1218	1735
0	D. W. Ensign & Co.	History of Columbiana County, Ohio, with illustrations and biographical sketches of its prominent men and pioneers	MACK, Horace.		Philadelphia	002319445		1879	http://www.flickr.com/photos/britishlibrary/11272355256	1	000339	11272355256	http://farm3.staticflickr.com/2882/11272355256_f773a7c602_m.jpg	240	205	http://farm3.staticflickr.com/2882/11272355256_f773a7c602.jpg	500	426	http://farm3.staticflickr.com/2882/11272355256_f773a7c602_b.jpg	1024	873	http://farm3.staticflickr.com/2882/11272355256_d7a68900e2_o.jpg	1192	1016
01	Tinsley Brothers	Berlin under the New Empire, its institutions, inhabitants, industry ... With ... engravings, etc	VIZETELLY, Henry.		London	003807524		1879	http://www.flickr.com/photos/britishlibrary/11272380194	1	000113	11272380194	http://farm8.staticflickr.com/7310/11272380194_e2e925404f_m.jpg	240	216	http://farm8.staticflickr.com/7310/11272380194_e2e925404f.jpg	500	449	http://farm8.staticflickr.com/7310/11272380194_e2e925404f_b.jpg	1024	920	http://farm8.staticflickr.com/7310/11272380194_dfd30b3dd0_o.jpg	1188	1067
0	Western Historical Company	The history of Henry County, Iowa. ... Illustrated			Chicago	001653329		1879	http://www.flickr.com/photos/britishlibrary/11272424753	1	000085	11272424753	http://farm8.staticflickr.com/7399/11272424753_54def929f9_m.jpg	240	115	http://farm8.staticflickr.com/7399/11272424753_54def929f9.jpg	500	240	http://farm8.staticflickr.com/7399/11272424753_54def929f9_b.jpg	1024	491	http://farm8.staticflickr.com/7399/11272424753_f7c05e94e2_o.jpg	2127	1020
0	Wesleyan Conference Office	Rambles in Bible Lands	NEWTON, Richard D.D., Rector of St. Paul's Church, Philadelphia	lsidyv3ca35e3a	London	002646495	ark:/81055/vdc_00000005C826	1879	http://www.flickr.com/photos/britishlibrary/11272378774	1	000144	11272378774	http://farm3.staticflickr.com/2872/11272378774_5a8fc86461_m.jpg	184	240	http://farm3.staticflickr.com/2872/11272378774_5a8fc86461.jpg	384	500	http://farm3.staticflickr.com/2872/11272378774_5a8fc86461_b.jpg	787	1024	http://farm3.staticflickr.com/2872/11272378774_a306d25e16_o.jpg	1036	1348
01		Paris à travers les siècles. Histoire nationale de Paris et des Parisiens depuis la fondation de Lutèce jusqu'à nos jours, etc	GOURDON DE GENOUILLAC, Nicolas Jules Henri.		Paris	001476975		1879	http://www.flickr.com/photos/britishlibrary/11272424873	1	000595	11272424873	http://farm4.staticflickr.com/3744/11272424873_8bb200b7fc_m.jpg	182	240	http://farm4.staticflickr.com/3744/11272424873_8bb200b7fc.jpg	379	500	http://farm4.staticflickr.com/3744/11272424873_8bb200b7fc_b.jpg	776	1024	http://farm4.staticflickr.com/3744/11272424873_55965d1c5c_o.jpg	1263	1666
0	Everts & Ensign	History of Toga, Chemung, Tompkins, and Schuyler Counties, New York. With illustrations and biographical sketches of some of its prominent men and pioneers	PEIRCE, Henry B. and HURD (Duane Hamilton)		Philadelphia	002810116		1879	http://www.flickr.com/photos/britishlibrary/11272351066	1	000357	11272351066	http://farm4.staticflickr.com/3680/11272351066_dcd7878cbf_m.jpg	240	185	http://farm4.staticflickr.com/3680/11272351066_dcd7878cbf.jpg	500	385	http://farm4.staticflickr.com/3680/11272351066_dcd7878cbf_b.jpg	1024	788	http://farm4.staticflickr.com/3680/11272351066_2ea6b3b99c_o.jpg	1497	1152
0		Les Vieilles Villes de Suisse. Notes et souvenirs. Ouvrage illustré de 105 dessins à la plume par A. Robida reproduits en fac-simile	ROBIDA, Albert.		Paris	003121715		1879	http://www.flickr.com/photos/britishlibrary/11272350966	1	000311	11272350966	http://farm6.staticflickr.com/5544/11272350966_214a0a3aff_m.jpg	137	240	http://farm6.staticflickr.com/5544/11272350966_214a0a3aff.jpg	286	500	http://farm6.staticflickr.com/5544/11272350966_214a0a3aff_b.jpg	586	1024	http://farm6.staticflickr.com/5544/11272350966_5319fbf8d1_o.jpg	965	1686
0	Published by the Author	History of Grafton, Worcester County, Massachusetts ... Including the genealogies of seventy-nine of the older families	PEIRCE, Frederick Clifton.		Worcester [Mass.]	002810106		1879	http://www.flickr.com/photos/britishlibrary/11272314935	1	000534	11272314935	http://farm3.staticflickr.com/2882/11272314935_9221555c7a_m.jpg	194	240	http://farm3.staticflickr.com/2882/11272314935_9221555c7a.jpg	404	500	http://farm3.staticflickr.com/2882/11272314935_9221555c7a_b.jpg	827	1024	http://farm3.staticflickr.com/2882/11272314935_9ffa0a566f_o.jpg	1223	1515
0	Cassell, Petter, Galpin & Co.	Morocco: its people and places ... Translated by C. Rollin-Tilton. With ... illustrations	AMICIS, Edmondo de.	lsidyv3c6b00d2	London	000070870	ark:/81055/vdc_00000005AC0C	1879	http://www.flickr.com/photos/britishlibrary/11272422143	1	000391	11272422143	http://farm3.staticflickr.com/2840/11272422143_863cfc892b_m.jpg	115	240	http://farm3.staticflickr.com/2840/11272422143_863cfc892b.jpg	240	500	http://farm3.staticflickr.com/2840/11272422143_863cfc892b_b.jpg	492	1024	http://farm3.staticflickr.com/2840/11272422143_3911ceb49b_o.jpg	941	1957
0		Les Rues du vieux Paris. Galerie populaire et pittoresque ... Ouvrage illustré de 165 gravures sur bois	FOURNEL, Victor.		Paris	001279089		1879	http://www.flickr.com/photos/britishlibrary/11272312515	1	000083	11272312515	http://farm8.staticflickr.com/7432/11272312515_171d666261_m.jpg	240	184	http://farm8.staticflickr.com/7432/11272312515_171d666261.jpg	500	382	http://farm8.staticflickr.com/7432/11272312515_171d666261_b.jpg	1024	783	http://farm8.staticflickr.com/7432/11272312515_1135b276c7_o.jpg	1445	1105
0	Religious Tract Society	The Lands of Scripture: comprising “Those Holy Fields”; “The Land of the Pharaohs” [both by S. M.]; “Pictures from Bible Lands” (edited by S. G. Green. The illustrations by E. Whymper, etc.)	MANNING, Samuel LL.D		London	002369128		1879	http://www.flickr.com/photos/britishlibrary/11272414943	1	000377	11272414943	http://farm3.staticflickr.com/2881/11272414943_6a3b59e4ab_m.jpg	75	240	http://farm3.staticflickr.com/2881/11272414943_6a3b59e4ab.jpg	157	500	http://farm3.staticflickr.com/2881/11272414943_6a3b59e4ab_b.jpg	322	1024	http://farm3.staticflickr.com/2881/11272414943_8d0ce3c3a0_o.jpg	620	1973
0	W. Mullan & Son	A E I. Arabia, Egypt, India. A narrative of travel. With fifteen illustrations and two maps	Burton, Isabel Lady	lsidyv3c6913ea	London	000546853	ark:/81055/vdc_00000005AAB6	1879	http://www.flickr.com/photos/britishlibrary/11272311305	1	000538	11272311305	http://farm4.staticflickr.com/3694/11272311305_b531e12d97_m.jpg	240	205	http://farm4.staticflickr.com/3694/11272311305_b531e12d97.jpg	500	427	http://farm4.staticflickr.com/3694/11272311305_b531e12d97_b.jpg	1024	875	http://farm4.staticflickr.com/3694/11272311305_11b08b5846_o.jpg	1412	1206
0	Waterlow & Sons	Up the River from Westminster to Windsor and Oxford; a descriptive panorama of Thames Scenery			London	003606029		1879	http://www.flickr.com/photos/britishlibrary/11272418993	1	000104	11272418993	http://farm3.staticflickr.com/2846/11272418993_804cc489a4_m.jpg	205	240	http://farm3.staticflickr.com/2846/11272418993_804cc489a4.jpg	428	500	http://farm3.staticflickr.com/2846/11272418993_804cc489a4_b.jpg	876	1024	http://farm3.staticflickr.com/2846/11272418993_2907ac005b_o.jpg	1122	1311
0		[Brazil and the Brazilians ... in historical and descriptive sketches ... Engravings.]	KIDDER, Daniel Parish and FLETCHER (James C.)		London	001961854		1879	http://www.flickr.com/photos/britishlibrary/11272309725	1	000395	11272309725	http://farm4.staticflickr.com/3771/11272309725_1909989791_m.jpg	156	240	http://farm4.staticflickr.com/3771/11272309725_1909989791.jpg	325	500	http://farm4.staticflickr.com/3771/11272309725_1909989791_b.jpg	666	1024	http://farm4.staticflickr.com/3771/11272309725_a5137122f0_o.jpg	881	1355
01	American News Company	Round the world with General Grant. A narrative of the visit of General U. S. Grant ... to various countries ... in 1877, 1878, 1879. To which are added certain conversations with General Grant on questions connected with American politics and history ... With ... illustrations	YOUNG, John Russell.		New York	004002305		1879	http://www.flickr.com/photos/britishlibrary/11272417443	1	000192	11272417443	http://farm4.staticflickr.com/3770/11272417443_30ae2cf1b1_m.jpg	173	240	http://farm4.staticflickr.com/3770/11272417443_30ae2cf1b1.jpg	360	500	http://farm4.staticflickr.com/3770/11272417443_30ae2cf1b1_b.jpg	737	1024	http://farm4.staticflickr.com/3770/11272417443_cdd55d8e02_o.jpg	1227	1704
0	Lewis, Peck & Co.	History of Steuben County, New York, with illustrations and biographical sketches of some of its prominent men and pioneers	CLAYTON, W. Woodford.		Philadelphia	000719876		1879	http://www.flickr.com/photos/britishlibrary/11272307945	1	000781	11272307945	http://farm8.staticflickr.com/7350/11272307945_4b77b9c2a8_m.jpg	240	194	http://farm8.staticflickr.com/7350/11272307945_4b77b9c2a8.jpg	500	404	http://farm8.staticflickr.com/7350/11272307945_4b77b9c2a8_b.jpg	1024	828	http://farm8.staticflickr.com/7350/11272307945_fde372e696_o.jpg	1461	1181
0	Wesleyan Conference Office	Rambles in Bible Lands	NEWTON, Richard D.D., Rector of St. Paul's Church, Philadelphia	lsidyv3ca35e3a	London	002646495	ark:/81055/vdc_00000005C826	1879	http://www.flickr.com/photos/britishlibrary/11272307155	1	000149	11272307155	http://farm8.staticflickr.com/7389/11272307155_1eff4927a2_m.jpg	240	239	http://farm8.staticflickr.com/7389/11272307155_1eff4927a2.jpg	500	498	http://farm8.staticflickr.com/7389/11272307155_1eff4927a2_b.jpg	1024	1020	http://farm8.staticflickr.com/7389/11272307155_538895b427_o.jpg	1382	1376
02	Tinsley Brothers	Berlin under the New Empire, its institutions, inhabitants, industry ... With ... engravings, etc	VIZETELLY, Henry.		London	003807524		1879	http://www.flickr.com/photos/britishlibrary/11272342606	1	000144	11272342606	http://farm4.staticflickr.com/3782/11272342606_60a89b2305_m.jpg	240	160	http://farm4.staticflickr.com/3782/11272342606_60a89b2305.jpg	500	333	http://farm4.staticflickr.com/3782/11272342606_60a89b2305_b.jpg	1024	683	http://farm4.staticflickr.com/3782/11272342606_a1884c0a45_o.jpg	1672	1116
0	Everts & Ensign	History of Toga, Chemung, Tompkins, and Schuyler Counties, New York. With illustrations and biographical sketches of some of its prominent men and pioneers	PEIRCE, Henry B. and HURD (Duane Hamilton)		Philadelphia	002810116		1879	http://www.flickr.com/photos/britishlibrary/11272413193	1	000448	11272413193	http://farm8.staticflickr.com/7295/11272413193_ba55d77950_m.jpg	240	195	http://farm8.staticflickr.com/7295/11272413193_ba55d77950.jpg	500	407	http://farm8.staticflickr.com/7295/11272413193_ba55d77950_b.jpg	1024	834	http://farm8.staticflickr.com/7295/11272413193_390da40c29_o.jpg	1237	1007
0	Netherton & Worth	[Peeps into the Haunts and Homes of the Rural Population of Cornwall. Being reminiscences of Cornish character and characteristics, etc.]	TREGELLAS, John Tabois.	lsidyv3c0f7179	Truro	003669474	ark:/81055/vdc_00000005644E	1879	http://www.flickr.com/photos/britishlibrary/11272304995	1	000087	11272304995	http://farm3.staticflickr.com/2822/11272304995_88d613e6ec_m.jpg	240	155	http://farm3.staticflickr.com/2822/11272304995_88d613e6ec.jpg	500	323	http://farm3.staticflickr.com/2822/11272304995_88d613e6ec_b.jpg	1024	661	http://farm3.staticflickr.com/2822/11272304995_d79eca365f_o.jpg	1427	921
0		The Illustrated Guide to Sheffield and the surrounding district, etc	TAYLOR, John of Sheffield		Sheffield	003589731		1879	http://www.flickr.com/photos/britishlibrary/11272412873	1	000188	11272412873	http://farm6.staticflickr.com/5471/11272412873_600bc3fd1d_m.jpg	142	240	http://farm6.staticflickr.com/5471/11272412873_600bc3fd1d.jpg	295	500	http://farm6.staticflickr.com/5471/11272412873_600bc3fd1d_b.jpg	605	1024	http://farm6.staticflickr.com/5471/11272412873_5d4676081a_o.jpg	836	1415
01	American News Company	Round the world with General Grant. A narrative of the visit of General U. S. Grant ... to various countries ... in 1877, 1878, 1879. To which are added certain conversations with General Grant on questions connected with American politics and history ... With ... illustrations	YOUNG, John Russell.		New York	004002305		1879	http://www.flickr.com/photos/britishlibrary/11272365694	1	000123	11272365694	http://farm6.staticflickr.com/5550/11272365694_1724a80f81_m.jpg	240	188	http://farm6.staticflickr.com/5550/11272365694_1724a80f81.jpg	500	392	http://farm6.staticflickr.com/5550/11272365694_1724a80f81_b.jpg	1024	802	http://farm6.staticflickr.com/5550/11272365694_0d74a7795c_o.jpg	1192	933
03		Paris à travers les siècles. Histoire nationale de Paris et des Parisiens depuis la fondation de Lutèce jusqu'à nos jours, etc	GOURDON DE GENOUILLAC, Nicolas Jules Henri.		Paris	001476975		1879	http://www.flickr.com/photos/britishlibrary/11272338996	1	000093	11272338996	http://farm6.staticflickr.com/5516/11272338996_8a3f1c55be_m.jpg	167	240	http://farm6.staticflickr.com/5516/11272338996_8a3f1c55be.jpg	348	500	http://farm6.staticflickr.com/5516/11272338996_8a3f1c55be_b.jpg	713	1024	http://farm6.staticflickr.com/5516/11272338996_7207c000a6_o.jpg	1095	1572
0	Everts & Abbott	History of Hillsdale County, Michigan, with illustrations and biographical sketches of some of its prominent men, etc	Johnson, Crisfield.		Philadelphia	001884500		1879	http://www.flickr.com/photos/britishlibrary/11272303415	2	000118	11272303415	http://farm6.staticflickr.com/5541/11272303415_b56f8297f7_m.jpg	240	211	http://farm6.staticflickr.com/5541/11272303415_b56f8297f7.jpg	500	439	http://farm6.staticflickr.com/5541/11272303415_b56f8297f7_b.jpg	1024	900	http://farm6.staticflickr.com/5541/11272303415_454e9c980a_o.jpg	1377	1210
0	Jarrold & Sons	John Snow's Wife; and other temperance stories. By the Rev. C. Courtenay ... and other writers	COURTENAY, Charles.		London	000801566		1879	http://www.flickr.com/photos/britishlibrary/11272410013	1	000170	11272410013	http://farm8.staticflickr.com/7424/11272410013_f1fdd305ab_m.jpg	240	163	http://farm8.staticflickr.com/7424/11272410013_f1fdd305ab.jpg	500	339	http://farm8.staticflickr.com/7424/11272410013_f1fdd305ab_b.jpg	1024	694	http://farm8.staticflickr.com/7424/11272410013_4bc46fe6e4_o.jpg	1766	1197
0	Harper & Bros.	From Egypt to Palestine through Sinai, the Wilderness and the South Country. Observations of a journey made with special reference to the history of the Israelites ... With maps and illustrations	BARTLETT, Samuel Colcord.	lsidyv3c53baba	New York	000216339	ark:/81055/vdc_000000059CA0	1879	http://www.flickr.com/photos/britishlibrary/11272338026	1	000445	11272338026	http://farm8.staticflickr.com/7397/11272338026_a457067d91_m.jpg	143	240	http://farm8.staticflickr.com/7397/11272338026_a457067d91.jpg	298	500	http://farm8.staticflickr.com/7397/11272338026_a457067d91_b.jpg	610	1024	http://farm8.staticflickr.com/7397/11272338026_7a04235fac_o.jpg	875	1468
0	[Ward, Lock & Co.	[Charles O'Malley, the Irish Dragoon. Edited by Harry Lorrequer. [By C. J. L.]]	LEVER, Charles James.		London,] Perth [printed	002150760		1879	http://www.flickr.com/photos/britishlibrary/11272336906	1	000666	11272336906	http://farm8.staticflickr.com/7453/11272336906_f791e7f040_m.jpg	183	240	http://farm8.staticflickr.com/7453/11272336906_f791e7f040.jpg	382	500	http://farm8.staticflickr.com/7453/11272336906_f791e7f040_b.jpg	782	1024	http://farm8.staticflickr.com/7453/11272336906_a5ef16bda2_o.jpg	913	1196
01	Tinsley Brothers	Berlin under the New Empire, its institutions, inhabitants, industry ... With ... engravings, etc	VIZETELLY, Henry.		London	003807524		1879	http://www.flickr.com/photos/britishlibrary/11272300545	1	000207	11272300545	http://farm4.staticflickr.com/3720/11272300545_9b9f4a2a43_m.jpg	229	240	http://farm4.staticflickr.com/3720/11272300545_9b9f4a2a43.jpg	477	500	http://farm4.staticflickr.com/3720/11272300545_9b9f4a2a43_b.jpg	977	1024	http://farm4.staticflickr.com/3720/11272300545_37ca7d3f75_o.jpg	1332	1396
0	Harper & Bros.	What Mr. Darwin saw in his Voyage round The World in the Ship “Beagle.” [Compiled and adapted from “Journal of Researches into the Geology and Natural History of the Various Countries visited by H.M.S. Beagle, etc.”]	Darwin, Charles	lsidyv3c8ea4b0	New York	000868098	ark:/81055/vdc_00000005BB84	1879	http://www.flickr.com/photos/britishlibrary/11272299785	1	000166	11272299785	http://farm8.staticflickr.com/7327/11272299785_66666fa950_m.jpg	170	240	http://farm8.staticflickr.com/7327/11272299785_66666fa950.jpg	355	500	http://farm8.staticflickr.com/7327/11272299785_66666fa950_b.jpg	727	1024	http://farm8.staticflickr.com/7327/11272299785_dc4bd956bb_o.jpg	1101	1550
0	Religious Tract Society	The Lands of Scripture: comprising “Those Holy Fields”; “The Land of the Pharaohs” [both by S. M.]; “Pictures from Bible Lands” (edited by S. G. Green. The illustrations by E. Whymper, etc.)	MANNING, Samuel LL.D		London	002369128		1879	http://www.flickr.com/photos/britishlibrary/11272406943	1	000391	11272406943	http://farm8.staticflickr.com/7441/11272406943_085f160ee0_m.jpg	240	235	http://farm8.staticflickr.com/7441/11272406943_085f160ee0.jpg	500	490	http://farm8.staticflickr.com/7441/11272406943_085f160ee0_b.jpg	1024	1004	http://farm8.staticflickr.com/7441/11272406943_3396896734_o.jpg	1128	1106
02	American News Company	Round the world with General Grant. A narrative of the visit of General U. S. Grant ... to various countries ... in 1877, 1878, 1879. To which are added certain conversations with General Grant on questions connected with American politics and history ... With ... illustrations	YOUNG, John Russell.		New York	004002305		1879	http://www.flickr.com/photos/britishlibrary/11272361194	1	000108	11272361194	http://farm3.staticflickr.com/2811/11272361194_93d9024d20_m.jpg	179	240	http://farm3.staticflickr.com/2811/11272361194_93d9024d20.jpg	372	500	http://farm3.staticflickr.com/2811/11272361194_93d9024d20_b.jpg	762	1024	http://farm3.staticflickr.com/2811/11272361194_e5bf3e2c0d_o.jpg	1217	1635
0		Les Vieilles Villes de Suisse. Notes et souvenirs. Ouvrage illustré de 105 dessins à la plume par A. Robida reproduits en fac-simile	ROBIDA, Albert.		Paris	003121715		1879	http://www.flickr.com/photos/britishlibrary/11272359884	1	000051	11272359884	http://farm6.staticflickr.com/5514/11272359884_07b45e55de_m.jpg	240	123	http://farm6.staticflickr.com/5514/11272359884_07b45e55de.jpg	500	256	http://farm6.staticflickr.com/5514/11272359884_07b45e55de_b.jpg	1024	524	http://farm6.staticflickr.com/5514/11272359884_5e8f1bce12_o.jpg	1881	963
01	Tinsley Brothers	Berlin under the New Empire, its institutions, inhabitants, industry ... With ... engravings, etc	VIZETELLY, Henry.		London	003807524		1879	http://www.flickr.com/photos/britishlibrary/11272333606	1	000373	11272333606	http://farm4.staticflickr.com/3732/11272333606_547a9d9535_m.jpg	240	181	http://farm4.staticflickr.com/3732/11272333606_547a9d9535.jpg	500	377	http://farm4.staticflickr.com/3732/11272333606_547a9d9535_b.jpg	1024	772	http://farm4.staticflickr.com/3732/11272333606_3528dfc162_o.jpg	1241	935
0	Lewis, Peck & Co.	History of Steuben County, New York, with illustrations and biographical sketches of some of its prominent men and pioneers	CLAYTON, W. Woodford.		Philadelphia	000719876		1879	http://www.flickr.com/photos/britishlibrary/11272332856	1	000196	11272332856	http://farm6.staticflickr.com/5506/11272332856_300225d9b1_m.jpg	240	188	http://farm6.staticflickr.com/5506/11272332856_300225d9b1.jpg	500	391	http://farm6.staticflickr.com/5506/11272332856_300225d9b1_b.jpg	1024	801	http://farm6.staticflickr.com/5506/11272332856_6f0742e787_o.jpg	1626	1272
0	T. Lewis	Waltham, past and present, and its industries. With ... photographic illustrations	NELSON, Charles Alexander.		Cambridge [Mass.]	002618620		1879	http://www.flickr.com/photos/britishlibrary/11272404393	1	000141	11272404393	http://farm3.staticflickr.com/2888/11272404393_76807dde3e_m.jpg	176	240	http://farm3.staticflickr.com/2888/11272404393_76807dde3e.jpg	367	500	http://farm3.staticflickr.com/2888/11272404393_76807dde3e_b.jpg	752	1024	http://farm3.staticflickr.com/2888/11272404393_6b03bc3319_o.jpg	981	1335
0	Western Historical Company	The History of Des Moines County, Iowa, containing a history of the county ... a biographical directory of citizens ... portraits of early settlers and prominent men ... history of Iowa, map of Des Moines County ... Illustrated			Chicago	000916004		1879	http://www.flickr.com/photos/britishlibrary/11272404283	2	000015	11272404283	http://farm6.staticflickr.com/5488/11272404283_f05dc771f7_m.jpg	240	240	http://farm6.staticflickr.com/5488/11272404283_f05dc771f7.jpg	499	500	http://farm6.staticflickr.com/5488/11272404283_f05dc771f7_b.jpg	1022	1024	http://farm6.staticflickr.com/5488/11272404283_2c427378f6_o.jpg	1210	1212
0	Western Historical Company	The history of Jefferson County ... Illustrated			Chicago	001859185		1879	http://www.flickr.com/photos/britishlibrary/11272331486	1	000083	11272331486	http://farm3.staticflickr.com/2883/11272331486_3ea01a9b1d_m.jpg	167	240	http://farm3.staticflickr.com/2883/11272331486_3ea01a9b1d.jpg	347	500	http://farm3.staticflickr.com/2883/11272331486_3ea01a9b1d_b.jpg	711	1024	http://farm3.staticflickr.com/2883/11272331486_7fae63ec3b_o.jpg	1113	1602
02		Memorials of the Civil War between King Charles I. and the Parliament of England as it affected Herefordshire and the adjacent counties ... Edited and completed by ... T. W. Webb ... with an appendix of documents. [With illustrations.]	WEBB, John Rector of Tretyre, Herefordshire		London	003870802		1879	http://www.flickr.com/photos/britishlibrary/11272402693	1	000139	11272402693	http://farm4.staticflickr.com/3692/11272402693_29717219ea_m.jpg	217	240	http://farm4.staticflickr.com/3692/11272402693_29717219ea.jpg	451	500	http://farm4.staticflickr.com/3692/11272402693_29717219ea_b.jpg	924	1024	http://farm4.staticflickr.com/3692/11272402693_862349c4b8_o.jpg	1293	1433
0	Everts & Abbott	History of Hillsdale County, Michigan, with illustrations and biographical sketches of some of its prominent men, etc	Johnson, Crisfield.		Philadelphia	001884500		1879	http://www.flickr.com/photos/britishlibrary/11272330246	3	000342	11272330246	http://farm3.staticflickr.com/2878/11272330246_f7f69f47c3_m.jpg	240	195	http://farm3.staticflickr.com/2878/11272330246_f7f69f47c3.jpg	500	406	http://farm3.staticflickr.com/2878/11272330246_f7f69f47c3_b.jpg	1024	832	http://farm3.staticflickr.com/2878/11272330246_672db166c3_o.jpg	1170	951
0	Murray Williamson & Phelps	The History of Adams County, Illinois ... Illustrated			Chicago	000014468		1879	http://www.flickr.com/photos/britishlibrary/11272401803	1	000175	11272401803	http://farm4.staticflickr.com/3698/11272401803_ee8d51ea57_m.jpg	173	240	http://farm4.staticflickr.com/3698/11272401803_ee8d51ea57.jpg	361	500	http://farm4.staticflickr.com/3698/11272401803_ee8d51ea57_b.jpg	740	1024	http://farm4.staticflickr.com/3698/11272401803_ccb51d65f2_o.jpg	1130	1563
0		Les Rues du vieux Paris. Galerie populaire et pittoresque ... Ouvrage illustré de 165 gravures sur bois	FOURNEL, Victor.		Paris	001279089		1879	http://www.flickr.com/photos/britishlibrary/11272293285	1	000483	11272293285	http://farm4.staticflickr.com/3808/11272293285_2c7703ec13_m.jpg	219	240	http://farm4.staticflickr.com/3808/11272293285_2c7703ec13.jpg	457	500	http://farm4.staticflickr.com/3808/11272293285_2c7703ec13_b.jpg	936	1024	http://farm4.staticflickr.com/3808/11272293285_db9ccc02db_o.jpg	997	1091
02		Paris à travers les siècles. Histoire nationale de Paris et des Parisiens depuis la fondation de Lutèce jusqu'à nos jours, etc	GOURDON DE GENOUILLAC, Nicolas Jules Henri.		Paris	001476975		1879	http://www.flickr.com/photos/britishlibrary/11272290695	2	000495	11272290695	http://farm4.staticflickr.com/3766/11272290695_a903d85d52_m.jpg	240	216	http://farm4.staticflickr.com/3766/11272290695_a903d85d52.jpg	500	450	http://farm4.staticflickr.com/3766/11272290695_a903d85d52_b.jpg	1024	922	http://farm4.staticflickr.com/3766/11272290695_44083449a6_o.jpg	1183	1065
02	American News Company	Round the world with General Grant. A narrative of the visit of General U. S. Grant ... to various countries ... in 1877, 1878, 1879. To which are added certain conversations with General Grant on questions connected with American politics and history ... With ... illustrations	YOUNG, John Russell.		New York	004002305		1879	http://www.flickr.com/photos/britishlibrary/11272291755	1	000516	11272291755	http://farm8.staticflickr.com/7383/11272291755_2319e91b53_m.jpg	176	240	http://farm8.staticflickr.com/7383/11272291755_2319e91b53.jpg	366	500	http://farm8.staticflickr.com/7383/11272291755_2319e91b53_b.jpg	749	1024	http://farm8.staticflickr.com/7383/11272291755_67ea9f0b90_o.jpg	1221	1670
0	Everts & Abbott	History of Hillsdale County, Michigan, with illustrations and biographical sketches of some of its prominent men, etc	Johnson, Crisfield.		Philadelphia	001884500		1879	http://www.flickr.com/photos/britishlibrary/11272327706	1	000202	11272327706	http://farm6.staticflickr.com/5529/11272327706_1cdf9ac13d_m.jpg	240	186	http://farm6.staticflickr.com/5529/11272327706_1cdf9ac13d.jpg	500	388	http://farm6.staticflickr.com/5529/11272327706_1cdf9ac13d_b.jpg	1024	795	http://farm6.staticflickr.com/5529/11272327706_3991e3f881_o.jpg	1233	957
02		A magyar nemzet története. I. kötet írta Bodon J. és Dr. Szalay J. (II.-IV.) kötet, írta Dr. Szalay J.) [With portraits.]	BODON, József and SZALAY (József)		Budapest	000389221		1879	http://www.flickr.com/photos/britishlibrary/11272352354	1	000223	11272352354	http://farm8.staticflickr.com/7427/11272352354_27110d9561_m.jpg	240	228	http://farm8.staticflickr.com/7427/11272352354_27110d9561.jpg	500	475	http://farm8.staticflickr.com/7427/11272352354_27110d9561_b.jpg	1024	972	http://farm8.staticflickr.com/7427/11272352354_67ebbca8ef_o.jpg	1508	1432
01	Tinsley Brothers	Berlin under the New Empire, its institutions, inhabitants, industry ... With ... engravings, etc	VIZETELLY, Henry.		London	003807524		1879	http://www.flickr.com/photos/britishlibrary/11272325706	1	000045	11272325706	http://farm8.staticflickr.com/7450/11272325706_b6738e3b95_m.jpg	189	240	http://farm8.staticflickr.com/7450/11272325706_b6738e3b95.jpg	395	500	http://farm8.staticflickr.com/7450/11272325706_b6738e3b95_b.jpg	808	1024	http://farm8.staticflickr.com/7450/11272325706_e3e2d2ea2a_o.jpg	1121	1421
0	Harper & Bros.	What Mr. Darwin saw in his Voyage round The World in the Ship “Beagle.” [Compiled and adapted from “Journal of Researches into the Geology and Natural History of the Various Countries visited by H.M.S. Beagle, etc.”]	Darwin, Charles	lsidyv3c8ea4b0	New York	000868098	ark:/81055/vdc_00000005BB84	1879	http://www.flickr.com/photos/britishlibrary/11272396443	1	000162	11272396443	http://farm8.staticflickr.com/7355/11272396443_577576777f_m.jpg	170	240	http://farm8.staticflickr.com/7355/11272396443_577576777f.jpg	355	500	http://farm8.staticflickr.com/7355/11272396443_577576777f_b.jpg	727	1024	http://farm8.staticflickr.com/7355/11272396443_2255588081_o.jpg	1013	1426
0	N. D. Thompson & Co.	A Pictorial History of Texas, from the earliest visits of European adventurers to A.D. 1879 ... Third edition, ... revised	THRALL, Homer S.		St. Louis, Mo	003632148		1879	http://www.flickr.com/photos/britishlibrary/11272397043	1	000099	11272397043	http://farm4.staticflickr.com/3730/11272397043_6ce6e8a2d8_m.jpg	169	240	http://farm4.staticflickr.com/3730/11272397043_6ce6e8a2d8.jpg	352	500	http://farm4.staticflickr.com/3730/11272397043_6ce6e8a2d8_b.jpg	721	1024	http://farm4.staticflickr.com/3730/11272397043_ff3f10950c_o.jpg	975	1385
0	Western Historical Company	The History of Des Moines County, Iowa, containing a history of the county ... a biographical directory of citizens ... portraits of early settlers and prominent men ... history of Iowa, map of Des Moines County ... Illustrated			Chicago	000916004		1879	http://www.flickr.com/photos/britishlibrary/11272288485	1	000057	11272288485	http://farm6.staticflickr.com/5538/11272288485_55c0a585e1_m.jpg	109	240	http://farm6.staticflickr.com/5538/11272288485_55c0a585e1.jpg	228	500	http://farm6.staticflickr.com/5538/11272288485_55c0a585e1_b.jpg	466	1024	http://farm6.staticflickr.com/5538/11272288485_89e539c6ff_o.jpg	747	1643
0	Everts & Abbott	History of Hillsdale County, Michigan, with illustrations and biographical sketches of some of its prominent men, etc	Johnson, Crisfield.		Philadelphia	001884500		1879	http://www.flickr.com/photos/britishlibrary/11272322186	1	000223	11272322186	http://farm3.staticflickr.com/2814/11272322186_806c0d27b9_m.jpg	240	201	http://farm3.staticflickr.com/2814/11272322186_806c0d27b9.jpg	500	418	http://farm3.staticflickr.com/2814/11272322186_806c0d27b9_b.jpg	1024	856	http://farm3.staticflickr.com/2814/11272322186_7fc2b60190_o.jpg	1191	996
0	C. R. Barns	Switzler's Illustrated History of Missouri, from 1541 to 1877, etc. [Edited by C. R. Barns. From the larger work edited by him, entitled: “The Commonwealth of Missouri.”]	BARNS, Chancy R.		Saint Louis	000206134		1879	http://www.flickr.com/photos/britishlibrary/11272287145	1	000169	11272287145	http://farm4.staticflickr.com/3718/11272287145_b49f8d9d52_m.jpg	240	205	http://farm4.staticflickr.com/3718/11272287145_b49f8d9d52.jpg	500	427	http://farm4.staticflickr.com/3718/11272287145_b49f8d9d52_b.jpg	1024	875	http://farm4.staticflickr.com/3718/11272287145_d957398fd3_o.jpg	1440	1231
0	[Ward, Lock & Co.	[Charles O'Malley, the Irish Dragoon. Edited by Harry Lorrequer. [By C. J. L.]]	LEVER, Charles James.		London,] Perth [printed	002150760		1879	http://www.flickr.com/photos/britishlibrary/11272394083	1	000254	11272394083	http://farm3.staticflickr.com/2880/11272394083_f8b207c00a_m.jpg	240	178	http://farm3.staticflickr.com/2880/11272394083_f8b207c00a.jpg	500	370	http://farm3.staticflickr.com/2880/11272394083_f8b207c00a_b.jpg	1024	758	http://farm3.staticflickr.com/2880/11272394083_a4faa31681_o.jpg	1392	1030
01	Tinsley Brothers	Berlin under the New Empire, its institutions, inhabitants, industry ... With ... engravings, etc	VIZETELLY, Henry.		London	003807524		1879	http://www.flickr.com/photos/britishlibrary/11272285695	1	000277	11272285695	http://farm6.staticflickr.com/5525/11272285695_d9a95d20f6_m.jpg	210	240	http://farm6.staticflickr.com/5525/11272285695_d9a95d20f6.jpg	437	500	http://farm6.staticflickr.com/5525/11272285695_d9a95d20f6_b.jpg	895	1024	http://farm6.staticflickr.com/5525/11272285695_422bb1df83_o.jpg	1079	1235
02	Tinsley Brothers	Berlin under the New Empire, its institutions, inhabitants, industry ... With ... engravings, etc	VIZETELLY, Henry.		London	003807524		1879	http://www.flickr.com/photos/britishlibrary/11272393133	1	000268	11272393133	http://farm3.staticflickr.com/2888/11272393133_65b1139fd8_m.jpg	240	220	http://farm3.staticflickr.com/2888/11272393133_65b1139fd8.jpg	500	458	http://farm3.staticflickr.com/2888/11272393133_65b1139fd8_b.jpg	1024	937	http://farm3.staticflickr.com/2888/11272393133_b92769479d_o.jpg	1143	1046
02	American News Company	Round the world with General Grant. A narrative of the visit of General U. S. Grant ... to various countries ... in 1877, 1878, 1879. To which are added certain conversations with General Grant on questions connected with American politics and history ... With ... illustrations	YOUNG, John Russell.		New York	004002305		1879	http://www.flickr.com/photos/britishlibrary/11272347124	1	000644	11272347124	http://farm3.staticflickr.com/2820/11272347124_c0a740e346_m.jpg	240	175	http://farm3.staticflickr.com/2820/11272347124_c0a740e346.jpg	500	365	http://farm3.staticflickr.com/2820/11272347124_c0a740e346_b.jpg	1024	747	http://farm3.staticflickr.com/2820/11272347124_788dca7aee_o.jpg	1655	1208
0		Nouveau Guide complet du Parisien et de l'Étranger. Paris-Exact	PILLE, L. and FERRIER (A.)		Paris	002917540		1879	http://www.flickr.com/photos/britishlibrary/11272392883	1	000181	11272392883	http://farm8.staticflickr.com/7337/11272392883_cbcdd66918_m.jpg	145	240	http://farm8.staticflickr.com/7337/11272392883_cbcdd66918.jpg	301	500	http://farm8.staticflickr.com/7337/11272392883_cbcdd66918_b.jpg	617	1024	http://farm8.staticflickr.com/7337/11272392883_cfa2708a38_o.jpg	875	1452
01		Paris à travers les siècles. Histoire nationale de Paris et des Parisiens depuis la fondation de Lutèce jusqu'à nos jours, etc	GOURDON DE GENOUILLAC, Nicolas Jules Henri.		Paris	001476975		1879	http://www.flickr.com/photos/britishlibrary/11272282695	1	000235	11272282695	http://farm8.staticflickr.com/7308/11272282695_998f254614_m.jpg	240	158	http://farm8.staticflickr.com/7308/11272282695_998f254614.jpg	500	328	http://farm8.staticflickr.com/7308/11272282695_998f254614_b.jpg	1024	672	http://farm8.staticflickr.com/7308/11272282695_1435ca6d32_o.jpg	1746	1145
0		The Wild Man at Home: or, pictures of life in savage lands ... With woodcuts ... and coloured illustrations	GREENWOOD, James Novelist	lsidyv2af6fa2f	London, Edinburgh	001503444	ark:/81055/vdc_0000000519A2	1879	http://www.flickr.com/photos/britishlibrary/11272345214	1	000294	11272345214	http://farm3.staticflickr.com/2838/11272345214_33928841e2_m.jpg	199	240	http://farm3.staticflickr.com/2838/11272345214_33928841e2.jpg	415	500	http://farm3.staticflickr.com/2838/11272345214_33928841e2_b.jpg	850	1024	http://farm3.staticflickr.com/2838/11272345214_f3817b2ea1_o.jpg	1105	1331
02	L. H. Everts	History of the Connecticut Valley in Massachusetts (by N. B. Sylvester), with illustrations and biographical sketches of some of its prominent men and pioneers [by other authors]	SYLVESTER, Nathaniel Bartlett.		Philadelphia	003562080		1879	http://www.flickr.com/photos/britishlibrary/11272318536	1	000546	11272318536	http://farm4.staticflickr.com/3796/11272318536_97667b7b82_m.jpg	240	230	http://farm4.staticflickr.com/3796/11272318536_97667b7b82.jpg	500	479	http://farm4.staticflickr.com/3796/11272318536_97667b7b82_b.jpg	1024	982	http://farm4.staticflickr.com/3796/11272318536_20b505b08a_o.jpg	1326	1271
02	American News Company	Round the world with General Grant. A narrative of the visit of General U. S. Grant ... to various countries ... in 1877, 1878, 1879. To which are added certain conversations with General Grant on questions connected with American politics and history ... With ... illustrations	YOUNG, John Russell.		New York	004002305		1879	http://www.flickr.com/photos/britishlibrary/11272317926	1	000218	11272317926	http://farm4.staticflickr.com/3808/11272317926_3d6f0be72c_m.jpg	152	240	http://farm4.staticflickr.com/3808/11272317926_3d6f0be72c.jpg	316	500	http://farm4.staticflickr.com/3808/11272317926_3d6f0be72c_b.jpg	648	1024	http://farm4.staticflickr.com/3808/11272317926_f88630aa63_o.jpg	1068	1688
02	D. Appleton & Co.	[Appleton's European Guide Book illustrated. Including England, Scotland, and Ireland, France, Belgium, Holland, Northern and Southern Germany, Switzerland, Italy, Spain and Portugal, Russia, Denmark, Norway, and Sweden. Containing ... maps, etc.]	APPLETON, Daniel AND CO	lsidyv3cbe7355	New York; Longmans & Co	000100280	ark:/81055/vdc_00000005D9DE	1879	http://www.flickr.com/photos/britishlibrary/11272389123	1	000652	11272389123	http://farm4.staticflickr.com/3718/11272389123_ea3b53e4c4_m.jpg	158	240	http://farm4.staticflickr.com/3718/11272389123_ea3b53e4c4.jpg	330	500	http://farm4.staticflickr.com/3718/11272389123_ea3b53e4c4_b.jpg	676	1024	http://farm4.staticflickr.com/3718/11272389123_82aeabfd7e_o.jpg	848	1284
0	Everts & Ensign	History of Toga, Chemung, Tompkins, and Schuyler Counties, New York. With illustrations and biographical sketches of some of its prominent men and pioneers	PEIRCE, Henry B. and HURD (Duane Hamilton)		Philadelphia	002810116		1879	http://www.flickr.com/photos/britishlibrary/11272316796	1	000368	11272316796	http://farm3.staticflickr.com/2821/11272316796_6d71f7207b_m.jpg	240	151	http://farm3.staticflickr.com/2821/11272316796_6d71f7207b.jpg	500	315	http://farm3.staticflickr.com/2821/11272316796_6d71f7207b_b.jpg	1024	645	http://farm3.staticflickr.com/2821/11272316796_d101279959_o.jpg	1758	1107
0	N. D. Thompson & Co.	A Pictorial History of Texas, from the earliest visits of European adventurers to A.D. 1879 ... Third edition, ... revised	THRALL, Homer S.		St. Louis, Mo	003632148		1879	http://www.flickr.com/photos/britishlibrary/11272279485	1	000859	11272279485	http://farm4.staticflickr.com/3793/11272279485_20b16cdcd6_m.jpg	165	240	http://farm4.staticflickr.com/3793/11272279485_20b16cdcd6.jpg	343	500	http://farm4.staticflickr.com/3793/11272279485_20b16cdcd6_b.jpg	702	1024	http://farm4.staticflickr.com/3793/11272279485_d06aebc62b_o.jpg	973	1420
01	D. Appleton & Co.	[Appleton's European Guide Book illustrated. Including England, Scotland, and Ireland, France, Belgium, Holland, Northern and Southern Germany, Switzerland, Italy, Spain and Portugal, Russia, Denmark, Norway, and Sweden. Containing ... maps, etc.]	APPLETON, Daniel AND CO	lsidyv3cbe7355	New York; Longmans & Co	000100280	ark:/81055/vdc_00000005D9DE	1879	http://www.flickr.com/photos/britishlibrary/11272315996	1	000477	11272315996	http://farm6.staticflickr.com/5499/11272315996_503bcac319_m.jpg	240	187	http://farm6.staticflickr.com/5499/11272315996_503bcac319.jpg	500	390	http://farm6.staticflickr.com/5499/11272315996_503bcac319_b.jpg	1024	799	http://farm6.staticflickr.com/5499/11272315996_6d2483480e_o.jpg	1331	1038
01	American News Company	Round the world with General Grant. A narrative of the visit of General U. S. Grant ... to various countries ... in 1877, 1878, 1879. To which are added certain conversations with General Grant on questions connected with American politics and history ... With ... illustrations	YOUNG, John Russell.		New York	004002305		1879	http://www.flickr.com/photos/britishlibrary/11272340794	1	000370	11272340794	http://farm8.staticflickr.com/7338/11272340794_6c3a147090_m.jpg	150	240	http://farm8.staticflickr.com/7338/11272340794_6c3a147090.jpg	312	500	http://farm8.staticflickr.com/7338/11272340794_6c3a147090_b.jpg	638	1024	http://farm8.staticflickr.com/7338/11272340794_9d8198a66e_o.jpg	1048	1682
0		Materialien für den Unterricht in der Geographie nach der constructiven Methode	WENZ, Gustav Geographer		München	003889554		1879	http://www.flickr.com/photos/britishlibrary/11272340544	1	000116	11272340544	http://farm3.staticflickr.com/2827/11272340544_a5e1edfa8b_m.jpg	240	226	http://farm3.staticflickr.com/2827/11272340544_a5e1edfa8b.jpg	500	471	http://farm3.staticflickr.com/2827/11272340544_a5e1edfa8b_b.jpg	1024	964	http://farm3.staticflickr.com/2827/11272340544_2f15085360_o.jpg	1457	1372
01	American News Company	Round the world with General Grant. A narrative of the visit of General U. S. Grant ... to various countries ... in 1877, 1878, 1879. To which are added certain conversations with General Grant on questions connected with American politics and history ... With ... illustrations	YOUNG, John Russell.		New York	004002305		1879	http://www.flickr.com/photos/britishlibrary/11272339514	1	000500	11272339514	http://farm3.staticflickr.com/2827/11272339514_631c878053_m.jpg	173	240	http://farm3.staticflickr.com/2827/11272339514_631c878053.jpg	360	500	http://farm3.staticflickr.com/2827/11272339514_631c878053_b.jpg	737	1024	http://farm3.staticflickr.com/2827/11272339514_963419c75e_o.jpg	1236	1718
0	Moses King	King's Handbook of Boston. Profusely illustrated. [With a map.]	KING, Moses.		Cambridge, Mass	001968594		1879	http://www.flickr.com/photos/britishlibrary/11272313696	1	000197	11272313696	http://farm4.staticflickr.com/3689/11272313696_6eb309a3f3_m.jpg	240	168	http://farm4.staticflickr.com/3689/11272313696_6eb309a3f3.jpg	500	350	http://farm4.staticflickr.com/3689/11272313696_6eb309a3f3_b.jpg	1024	717	http://farm4.staticflickr.com/3689/11272313696_09c8df669f_o.jpg	1330	931
02	D. Appleton & Co.	[Appleton's European Guide Book illustrated. Including England, Scotland, and Ireland, France, Belgium, Holland, Northern and Southern Germany, Switzerland, Italy, Spain and Portugal, Russia, Denmark, Norway, and Sweden. Containing ... maps, etc.]	APPLETON, Daniel AND CO	lsidyv3cbe7355	New York; Longmans & Co	000100280	ark:/81055/vdc_00000005D9DE	1879	http://www.flickr.com/photos/britishlibrary/11272339094	1	000678	11272339094	http://farm8.staticflickr.com/7363/11272339094_711271bd34_m.jpg	154	240	http://farm8.staticflickr.com/7363/11272339094_711271bd34.jpg	320	500	http://farm8.staticflickr.com/7363/11272339094_711271bd34_b.jpg	656	1024	http://farm8.staticflickr.com/7363/11272339094_a16e1289bf_o.jpg	822	1284
0	Wesleyan Conference Office	Rambles in Bible Lands	NEWTON, Richard D.D., Rector of St. Paul's Church, Philadelphia	lsidyv3ca35e3a	London	002646495	ark:/81055/vdc_00000005C826	1879	http://www.flickr.com/photos/britishlibrary/11272383773	1	000088	11272383773	http://farm6.staticflickr.com/5483/11272383773_c7c64cf8f5_m.jpg	240	192	http://farm6.staticflickr.com/5483/11272383773_c7c64cf8f5.jpg	500	401	http://farm6.staticflickr.com/5483/11272383773_c7c64cf8f5_b.jpg	1024	821	http://farm6.staticflickr.com/5483/11272383773_724eec42cc_o.jpg	1485	1191
0	Religious Tract Society	English Pictures drawn with pen and pencil	MANNING, Samuel LL.D. and GREEN (Samuel Gosnell)	lsidyv3c492c1d	London	002369135	ark:/81055/vdc_000000059460	1879	http://www.flickr.com/photos/britishlibrary/11272337534	1	000136	11272337534	http://farm4.staticflickr.com/3748/11272337534_0b38e66769_m.jpg	139	240	http://farm4.staticflickr.com/3748/11272337534_0b38e66769.jpg	291	500	http://farm4.staticflickr.com/3748/11272337534_0b38e66769_b.jpg	595	1024	http://farm4.staticflickr.com/3748/11272337534_f9a669cf2b_o.jpg	1088	1871
0	John Murray	[The Student's Manual of Modern Geography. Mathematical, physical, and descriptive.]	BEVAN, William Latham.	lsidyv3ca2f2a9	London	000307737	ark:/81055/vdc_00000005C7F6	1879	http://www.flickr.com/photos/britishlibrary/11272383063	1	000436	11272383063	http://farm4.staticflickr.com/3674/11272383063_58d30235c8_m.jpg	240	200	http://farm4.staticflickr.com/3674/11272383063_58d30235c8.jpg	500	417	http://farm4.staticflickr.com/3674/11272383063_58d30235c8_b.jpg	1024	853	http://farm4.staticflickr.com/3674/11272383063_1c368c9752_o.jpg	1470	1225
02	D. Appleton & Co.	[Appleton's European Guide Book illustrated. Including England, Scotland, and Ireland, France, Belgium, Holland, Northern and Southern Germany, Switzerland, Italy, Spain and Portugal, Russia, Denmark, Norway, and Sweden. Containing ... maps, etc.]	APPLETON, Daniel AND CO	lsidyv3cbe7355	New York; Longmans & Co	000100280	ark:/81055/vdc_00000005D9DE	1879	http://www.flickr.com/photos/britishlibrary/11272273375	1	000021	11272273375	http://farm6.staticflickr.com/5541/11272273375_90b09fe493_m.jpg	192	240	http://farm6.staticflickr.com/5541/11272273375_90b09fe493.jpg	401	500	http://farm6.staticflickr.com/5541/11272273375_90b09fe493_b.jpg	821	1024	http://farm6.staticflickr.com/5541/11272273375_9ef3489060_o.jpg	1030	1284
0	Published by the Author	History of Grafton, Worcester County, Massachusetts ... Including the genealogies of seventy-nine of the older families	PEIRCE, Frederick Clifton.		Worcester [Mass.]	002810106		1879	http://www.flickr.com/photos/britishlibrary/11272381823	1	000376	11272381823	http://farm3.staticflickr.com/2874/11272381823_361bb52ece_m.jpg	175	240	http://farm3.staticflickr.com/2874/11272381823_361bb52ece.jpg	364	500	http://farm3.staticflickr.com/2874/11272381823_361bb52ece_b.jpg	746	1024	http://farm3.staticflickr.com/2874/11272381823_0f6ce7e194_o.jpg	1103	1515
0		[Viaje á la Patagonia austral emprendido bajo los auspicios del Gobierno Nacional 1876-1877. tom. 1.]	MORENO, Francisco Josué Pascasio.		Buenos Aires	002546655		1879	http://www.flickr.com/photos/britishlibrary/11272380873	1	000167	11272380873	http://farm3.staticflickr.com/2823/11272380873_8c089c1c52_m.jpg	184	240	http://farm3.staticflickr.com/2823/11272380873_8c089c1c52.jpg	384	500	http://farm3.staticflickr.com/2823/11272380873_8c089c1c52_b.jpg	786	1024	http://farm3.staticflickr.com/2823/11272380873_76085bf7eb_o.jpg	1141	1487
01	Tinsley Brothers	Berlin under the New Empire, its institutions, inhabitants, industry ... With ... engravings, etc	VIZETELLY, Henry.		London	003807524		1879	http://www.flickr.com/photos/britishlibrary/11272380443	1	000089	11272380443	http://farm4.staticflickr.com/3680/11272380443_fe77092352_m.jpg	136	240	http://farm4.staticflickr.com/3680/11272380443_fe77092352.jpg	284	500	http://farm4.staticflickr.com/3680/11272380443_fe77092352_b.jpg	582	1024	http://farm4.staticflickr.com/3680/11272380443_ef2f571d1f_o.jpg	807	1421
0	C. C. Chapman & Co.	History of Fulton County, together with sketches of its cities, villages and townships, ... and biographies ... History of Illinois ... Illustrated			Peoria	001341605		1879	http://www.flickr.com/photos/britishlibrary/11272380343	2	000165	11272380343	http://farm6.staticflickr.com/5488/11272380343_3ef965f91f_m.jpg	196	240	http://farm6.staticflickr.com/5488/11272380343_3ef965f91f.jpg	409	500	http://farm6.staticflickr.com/5488/11272380343_3ef965f91f_b.jpg	837	1024	http://farm6.staticflickr.com/5488/11272380343_224b6d8a8b_o.jpg	1223	1496
01	American News Company	Round the world with General Grant. A narrative of the visit of General U. S. Grant ... to various countries ... in 1877, 1878, 1879. To which are added certain conversations with General Grant on questions connected with American politics and history ... With ... illustrations	YOUNG, John Russell.		New York	004002305		1879	http://www.flickr.com/photos/britishlibrary/11272269975	1	000181	11272269975	http://farm8.staticflickr.com/7301/11272269975_9f46826ae0_m.jpg	174	240	http://farm8.staticflickr.com/7301/11272269975_9f46826ae0.jpg	362	500	http://farm8.staticflickr.com/7301/11272269975_9f46826ae0_b.jpg	741	1024	http://farm8.staticflickr.com/7301/11272269975_72d926d151_o.jpg	1225	1692
0		[Brazil and the Brazilians ... in historical and descriptive sketches ... Engravings.]	KIDDER, Daniel Parish and FLETCHER (James C.)		London	001961854		1879	http://www.flickr.com/photos/britishlibrary/11272307626	1	000328	11272307626	http://farm4.staticflickr.com/3701/11272307626_bd68df1f70_m.jpg	218	240	http://farm4.staticflickr.com/3701/11272307626_bd68df1f70.jpg	455	500	http://farm4.staticflickr.com/3701/11272307626_bd68df1f70_b.jpg	931	1024	http://farm4.staticflickr.com/3701/11272307626_0534d2cdf3_o.jpg	1282	1410
02	D. Appleton & Co.	[Appleton's European Guide Book illustrated. Including England, Scotland, and Ireland, France, Belgium, Holland, Northern and Southern Germany, Switzerland, Italy, Spain and Portugal, Russia, Denmark, Norway, and Sweden. Containing ... maps, etc.]	APPLETON, Daniel AND CO	lsidyv3cbe7355	New York; Longmans & Co	000100280	ark:/81055/vdc_00000005D9DE	1879	http://www.flickr.com/photos/britishlibrary/11272307396	1	000613	11272307396	http://farm4.staticflickr.com/3665/11272307396_88e20051f8_m.jpg	134	240	http://farm4.staticflickr.com/3665/11272307396_88e20051f8.jpg	280	500	http://farm4.staticflickr.com/3665/11272307396_88e20051f8_b.jpg	573	1024	http://farm4.staticflickr.com/3665/11272307396_956362731d_o.jpg	718	1284
0	Edward Stanford	Life in Asiatic Turkey. A journal of travel in Cilicia-Pedias and Trachœa-Isauria, and parts of Lycaonia and Cappadocia ... Map and illustrations, from original drawings by the author and Mr. Ancketill	DAVIS, Edwin John M.A		London	000878911		1879	http://www.flickr.com/photos/britishlibrary/11272268115	1	000388	11272268115	http://farm3.staticflickr.com/2845/11272268115_28bd6438a9_m.jpg	240	155	http://farm3.staticflickr.com/2845/11272268115_28bd6438a9.jpg	500	323	http://farm3.staticflickr.com/2845/11272268115_28bd6438a9_b.jpg	1024	662	http://farm3.staticflickr.com/2845/11272268115_6cf48ae5ae_o.jpg	1407	910
0	Cassell, Petter, Galpin & Co.	Morocco: its people and places ... Translated by C. Rollin-Tilton. With ... illustrations	AMICIS, Edmondo de.	lsidyv3c6b00d2	London	000070870	ark:/81055/vdc_00000005AC0C	1879	http://www.flickr.com/photos/britishlibrary/11272330864	1	000177	11272330864	http://farm6.staticflickr.com/5514/11272330864_d0910a2b13_m.jpg	240	73	http://farm6.staticflickr.com/5514/11272330864_d0910a2b13.jpg	500	151	http://farm6.staticflickr.com/5514/11272330864_d0910a2b13_b.jpg	1024	310	http://farm6.staticflickr.com/5514/11272330864_73322ae0e4_o.jpg	2292	693
0	Everts & Ensign	History of Toga, Chemung, Tompkins, and Schuyler Counties, New York. With illustrations and biographical sketches of some of its prominent men and pioneers	PEIRCE, Henry B. and HURD (Duane Hamilton)		Philadelphia	002810116		1879	http://www.flickr.com/photos/britishlibrary/11272267535	1	000809	11272267535	http://farm4.staticflickr.com/3719/11272267535_f77486ae82_m.jpg	240	236	http://farm4.staticflickr.com/3719/11272267535_f77486ae82.jpg	500	491	http://farm4.staticflickr.com/3719/11272267535_f77486ae82_b.jpg	1024	1006	http://farm4.staticflickr.com/3719/11272267535_23c19b1d3e_o.jpg	1043	1025
0		The Illustrated Guide to Sheffield and the surrounding district, etc	TAYLOR, John of Sheffield		Sheffield	003589731		1879	http://www.flickr.com/photos/britishlibrary/11272329564	1	000540	11272329564	http://farm4.staticflickr.com/3736/11272329564_021772e70e_m.jpg	181	240	http://farm4.staticflickr.com/3736/11272329564_021772e70e.jpg	376	500	http://farm4.staticflickr.com/3736/11272329564_021772e70e_b.jpg	771	1024	http://farm4.staticflickr.com/3736/11272329564_b289cce35e_o.jpg	1066	1415
01		Paris à travers les siècles. Histoire nationale de Paris et des Parisiens depuis la fondation de Lutèce jusqu'à nos jours, etc	GOURDON DE GENOUILLAC, Nicolas Jules Henri.		Paris	001476975		1879	http://www.flickr.com/photos/britishlibrary/11272303606	1	000913	11272303606	http://farm6.staticflickr.com/5484/11272303606_98a16c50e8_m.jpg	120	240	http://farm6.staticflickr.com/5484/11272303606_98a16c50e8.jpg	249	500	http://farm6.staticflickr.com/5484/11272303606_98a16c50e8_b.jpg	510	1024	http://farm6.staticflickr.com/5484/11272303606_83361731ee_o.jpg	987	1982
02		The Australian abroad. Branches from the Main Routes round the World. [Reprinted from the Melbourne “Argus.” With illustrations.] 2 series	HINGSTON, James.	lsidyv3cbf9abe	London	001689101	ark:/81055/vdc_00000005DA7A	1879	http://www.flickr.com/photos/britishlibrary/11272375453	1	000375	11272375453	http://farm8.staticflickr.com/7346/11272375453_6a84eafea5_m.jpg	240	190	http://farm8.staticflickr.com/7346/11272375453_6a84eafea5.jpg	500	396	http://farm8.staticflickr.com/7346/11272375453_6a84eafea5_b.jpg	1024	812	http://farm8.staticflickr.com/7346/11272375453_efe4763afd_o.jpg	1398	1108
0		A Brief Description of the Hamlet of Heigham, Norwich ... Compiled ... by E. Delves. [With plates.]	DELVES, Edward.		Norwich	000903610		1879	http://www.flickr.com/photos/britishlibrary/11272373963	1	000039	11272373963	http://farm3.staticflickr.com/2876/11272373963_156bbf192a_m.jpg	240	146	http://farm3.staticflickr.com/2876/11272373963_156bbf192a.jpg	500	304	http://farm3.staticflickr.com/2876/11272373963_156bbf192a_b.jpg	1024	622	http://farm3.staticflickr.com/2876/11272373963_305358470a_o.jpg	1555	945
0		[Brazil and the Brazilians ... in historical and descriptive sketches ... Engravings.]	KIDDER, Daniel Parish and FLETCHER (James C.)		London	001961854		1879	http://www.flickr.com/photos/britishlibrary/11272264865	1	000194	11272264865	http://farm4.staticflickr.com/3688/11272264865_20de235df2_m.jpg	240	146	http://farm4.staticflickr.com/3688/11272264865_20de235df2.jpg	500	305	http://farm4.staticflickr.com/3688/11272264865_20de235df2_b.jpg	1024	624	http://farm4.staticflickr.com/3688/11272264865_a1acd648fc_o.jpg	1331	811
0		Die amerikanische Nordpol-Expedition ... Mit zahlreichen Illustrationen in Holzschnitt, etc	BESSELS, Emil.		Leipzig	000303634		1879	http://www.flickr.com/photos/britishlibrary/11272327134	1	000237	11272327134	http://farm4.staticflickr.com/3779/11272327134_11fc1f0517_m.jpg	240	191	http://farm4.staticflickr.com/3779/11272327134_11fc1f0517.jpg	500	397	http://farm4.staticflickr.com/3779/11272327134_11fc1f0517_b.jpg	1024	813	http://farm4.staticflickr.com/3779/11272327134_8ef869dac0_o.jpg	1628	1292
0		Les Vieilles Villes de Suisse. Notes et souvenirs. Ouvrage illustré de 105 dessins à la plume par A. Robida reproduits en fac-simile	ROBIDA, Albert.		Paris	003121715		1879	http://www.flickr.com/photos/britishlibrary/11272326254	1	000117	11272326254	http://farm4.staticflickr.com/3814/11272326254_b9e58a4c02_m.jpg	240	102	http://farm4.staticflickr.com/3814/11272326254_b9e58a4c02.jpg	500	213	http://farm4.staticflickr.com/3814/11272326254_b9e58a4c02_b.jpg	1024	437	http://farm4.staticflickr.com/3814/11272326254_03a0fddb85_o.jpg	1825	778
0		Up the Amazon and Madeira Rivers, through Bolivia and Peru	MATHEWS, Edward Davis.		London	002421157		1879	http://www.flickr.com/photos/britishlibrary/11272372193	1	000380	11272372193	http://farm4.staticflickr.com/3750/11272372193_02e454b68e_m.jpg	228	240	http://farm4.staticflickr.com/3750/11272372193_02e454b68e.jpg	474	500	http://farm4.staticflickr.com/3750/11272372193_02e454b68e_b.jpg	971	1024	http://farm4.staticflickr.com/3750/11272372193_4b137609ee_o.jpg	1163	1227
01	Tinsley Brothers	Berlin under the New Empire, its institutions, inhabitants, industry ... With ... engravings, etc	VIZETELLY, Henry.		London	003807524		1879	http://www.flickr.com/photos/britishlibrary/11272299606	1	000141	11272299606	http://farm8.staticflickr.com/7457/11272299606_96e4186bfc_m.jpg	240	208	http://farm8.staticflickr.com/7457/11272299606_96e4186bfc.jpg	500	434	http://farm8.staticflickr.com/7457/11272299606_96e4186bfc_b.jpg	1024	888	http://farm8.staticflickr.com/7457/11272299606_c8156c25de_o.jpg	1176	1020
0		The Wild Man at Home: or, pictures of life in savage lands ... With woodcuts ... and coloured illustrations	GREENWOOD, James Novelist	lsidyv2af6fa2f	London, Edinburgh	001503444	ark:/81055/vdc_0000000519A2	1879	http://www.flickr.com/photos/britishlibrary/11272371063	1	000251	11272371063	http://farm8.staticflickr.com/7355/11272371063_97f40fd085_m.jpg	197	240	http://farm8.staticflickr.com/7355/11272371063_97f40fd085.jpg	411	500	http://farm8.staticflickr.com/7355/11272371063_97f40fd085_b.jpg	842	1024	http://farm8.staticflickr.com/7355/11272371063_632f4febe4_o.jpg	1137	1383
02	John Wiley & Sons	The Middle Kingdom; a survey of the geography, government, education, social life, arts, religion, &c. of the Chinese Empire and its inhabitants. With a new map of the Empire	WILLIAMS, Samuel Wells.		New York	003936389		1879	http://www.flickr.com/photos/britishlibrary/11272324064	1	000045	11272324064	http://farm4.staticflickr.com/3743/11272324064_732d02647d_m.jpg	171	240	http://farm4.staticflickr.com/3743/11272324064_732d02647d.jpg	355	500	http://farm4.staticflickr.com/3743/11272324064_732d02647d_b.jpg	728	1024	http://farm4.staticflickr.com/3743/11272324064_98869c3586_o.jpg	927	1304
0	N. D. Thompson & Co.	A Pictorial History of Texas, from the earliest visits of European adventurers to A.D. 1879 ... Third edition, ... revised	THRALL, Homer S.		St. Louis, Mo	003632148		1879	http://www.flickr.com/photos/britishlibrary/11272260875	1	000829	11272260875	http://farm8.staticflickr.com/7312/11272260875_5bcbe1d926_m.jpg	189	240	http://farm8.staticflickr.com/7312/11272260875_5bcbe1d926.jpg	393	500	http://farm8.staticflickr.com/7312/11272260875_5bcbe1d926_b.jpg	805	1024	http://farm8.staticflickr.com/7312/11272260875_2b5856b739_o.jpg	991	1260
0	John Murray	[The Student's Manual of Modern Geography. Mathematical, physical, and descriptive.]	BEVAN, William Latham.	lsidyv3ca2f2a9	London	000307737	ark:/81055/vdc_00000005C7F6	1879	http://www.flickr.com/photos/britishlibrary/11272369813	1	000397	11272369813	http://farm3.staticflickr.com/2840/11272369813_2d636b8f2a_m.jpg	240	178	http://farm3.staticflickr.com/2840/11272369813_2d636b8f2a.jpg	500	371	http://farm3.staticflickr.com/2840/11272369813_2d636b8f2a_b.jpg	1024	759	http://farm3.staticflickr.com/2840/11272369813_084fc13473_o.jpg	1653	1225
0	Lewis, Peck & Co.	History of Steuben County, New York, with illustrations and biographical sketches of some of its prominent men and pioneers	CLAYTON, W. Woodford.		Philadelphia	000719876		1879	http://www.flickr.com/photos/britishlibrary/11272321774	1	000644	11272321774	http://farm6.staticflickr.com/5510/11272321774_0b61c95b90_m.jpg	240	170	http://farm6.staticflickr.com/5510/11272321774_0b61c95b90.jpg	500	355	http://farm6.staticflickr.com/5510/11272321774_0b61c95b90_b.jpg	1024	727	http://farm6.staticflickr.com/5510/11272321774_6d97f57481_o.jpg	1465	1040
0	C. C. Chapman & Co.	History of Fulton County, together with sketches of its cities, villages and townships, ... and biographies ... History of Illinois ... Illustrated			Peoria	001341605		1879	http://www.flickr.com/photos/britishlibrary/11272366463	1	000225	11272366463	http://farm3.staticflickr.com/2888/11272366463_c37a0513de_m.jpg	240	220	http://farm3.staticflickr.com/2888/11272366463_c37a0513de.jpg	500	458	http://farm3.staticflickr.com/2888/11272366463_c37a0513de_b.jpg	1024	938	http://farm3.staticflickr.com/2888/11272366463_9e02062693_o.jpg	1540	1410
0	John Murray	[The Student's Manual of Modern Geography. Mathematical, physical, and descriptive.]	BEVAN, William Latham.	lsidyv3ca2f2a9	London	000307737	ark:/81055/vdc_00000005C7F6	1879	http://www.flickr.com/photos/britishlibrary/11272259425	1	000360	11272259425	http://farm6.staticflickr.com/5501/11272259425_1bbe4dd9e7_m.jpg	182	240	http://farm6.staticflickr.com/5501/11272259425_1bbe4dd9e7.jpg	380	500	http://farm6.staticflickr.com/5501/11272259425_1bbe4dd9e7_b.jpg	778	1024	http://farm6.staticflickr.com/5501/11272259425_fbbde5b886_o.jpg	931	1225
02	American News Company	Round the world with General Grant. A narrative of the visit of General U. S. Grant ... to various countries ... in 1877, 1878, 1879. To which are added certain conversations with General Grant on questions connected with American politics and history ... With ... illustrations	YOUNG, John Russell.		New York	004002305		1879	http://www.flickr.com/photos/britishlibrary/11272320674	1	000392	11272320674	http://farm6.staticflickr.com/5499/11272320674_c1d917e483_m.jpg	173	240	http://farm6.staticflickr.com/5499/11272320674_c1d917e483.jpg	359	500	http://farm6.staticflickr.com/5499/11272320674_c1d917e483_b.jpg	736	1024	http://farm6.staticflickr.com/5499/11272320674_06ebb7c72d_o.jpg	1180	1641
01		Knaresborough Castle Yard. (The Microcosm: and, Malcolm, a holiday-walk. A few occasional pieces.) [In verse.]			London, Bristol [printed]	001987484		1879	http://www.flickr.com/photos/britishlibrary/11272320144	1	000089	11272320144	http://farm3.staticflickr.com/2877/11272320144_3c84b0a896_m.jpg	240	203	http://farm3.staticflickr.com/2877/11272320144_3c84b0a896.jpg	500	422	http://farm3.staticflickr.com/2877/11272320144_3c84b0a896_b.jpg	1024	865	http://farm3.staticflickr.com/2877/11272320144_127ede0791_o.jpg	1322	1117
0	Everts & Ensign	History of Toga, Chemung, Tompkins, and Schuyler Counties, New York. With illustrations and biographical sketches of some of its prominent men and pioneers	PEIRCE, Henry B. and HURD (Duane Hamilton)		Philadelphia	002810116		1879	http://www.flickr.com/photos/britishlibrary/11272293096	1	000523	11272293096	http://farm4.staticflickr.com/3825/11272293096_ccec6f8090_m.jpg	240	159	http://farm4.staticflickr.com/3825/11272293096_ccec6f8090.jpg	500	331	http://farm4.staticflickr.com/3825/11272293096_ccec6f8090_b.jpg	1024	677	http://farm4.staticflickr.com/3825/11272293096_c930e02b63_o.jpg	1520	1005
02	American News Company	Round the world with General Grant. A narrative of the visit of General U. S. Grant ... to various countries ... in 1877, 1878, 1879. To which are added certain conversations with General Grant on questions connected with American politics and history ... With ... illustrations	YOUNG, John Russell.		New York	004002305		1879	http://www.flickr.com/photos/britishlibrary/11272292386	1	000327	11272292386	http://farm8.staticflickr.com/7430/11272292386_966e1f0357_m.jpg	169	240	http://farm8.staticflickr.com/7430/11272292386_966e1f0357.jpg	351	500	http://farm8.staticflickr.com/7430/11272292386_966e1f0357_b.jpg	719	1024	http://farm8.staticflickr.com/7430/11272292386_0e7dde9d89_o.jpg	1137	1620
01	American News Company	Round the world with General Grant. A narrative of the visit of General U. S. Grant ... to various countries ... in 1877, 1878, 1879. To which are added certain conversations with General Grant on questions connected with American politics and history ... With ... illustrations	YOUNG, John Russell.		New York	004002305		1879	http://www.flickr.com/photos/britishlibrary/11272318454	1	000643	11272318454	http://farm8.staticflickr.com/7330/11272318454_a9ac4bffdf_m.jpg	174	240	http://farm8.staticflickr.com/7330/11272318454_a9ac4bffdf.jpg	362	500	http://farm8.staticflickr.com/7330/11272318454_a9ac4bffdf_b.jpg	741	1024	http://farm8.staticflickr.com/7330/11272318454_0038a78ef7_o.jpg	1245	1720
0		The Illustrated Guide to Sheffield and the surrounding district, etc	TAYLOR, John of Sheffield		Sheffield	003589731		1879	http://www.flickr.com/photos/britishlibrary/11272291436	1	000189	11272291436	http://farm4.staticflickr.com/3807/11272291436_be4ed98b7f_m.jpg	212	240	http://farm4.staticflickr.com/3807/11272291436_be4ed98b7f.jpg	441	500	http://farm4.staticflickr.com/3807/11272291436_be4ed98b7f_b.jpg	903	1024	http://farm4.staticflickr.com/3807/11272291436_c99d5e8321_o.jpg	1248	1415
0	W. H. Luke	Illustrated Handbook to Plymouth, Stonehouse & Devonport, with a new map ... New and enlarged edition	WRIGHT, William Henry Kearley.		Plymouth	003985100		1879	http://www.flickr.com/photos/britishlibrary/11272317114	1	000121	11272317114	http://farm4.staticflickr.com/3795/11272317114_844d88aaa5_m.jpg	240	175	http://farm4.staticflickr.com/3795/11272317114_844d88aaa5.jpg	500	364	http://farm4.staticflickr.com/3795/11272317114_844d88aaa5_b.jpg	1024	745	http://farm4.staticflickr.com/3795/11272317114_8cb3cf172a_o.jpg	1287	936
0	Seton and Mackenzie	History of the Burgh of Canongate, with notices of the Abbey and Palace of Holyrood	MACKAY, John of Edinburgh		Edinburgh	002320355		1879	http://www.flickr.com/photos/britishlibrary/11272362353	1	000151	11272362353	http://farm8.staticflickr.com/7398/11272362353_de674a5f27_m.jpg	227	240	http://farm8.staticflickr.com/7398/11272362353_de674a5f27.jpg	473	500	http://farm8.staticflickr.com/7398/11272362353_de674a5f27_b.jpg	968	1024	http://farm8.staticflickr.com/7398/11272362353_7024f73ef9_o.jpg	1102	1166
0		Materialien für den Unterricht in der Geographie nach der constructiven Methode	WENZ, Gustav Geographer		München	003889554		1879	http://www.flickr.com/photos/britishlibrary/11272361973	1	000193	11272361973	http://farm6.staticflickr.com/5548/11272361973_bc7b09482d_m.jpg	192	240	http://farm6.staticflickr.com/5548/11272361973_bc7b09482d.jpg	400	500	http://farm6.staticflickr.com/5548/11272361973_bc7b09482d_b.jpg	819	1024	http://farm6.staticflickr.com/5548/11272361973_0b0e9ab4d7_o.jpg	1192	1491
0	Religious Tract Society	The Lands of Scripture: comprising “Those Holy Fields”; “The Land of the Pharaohs” [both by S. M.]; “Pictures from Bible Lands” (edited by S. G. Green. The illustrations by E. Whymper, etc.)	MANNING, Samuel LL.D		London	002369128		1879	http://www.flickr.com/photos/britishlibrary/11272289376	2	000260	11272289376	http://farm3.staticflickr.com/2864/11272289376_8c02dedc95_m.jpg	160	240	http://farm3.staticflickr.com/2864/11272289376_8c02dedc95.jpg	333	500	http://farm3.staticflickr.com/2864/11272289376_8c02dedc95_b.jpg	682	1024	http://farm3.staticflickr.com/2864/11272289376_1bfd3fe3fc_o.jpg	1057	1587
02		Old and New London, etc	Thornbury, Walter	lsidyv3c47ab1a	London	003628788	ark:/81055/vdc_000000059328	1879	http://www.flickr.com/photos/britishlibrary/11272251395	1	000174	11272251395	http://farm3.staticflickr.com/2885/11272251395_c2475f7a92_m.jpg	240	219	http://farm3.staticflickr.com/2885/11272251395_c2475f7a92.jpg	500	457	http://farm3.staticflickr.com/2885/11272251395_c2475f7a92_b.jpg	1024	935	http://farm3.staticflickr.com/2885/11272251395_fb2ab1c43b_o.jpg	1180	1078
0	Religious Tract Society	The Lands of Scripture: comprising “Those Holy Fields”; “The Land of the Pharaohs” [both by S. M.]; “Pictures from Bible Lands” (edited by S. G. Green. The illustrations by E. Whymper, etc.)	MANNING, Samuel LL.D		London	002369128		1879	http://www.flickr.com/photos/britishlibrary/11272360703	1	000292	11272360703	http://farm6.staticflickr.com/5529/11272360703_a0b5955f48_m.jpg	240	143	http://farm6.staticflickr.com/5529/11272360703_a0b5955f48.jpg	500	298	http://farm6.staticflickr.com/5529/11272360703_a0b5955f48_b.jpg	1024	610	http://farm6.staticflickr.com/5529/11272360703_ae9bebcb7b_o.jpg	1861	1108
01		A magyar nemzet története. I. kötet írta Bodon J. és Dr. Szalay J. (II.-IV.) kötet, írta Dr. Szalay J.) [With portraits.]	BODON, József and SZALAY (József)		Budapest	000389221		1879	http://www.flickr.com/photos/britishlibrary/11272313144	1	000071	11272313144	http://farm8.staticflickr.com/7325/11272313144_26c5f60fa5_m.jpg	240	193	http://farm8.staticflickr.com/7325/11272313144_26c5f60fa5.jpg	500	403	http://farm8.staticflickr.com/7325/11272313144_26c5f60fa5_b.jpg	1024	825	http://farm8.staticflickr.com/7325/11272313144_4df7d7863a_o.jpg	1410	1136
0	D. W. Ensign & Co.	History of Columbiana County, Ohio, with illustrations and biographical sketches of its prominent men and pioneers	MACK, Horace.		Philadelphia	002319445		1879	http://www.flickr.com/photos/britishlibrary/11272313254	1	000396	11272313254	http://farm8.staticflickr.com/7420/11272313254_a7553d2718_m.jpg	240	191	http://farm8.staticflickr.com/7420/11272313254_a7553d2718.jpg	500	398	http://farm8.staticflickr.com/7420/11272313254_a7553d2718_b.jpg	1024	815	http://farm8.staticflickr.com/7420/11272313254_9c3e139fa7_o.jpg	1272	1012
0		A Dreamer's sketch-book ... [In verse.] With illustrations	WALTERS, Sophia Lydia.		London, Edinburgh [printed]	003845078		1879	http://www.flickr.com/photos/britishlibrary/11272249695	1	000108	11272249695	http://farm3.staticflickr.com/2834/11272249695_fb6995987e_m.jpg	216	240	http://farm3.staticflickr.com/2834/11272249695_fb6995987e.jpg	449	500	http://farm3.staticflickr.com/2834/11272249695_fb6995987e_b.jpg	920	1024	http://farm3.staticflickr.com/2834/11272249695_3646521c0f_o.jpg	1206	1343
0	Cassell, Petter, Galpin & Co.	Morocco: its people and places ... Translated by C. Rollin-Tilton. With ... illustrations	AMICIS, Edmondo de.	lsidyv3c6b00d2	London	000070870	ark:/81055/vdc_00000005AC0C	1879	http://www.flickr.com/photos/britishlibrary/11272285986	1	000089	11272285986	http://farm4.staticflickr.com/3784/11272285986_3f52f47406_m.jpg	91	240	http://farm4.staticflickr.com/3784/11272285986_3f52f47406.jpg	189	500	http://farm4.staticflickr.com/3784/11272285986_3f52f47406_b.jpg	387	1024	http://farm4.staticflickr.com/3784/11272285986_4d9441ccaa_o.jpg	740	1957
0		Saint-Pierre de Rome. Ouvrage illustré, etc	LORBAC, Charles de.		Rome	002259706		1879	http://www.flickr.com/photos/britishlibrary/11272357673	1	000230	11272357673	http://farm8.staticflickr.com/7421/11272357673_4e81e9f9a0_m.jpg	179	240	http://farm8.staticflickr.com/7421/11272357673_4e81e9f9a0.jpg	374	500	http://farm8.staticflickr.com/7421/11272357673_4e81e9f9a0_b.jpg	765	1024	http://farm8.staticflickr.com/7421/11272357673_daf977518e_o.jpg	890	1192
0		The Great Eastern Railway Company's Tourist-Guide to the Continent. ... With illustrations ... and a map	LINDLEY, Percy.	lsidyv3cad916f	London	002174468	ark:/81055/vdc_00000005CE44	1879	http://www.flickr.com/photos/britishlibrary/11272248105	1	000083	11272248105	http://farm4.staticflickr.com/3677/11272248105_5c6062d7f1_m.jpg	208	240	http://farm4.staticflickr.com/3677/11272248105_5c6062d7f1.jpg	433	500	http://farm4.staticflickr.com/3677/11272248105_5c6062d7f1_b.jpg	887	1024	http://farm4.staticflickr.com/3677/11272248105_522cf2883b_o.jpg	1043	1204
01	Tinsley Brothers	Berlin under the New Empire, its institutions, inhabitants, industry ... With ... engravings, etc	VIZETELLY, Henry.		London	003807524		1879	http://www.flickr.com/photos/britishlibrary/11272284376	1	000245	11272284376	http://farm8.staticflickr.com/7388/11272284376_3f50bb9db5_m.jpg	240	203	http://farm8.staticflickr.com/7388/11272284376_3f50bb9db5.jpg	500	422	http://farm8.staticflickr.com/7388/11272284376_3f50bb9db5_b.jpg	1024	865	http://farm8.staticflickr.com/7388/11272284376_9bd37ba86f_o.jpg	1142	965
02	Tinsley Brothers	Berlin under the New Empire, its institutions, inhabitants, industry ... With ... engravings, etc	VIZETELLY, Henry.		London	003807524		1879	http://www.flickr.com/photos/britishlibrary/11272310294	1	000319	11272310294	http://farm3.staticflickr.com/2835/11272310294_64c6cc80fe_m.jpg	240	222	http://farm3.staticflickr.com/2835/11272310294_64c6cc80fe.jpg	500	462	http://farm3.staticflickr.com/2835/11272310294_64c6cc80fe_b.jpg	1024	947	http://farm3.staticflickr.com/2835/11272310294_d8cf54101f_o.jpg	1111	1027
01	Tinsley Brothers	Berlin under the New Empire, its institutions, inhabitants, industry ... With ... engravings, etc	VIZETELLY, Henry.		London	003807524		1879	http://www.flickr.com/photos/britishlibrary/11272284536	1	000152	11272284536	http://farm6.staticflickr.com/5471/11272284536_f53bed456b_m.jpg	240	174	http://farm6.staticflickr.com/5471/11272284536_f53bed456b.jpg	500	363	http://farm6.staticflickr.com/5471/11272284536_f53bed456b_b.jpg	1024	743	http://farm6.staticflickr.com/5471/11272284536_bb7e05a28f_o.jpg	1272	923
0		The Illustrated Guide to Sheffield and the surrounding district, etc	TAYLOR, John of Sheffield		Sheffield	003589731		1879	http://www.flickr.com/photos/britishlibrary/11272309084	2	000473	11272309084	http://farm3.staticflickr.com/2853/11272309084_09f207fbf3_m.jpg	148	240	http://farm3.staticflickr.com/2853/11272309084_09f207fbf3.jpg	308	500	http://farm3.staticflickr.com/2853/11272309084_09f207fbf3_b.jpg	631	1024	http://farm3.staticflickr.com/2853/11272309084_2fb9e7af31_o.jpg	826	1340
0		Mœurs et caractères des peuples, Asie-Amérique-Océanie. Morceaux extraits de divers auteurs. [With illustrations.]	CORTAMBERT, Richard.		Paris	000791358		1879	http://www.flickr.com/photos/britishlibrary/11272282876	1	000270	11272282876	http://farm6.staticflickr.com/5533/11272282876_1b58ccc98b_m.jpg	192	240	http://farm6.staticflickr.com/5533/11272282876_1b58ccc98b.jpg	399	500	http://farm6.staticflickr.com/5533/11272282876_1b58ccc98b_b.jpg	818	1024	http://farm6.staticflickr.com/5533/11272282876_2f2a2ec478_o.jpg	1197	1498
0		The History of Russia from the earliest times to 1877 ... Translated by L. B. Lang [with additions and emendations by the author]. ... With illustrations	RAMBAUD, Alfred Nicolas.		London	003034307		1879	http://www.flickr.com/photos/britishlibrary/11272355023	1	000326	11272355023	http://farm4.staticflickr.com/3682/11272355023_6723d8ea68_m.jpg	235	240	http://farm4.staticflickr.com/3682/11272355023_6723d8ea68.jpg	489	500	http://farm4.staticflickr.com/3682/11272355023_6723d8ea68_b.jpg	1001	1024	http://farm4.staticflickr.com/3682/11272355023_6aa02380fe_o.jpg	1180	1207
0		Les Vieilles Villes de Suisse. Notes et souvenirs. Ouvrage illustré de 105 dessins à la plume par A. Robida reproduits en fac-simile	ROBIDA, Albert.		Paris	003121715		1879	http://www.flickr.com/photos/britishlibrary/11272307494	1	000207	11272307494	http://farm4.staticflickr.com/3829/11272307494_7a2c3c9f0f_m.jpg	240	148	http://farm4.staticflickr.com/3829/11272307494_7a2c3c9f0f.jpg	500	309	http://farm4.staticflickr.com/3829/11272307494_7a2c3c9f0f_b.jpg	1024	633	http://farm4.staticflickr.com/3829/11272307494_5e122d3a55_o.jpg	1848	1143
01		A magyar nemzet története. I. kötet írta Bodon J. és Dr. Szalay J. (II.-IV.) kötet, írta Dr. Szalay J.) [With portraits.]	BODON, József and SZALAY (József)		Budapest	000389221		1879	http://www.flickr.com/photos/britishlibrary/11272281746	1	000129	11272281746	http://farm4.staticflickr.com/3730/11272281746_988da60418_m.jpg	240	211	http://farm4.staticflickr.com/3730/11272281746_988da60418.jpg	500	440	http://farm4.staticflickr.com/3730/11272281746_988da60418_b.jpg	1024	901	http://farm4.staticflickr.com/3730/11272281746_100c13c6de_o.jpg	1421	1250
0		The Illustrated Guide to Sheffield and the surrounding district, etc	TAYLOR, John of Sheffield		Sheffield	003589731		1879	http://www.flickr.com/photos/britishlibrary/11272243435	1	000332	11272243435	http://farm6.staticflickr.com/5528/11272243435_58b26276c3_m.jpg	240	142	http://farm6.staticflickr.com/5528/11272243435_58b26276c3.jpg	500	295	http://farm6.staticflickr.com/5528/11272243435_58b26276c3_b.jpg	1024	604	http://farm6.staticflickr.com/5528/11272243435_29c190bf5e_o.jpg	1652	975
0	Macmillan and Co.	The Arctic Voyages of A. E. Nordenskiöld. 1858-1879. With illustrations and maps	LESLIE, Alexander of Aberdeen		London	002142895		1879	http://www.flickr.com/photos/britishlibrary/11272306324	1	000218	11272306324	http://farm3.staticflickr.com/2851/11272306324_7ec74b9e40_m.jpg	188	240	http://farm3.staticflickr.com/2851/11272306324_7ec74b9e40.jpg	391	500	http://farm3.staticflickr.com/2851/11272306324_7ec74b9e40_b.jpg	801	1024	http://farm3.staticflickr.com/2851/11272306324_8f91df85f1_o.jpg	1186	1517
0	Thacker, Spink & Co.	[Lays of Ind ... Third edition.]	CHEEM, Aliph pseud. [i.e. Walter Yeldham.]		Calcutta; [London printed]	000675133		1879	http://www.flickr.com/photos/britishlibrary/11272242095	1	000064	11272242095	http://farm8.staticflickr.com/7309/11272242095_669e86c35e_m.jpg	191	240	http://farm8.staticflickr.com/7309/11272242095_669e86c35e.jpg	398	500	http://farm8.staticflickr.com/7309/11272242095_669e86c35e_b.jpg	815	1024	http://farm8.staticflickr.com/7309/11272242095_edd1ef18a9_o.jpg	957	1202
02	L. H. Everts	History of the Connecticut Valley in Massachusetts (by N. B. Sylvester), with illustrations and biographical sketches of some of its prominent men and pioneers [by other authors]	SYLVESTER, Nathaniel Bartlett.		Philadelphia	003562080		1879	http://www.flickr.com/photos/britishlibrary/11272241935	1	000630	11272241935	http://farm4.staticflickr.com/3809/11272241935_0832d4a923_m.jpg	125	240	http://farm4.staticflickr.com/3809/11272241935_0832d4a923.jpg	260	500	http://farm4.staticflickr.com/3809/11272241935_0832d4a923_b.jpg	533	1024	http://farm4.staticflickr.com/3809/11272241935_bcbeb6c09e_o.jpg	905	1738
02	American News Company	Round the world with General Grant. A narrative of the visit of General U. S. Grant ... to various countries ... in 1877, 1878, 1879. To which are added certain conversations with General Grant on questions connected with American politics and history ... With ... illustrations	YOUNG, John Russell.		New York	004002305		1879	http://www.flickr.com/photos/britishlibrary/11272241085	1	000338	11272241085	http://farm3.staticflickr.com/2846/11272241085_234e9e892b_m.jpg	240	213	http://farm3.staticflickr.com/2846/11272241085_234e9e892b.jpg	500	443	http://farm3.staticflickr.com/2846/11272241085_234e9e892b_b.jpg	1024	908	http://farm3.staticflickr.com/2846/11272241085_f18de89ff8_o.jpg	1161	1030
0	C. C. Chapman & Co.	History of Fulton County, together with sketches of its cities, villages and townships, ... and biographies ... History of Illinois ... Illustrated			Peoria	001341605		1879	http://www.flickr.com/photos/britishlibrary/11272240195	1	000243	11272240195	http://farm4.staticflickr.com/3811/11272240195_70d5443fe6_m.jpg	240	221	http://farm4.staticflickr.com/3811/11272240195_70d5443fe6.jpg	500	461	http://farm4.staticflickr.com/3811/11272240195_70d5443fe6_b.jpg	1024	944	http://farm4.staticflickr.com/3811/11272240195_f0a23f08f1_o.jpg	1415	1305
0	Everts & Abbott	History of Hillsdale County, Michigan, with illustrations and biographical sketches of some of its prominent men, etc	Johnson, Crisfield.		Philadelphia	001884500		1879	http://www.flickr.com/photos/britishlibrary/11272278006	1	000137	11272278006	http://farm4.staticflickr.com/3684/11272278006_edce1db1ba_m.jpg	240	178	http://farm4.staticflickr.com/3684/11272278006_edce1db1ba.jpg	500	370	http://farm4.staticflickr.com/3684/11272278006_edce1db1ba_b.jpg	1024	758	http://farm4.staticflickr.com/3684/11272278006_dd3a215c2b_o.jpg	1217	901
03		Old and New London, etc	Thornbury, Walter	lsidyv3c47ab1a	London	003628788	ark:/81055/vdc_000000059328	1879	http://www.flickr.com/photos/britishlibrary/11272349253	1	000356	11272349253	http://farm4.staticflickr.com/3712/11272349253_0b2bed2919_m.jpg	167	240	http://farm4.staticflickr.com/3712/11272349253_0b2bed2919.jpg	348	500	http://farm4.staticflickr.com/3712/11272349253_0b2bed2919_b.jpg	712	1024	http://farm4.staticflickr.com/3712/11272349253_ca70dfd86a_o.jpg	927	1333
0		Mœurs et caractères des peuples, Asie-Amérique-Océanie. Morceaux extraits de divers auteurs. [With illustrations.]	CORTAMBERT, Richard.		Paris	000791358		1879	http://www.flickr.com/photos/britishlibrary/11272276346	1	000196	11272276346	http://farm4.staticflickr.com/3676/11272276346_99ee0325f5_m.jpg	204	240	http://farm4.staticflickr.com/3676/11272276346_99ee0325f5.jpg	425	500	http://farm4.staticflickr.com/3676/11272276346_99ee0325f5_b.jpg	871	1024	http://farm4.staticflickr.com/3676/11272276346_c8ac7d5b83_o.jpg	980	1152
0		Materialien für den Unterricht in der Geographie nach der constructiven Methode	WENZ, Gustav Geographer		München	003889554		1879	http://www.flickr.com/photos/britishlibrary/11272302904	1	000251	11272302904	http://farm4.staticflickr.com/3752/11272302904_d4c624190a_m.jpg	152	240	http://farm4.staticflickr.com/3752/11272302904_d4c624190a.jpg	317	500	http://farm4.staticflickr.com/3752/11272302904_d4c624190a_b.jpg	649	1024	http://farm4.staticflickr.com/3752/11272302904_216aabb98d_o.jpg	846	1335
02	American News Company	Round the world with General Grant. A narrative of the visit of General U. S. Grant ... to various countries ... in 1877, 1878, 1879. To which are added certain conversations with General Grant on questions connected with American politics and history ... With ... illustrations	YOUNG, John Russell.		New York	004002305		1879	http://www.flickr.com/photos/britishlibrary/11272275516	1	000198	11272275516	http://farm6.staticflickr.com/5474/11272275516_7d0abf072e_m.jpg	177	240	http://farm6.staticflickr.com/5474/11272275516_7d0abf072e.jpg	368	500	http://farm6.staticflickr.com/5474/11272275516_7d0abf072e_b.jpg	754	1024	http://farm6.staticflickr.com/5474/11272275516_741ef526b5_o.jpg	1220	1657
01		Memorials of the Civil War between King Charles I. and the Parliament of England as it affected Herefordshire and the adjacent counties ... Edited and completed by ... T. W. Webb ... with an appendix of documents. [With illustrations.]	WEBB, John Rector of Tretyre, Herefordshire		London	003870802		1879	http://www.flickr.com/photos/britishlibrary/11272236985	1	000010	11272236985	http://farm8.staticflickr.com/7338/11272236985_7490ebf314_m.jpg	240	146	http://farm8.staticflickr.com/7338/11272236985_7490ebf314.jpg	500	305	http://farm8.staticflickr.com/7338/11272236985_7490ebf314_b.jpg	1024	625	http://farm8.staticflickr.com/7338/11272236985_0805a11aee_o.jpg	1868	1141
0	Published by the Author	History of Grafton, Worcester County, Massachusetts ... Including the genealogies of seventy-nine of the older families	PEIRCE, Frederick Clifton.		Worcester [Mass.]	002810106		1879	http://www.flickr.com/photos/britishlibrary/11272300984	1	000207	11272300984	http://farm4.staticflickr.com/3683/11272300984_0d1840cddb_m.jpg	240	126	http://farm4.staticflickr.com/3683/11272300984_0d1840cddb.jpg	500	263	http://farm4.staticflickr.com/3683/11272300984_0d1840cddb_b.jpg	1024	538	http://farm4.staticflickr.com/3683/11272300984_48fc301580_o.jpg	1937	1017
01	Tinsley Brothers	Berlin under the New Empire, its institutions, inhabitants, industry ... With ... engravings, etc	VIZETELLY, Henry.		London	003807524		1879	http://www.flickr.com/photos/britishlibrary/11272299484	2	000434	11272299484	http://farm8.staticflickr.com/7368/11272299484_f818d57615_m.jpg	240	200	http://farm8.staticflickr.com/7368/11272299484_f818d57615.jpg	500	417	http://farm8.staticflickr.com/7368/11272299484_f818d57615_b.jpg	1024	854	http://farm8.staticflickr.com/7368/11272299484_f033fe9814_o.jpg	1165	972
01	Tinsley Brothers	Berlin under the New Empire, its institutions, inhabitants, industry ... With ... engravings, etc	VIZETELLY, Henry.		London	003807524		1879	http://www.flickr.com/photos/britishlibrary/11272300014	2	000112	11272300014	http://farm4.staticflickr.com/3697/11272300014_e28f148c8a_m.jpg	240	200	http://farm4.staticflickr.com/3697/11272300014_e28f148c8a.jpg	500	417	http://farm4.staticflickr.com/3697/11272300014_e28f148c8a_b.jpg	1024	853	http://farm4.staticflickr.com/3697/11272300014_516732db96_o.jpg	1122	935
0	Ward, Lock & Co.	Brave Old Ballads. Illustrated with coloured engravings from drawings by John Gilbert	Gilbert, John Sir		London	000183576		1879	http://www.flickr.com/photos/britishlibrary/11272272926	1	000161	11272272926	http://farm3.staticflickr.com/2862/11272272926_9e32e56518_m.jpg	240	178	http://farm3.staticflickr.com/2862/11272272926_9e32e56518.jpg	500	370	http://farm3.staticflickr.com/2862/11272272926_9e32e56518_b.jpg	1024	758	http://farm3.staticflickr.com/2862/11272272926_2662f5c4fa_o.jpg	1211	896
0	Western Historical Company	The history of Jefferson County ... Illustrated			Chicago	001859185		1879	http://www.flickr.com/photos/britishlibrary/11272233955	2	000096	11272233955	http://farm6.staticflickr.com/5500/11272233955_41ae29b365_m.jpg	155	240	http://farm6.staticflickr.com/5500/11272233955_41ae29b365.jpg	322	500	http://farm6.staticflickr.com/5500/11272233955_41ae29b365_b.jpg	660	1024	http://farm6.staticflickr.com/5500/11272233955_d0ccc28115_o.jpg	1025	1591
0	James Miller	Campaigns of the War of 1812-15, against Great Britain, sketched and criticised; with brief biographies of the American engineers	CULLUM, George Washington.		New York	000834094		1879	http://www.flickr.com/photos/britishlibrary/11272297974	1	000330	11272297974	http://farm3.staticflickr.com/2857/11272297974_33a5bb50fb_m.jpg	240	238	http://farm3.staticflickr.com/2857/11272297974_33a5bb50fb.jpg	500	495	http://farm3.staticflickr.com/2857/11272297974_33a5bb50fb_b.jpg	1024	1014	http://farm3.staticflickr.com/2857/11272297974_a97b3cd808_o.jpg	1381	1367
0	Moses King	King's Handbook of Boston. Profusely illustrated. [With a map.]	KING, Moses.		Cambridge, Mass	001968594		1879	http://www.flickr.com/photos/britishlibrary/11272297484	1	000282	11272297484	http://farm8.staticflickr.com/7429/11272297484_8a80e67bc5_m.jpg	240	139	http://farm8.staticflickr.com/7429/11272297484_8a80e67bc5.jpg	500	291	http://farm8.staticflickr.com/7429/11272297484_8a80e67bc5_b.jpg	1024	595	http://farm8.staticflickr.com/7429/11272297484_ac6dd09fe2_o.jpg	1860	1081
0	Wesleyan Conference Office	Rambles in Bible Lands	NEWTON, Richard D.D., Rector of St. Paul's Church, Philadelphia	lsidyv3ca35e3a	London	002646495	ark:/81055/vdc_00000005C826	1879	http://www.flickr.com/photos/britishlibrary/11272270046	1	000117	11272270046	http://farm3.staticflickr.com/2845/11272270046_9dc600fe67_m.jpg	240	213	http://farm3.staticflickr.com/2845/11272270046_9dc600fe67.jpg	500	444	http://farm3.staticflickr.com/2845/11272270046_9dc600fe67_b.jpg	1024	909	http://farm3.staticflickr.com/2845/11272270046_5cfbedd1fa_o.jpg	1522	1351
0	A. Williams & Co.	History of the town of Hollis, New Hampshire, from its first settlement to ... 1879. ... Illustrated, etc	WORCESTER, Samuel T.		Boston [Mass.]	003975907		1879	http://www.flickr.com/photos/britishlibrary/11272270016	1	000267	11272270016	http://farm6.staticflickr.com/5492/11272270016_a1ef6d3b2e_m.jpg	237	240	http://farm6.staticflickr.com/5492/11272270016_a1ef6d3b2e.jpg	494	500	http://farm6.staticflickr.com/5492/11272270016_a1ef6d3b2e_b.jpg	1011	1024	http://farm6.staticflickr.com/5492/11272270016_d402f5818a_o.jpg	1388	1406
01	D. Appleton & Co.	[Appleton's European Guide Book illustrated. Including England, Scotland, and Ireland, France, Belgium, Holland, Northern and Southern Germany, Switzerland, Italy, Spain and Portugal, Russia, Denmark, Norway, and Sweden. Containing ... maps, etc.]	APPLETON, Daniel AND CO	lsidyv3cbe7355	New York; Longmans & Co	000100280	ark:/81055/vdc_00000005D9DE	1879	http://www.flickr.com/photos/britishlibrary/11272231535	1	000195	11272231535	http://farm3.staticflickr.com/2861/11272231535_feab973dc8_m.jpg	240	176	http://farm3.staticflickr.com/2861/11272231535_feab973dc8.jpg	500	366	http://farm3.staticflickr.com/2861/11272231535_feab973dc8_b.jpg	1024	749	http://farm3.staticflickr.com/2861/11272231535_7523f9d90b_o.jpg	1328	972
0	Mark and Bailey	Northampton past and present, a Handy Guide Book to the town and neighbourhood			Northampton	002673317		1879	http://www.flickr.com/photos/britishlibrary/11272267736	1	000079	11272267736	http://farm6.staticflickr.com/5519/11272267736_52e10e1fba_m.jpg	182	240	http://farm6.staticflickr.com/5519/11272267736_52e10e1fba.jpg	379	500	http://farm6.staticflickr.com/5519/11272267736_52e10e1fba_b.jpg	776	1024	http://farm6.staticflickr.com/5519/11272267736_e0711d09bc_o.jpg	915	1208
0		[Brazil and the Brazilians ... in historical and descriptive sketches ... Engravings.]	KIDDER, Daniel Parish and FLETCHER (James C.)		London	001961854		1879	http://www.flickr.com/photos/britishlibrary/11272293694	1	000219	11272293694	http://farm3.staticflickr.com/2817/11272293694_13e8641f4a_m.jpg	240	167	http://farm3.staticflickr.com/2817/11272293694_13e8641f4a.jpg	500	348	http://farm3.staticflickr.com/2817/11272293694_13e8641f4a_b.jpg	1024	712	http://farm3.staticflickr.com/2817/11272293694_f8904158f3_o.jpg	1398	972
02		The Australian abroad. Branches from the Main Routes round the World. [Reprinted from the Melbourne “Argus.” With illustrations.] 2 series	HINGSTON, James.	lsidyv3cbf9abe	London	001689101	ark:/81055/vdc_00000005DA7A	1879	http://www.flickr.com/photos/britishlibrary/11272339233	1	000393	11272339233	http://farm4.staticflickr.com/3804/11272339233_b764ca8b4f_m.jpg	161	240	http://farm4.staticflickr.com/3804/11272339233_b764ca8b4f.jpg	336	500	http://farm4.staticflickr.com/3804/11272339233_b764ca8b4f_b.jpg	688	1024	http://farm4.staticflickr.com/3804/11272339233_68f35067ed_o.jpg	915	1361
01		Knaresborough Castle Yard. (The Microcosm: and, Malcolm, a holiday-walk. A few occasional pieces.) [In verse.]			London, Bristol [printed]	001987484		1879	http://www.flickr.com/photos/britishlibrary/11272227845	1	000097	11272227845	http://farm6.staticflickr.com/5522/11272227845_f8e7f9a0d9_m.jpg	220	240	http://farm6.staticflickr.com/5522/11272227845_f8e7f9a0d9.jpg	459	500	http://farm6.staticflickr.com/5522/11272227845_f8e7f9a0d9_b.jpg	940	1024	http://farm6.staticflickr.com/5522/11272227845_c4f8b3e930_o.jpg	1122	1222
0	Religious Tract Society	The Lands of Scripture: comprising “Those Holy Fields”; “The Land of the Pharaohs” [both by S. M.]; “Pictures from Bible Lands” (edited by S. G. Green. The illustrations by E. Whymper, etc.)	MANNING, Samuel LL.D		London	002369128		1879	http://www.flickr.com/photos/britishlibrary/11272266246	1	000140	11272266246	http://farm8.staticflickr.com/7332/11272266246_37b10622a8_m.jpg	162	240	http://farm8.staticflickr.com/7332/11272266246_37b10622a8.jpg	337	500	http://farm8.staticflickr.com/7332/11272266246_37b10622a8_b.jpg	691	1024	http://farm8.staticflickr.com/7332/11272266246_b19e13f87d_o.jpg	996	1476
01	American News Company	Round the world with General Grant. A narrative of the visit of General U. S. Grant ... to various countries ... in 1877, 1878, 1879. To which are added certain conversations with General Grant on questions connected with American politics and history ... With ... illustrations	YOUNG, John Russell.		New York	004002305		1879	http://www.flickr.com/photos/britishlibrary/11272291824	1	000385	11272291824	http://farm6.staticflickr.com/5502/11272291824_8db1da2dbb_m.jpg	240	165	http://farm6.staticflickr.com/5502/11272291824_8db1da2dbb.jpg	500	345	http://farm6.staticflickr.com/5502/11272291824_8db1da2dbb_b.jpg	1024	706	http://farm6.staticflickr.com/5502/11272291824_5f79821e8d_o.jpg	1611	1110
0	Murray Williamson & Phelps	The History of Adams County, Illinois ... Illustrated			Chicago	000014468		1879	http://www.flickr.com/photos/britishlibrary/11272336943	1	000171	11272336943	http://farm6.staticflickr.com/5549/11272336943_3a00dcd178_m.jpg	199	240	http://farm6.staticflickr.com/5549/11272336943_3a00dcd178.jpg	415	500	http://farm6.staticflickr.com/5549/11272336943_3a00dcd178_b.jpg	850	1024	http://farm6.staticflickr.com/5549/11272336943_e824bbf552_o.jpg	1297	1563
0		Viaje al pais de los Tehuelches, pt. I. Exploraciones en la Patagonia austral. [With map.]	LISTA, Ramon.		Buenos Aires	002182842		1879	http://www.flickr.com/photos/britishlibrary/11272265056	1	000072	11272265056	http://farm3.staticflickr.com/2860/11272265056_3257c60ac3_m.jpg	163	240	http://farm3.staticflickr.com/2860/11272265056_3257c60ac3.jpg	339	500	http://farm3.staticflickr.com/2860/11272265056_3257c60ac3_b.jpg	695	1024	http://farm3.staticflickr.com/2860/11272265056_53c466f3c4_o.jpg	1007	1484
0	Murray Williamson & Phelps	The History of Adams County, Illinois ... Illustrated			Chicago	000014468		1879	http://www.flickr.com/photos/britishlibrary/11272290064	1	000271	11272290064	http://farm4.staticflickr.com/3788/11272290064_b43724f6a5_m.jpg	240	209	http://farm4.staticflickr.com/3788/11272290064_b43724f6a5.jpg	500	436	http://farm4.staticflickr.com/3788/11272290064_b43724f6a5_b.jpg	1024	893	http://farm4.staticflickr.com/3788/11272290064_b66d5c0e30_o.jpg	1410	1230
0	Everts & Ensign	History of Toga, Chemung, Tompkins, and Schuyler Counties, New York. With illustrations and biographical sketches of some of its prominent men and pioneers	PEIRCE, Henry B. and HURD (Duane Hamilton)		Philadelphia	002810116		1879	http://www.flickr.com/photos/britishlibrary/11272225225	2	000075	11272225225	http://farm4.staticflickr.com/3716/11272225225_73a9c9c842_m.jpg	240	144	http://farm4.staticflickr.com/3716/11272225225_73a9c9c842.jpg	500	299	http://farm4.staticflickr.com/3716/11272225225_73a9c9c842_b.jpg	1024	613	http://farm4.staticflickr.com/3716/11272225225_6ce4ca79f7_o.jpg	1625	973
01	Tinsley Brothers	Berlin under the New Empire, its institutions, inhabitants, industry ... With ... engravings, etc	VIZETELLY, Henry.		London	003807524		1879	http://www.flickr.com/photos/britishlibrary/11272288944	1	000448	11272288944	http://farm3.staticflickr.com/2839/11272288944_7efe5fc5bf_m.jpg	240	202	http://farm3.staticflickr.com/2839/11272288944_7efe5fc5bf.jpg	500	421	http://farm3.staticflickr.com/2839/11272288944_7efe5fc5bf_b.jpg	1024	862	http://farm3.staticflickr.com/2839/11272288944_ee64c5fcd3_o.jpg	1147	965
0	Everts & Ensign	History of Toga, Chemung, Tompkins, and Schuyler Counties, New York. With illustrations and biographical sketches of some of its prominent men and pioneers	PEIRCE, Henry B. and HURD (Duane Hamilton)		Philadelphia	002810116		1879	http://www.flickr.com/photos/britishlibrary/11272288994	1	000180	11272288994	http://farm4.staticflickr.com/3792/11272288994_c558a6103a_m.jpg	240	195	http://farm4.staticflickr.com/3792/11272288994_c558a6103a.jpg	500	406	http://farm4.staticflickr.com/3792/11272288994_c558a6103a_b.jpg	1024	832	http://farm4.staticflickr.com/3792/11272288994_b33cd005f3_o.jpg	1246	1012
01	Tinsley Brothers	Berlin under the New Empire, its institutions, inhabitants, industry ... With ... engravings, etc	VIZETELLY, Henry.		London	003807524		1879	http://www.flickr.com/photos/britishlibrary/11272287984	2	000134	11272287984	http://farm3.staticflickr.com/2848/11272287984_8634a29e95_m.jpg	232	240	http://farm3.staticflickr.com/2848/11272287984_8634a29e95.jpg	482	500	http://farm3.staticflickr.com/2848/11272287984_8634a29e95_b.jpg	988	1024	http://farm3.staticflickr.com/2848/11272287984_b3fec31a2c_o.jpg	1161	1203
0	Published by the Author	History of Grafton, Worcester County, Massachusetts ... Including the genealogies of seventy-nine of the older families	PEIRCE, Frederick Clifton.		Worcester [Mass.]	002810106		1879	http://www.flickr.com/photos/britishlibrary/11272222745	1	000661	11272222745	http://farm6.staticflickr.com/5519/11272222745_8c92c50a92_m.jpg	240	185	http://farm6.staticflickr.com/5519/11272222745_8c92c50a92.jpg	500	386	http://farm6.staticflickr.com/5519/11272222745_8c92c50a92_b.jpg	1024	790	http://farm6.staticflickr.com/5519/11272222745_28a89fd344_o.jpg	1637	1263
02	L. H. Everts	History of the Connecticut Valley in Massachusetts (by N. B. Sylvester), with illustrations and biographical sketches of some of its prominent men and pioneers [by other authors]	SYLVESTER, Nathaniel Bartlett.		Philadelphia	003562080		1879	http://www.flickr.com/photos/britishlibrary/11272222545	1	000854	11272222545	http://farm4.staticflickr.com/3695/11272222545_f0a7e8007d_m.jpg	240	188	http://farm4.staticflickr.com/3695/11272222545_f0a7e8007d.jpg	500	391	http://farm4.staticflickr.com/3695/11272222545_f0a7e8007d_b.jpg	1024	801	http://farm4.staticflickr.com/3695/11272222545_c3bcb1b729_o.jpg	1668	1305
01		The Borders of the Tamar and the Tavy; their natural history, etc. A new edition	STOTHARD, afterwards BRAY, Anna Eliza.	lsidyv3c4640f3	London	003517963	ark:/81055/vdc_0000000591E4	1879	http://www.flickr.com/photos/britishlibrary/11272286544	1	000409	11272286544	http://farm3.staticflickr.com/2854/11272286544_e2a5d8aeab_m.jpg	166	240	http://farm3.staticflickr.com/2854/11272286544_e2a5d8aeab.jpg	345	500	http://farm3.staticflickr.com/2854/11272286544_e2a5d8aeab_b.jpg	707	1024	http://farm3.staticflickr.com/2854/11272286544_7fd338687b_o.jpg	868	1257
0	D. W. Ensign & Co.	History of Columbiana County, Ohio, with illustrations and biographical sketches of its prominent men and pioneers	MACK, Horace.		Philadelphia	002319445		1879	http://www.flickr.com/photos/britishlibrary/11272330783	2	000219	11272330783	http://farm4.staticflickr.com/3825/11272330783_8e4e9c4537_m.jpg	240	175	http://farm4.staticflickr.com/3825/11272330783_8e4e9c4537.jpg	500	365	http://farm4.staticflickr.com/3825/11272330783_8e4e9c4537_b.jpg	1024	747	http://farm4.staticflickr.com/3825/11272330783_fefff20593_o.jpg	1677	1223
02		A magyar nemzet története. I. kötet írta Bodon J. és Dr. Szalay J. (II.-IV.) kötet, írta Dr. Szalay J.) [With portraits.]	BODON, József and SZALAY (József)		Budapest	000389221		1879	http://www.flickr.com/photos/britishlibrary/11272259716	1	000039	11272259716	http://farm6.staticflickr.com/5487/11272259716_5c24e472f0_m.jpg	240	225	http://farm6.staticflickr.com/5487/11272259716_5c24e472f0.jpg	500	470	http://farm6.staticflickr.com/5487/11272259716_5c24e472f0_b.jpg	1024	962	http://farm6.staticflickr.com/5487/11272259716_2322e8dce4_o.jpg	1291	1213
02	Tinsley Brothers	Berlin under the New Empire, its institutions, inhabitants, industry ... With ... engravings, etc	VIZETELLY, Henry.		London	003807524		1879	http://www.flickr.com/photos/britishlibrary/11272331033	1	000289	11272331033	http://farm4.staticflickr.com/3810/11272331033_dddd2fd35b_m.jpg	190	240	http://farm4.staticflickr.com/3810/11272331033_dddd2fd35b.jpg	395	500	http://farm4.staticflickr.com/3810/11272331033_dddd2fd35b_b.jpg	809	1024	http://farm4.staticflickr.com/3810/11272331033_558492a8d6_o.jpg	1147	1452
0	C. C. Chapman & Co.	History of Fulton County, together with sketches of its cities, villages and townships, ... and biographies ... History of Illinois ... Illustrated			Peoria	001341605		1879	http://www.flickr.com/photos/britishlibrary/11272219055	2	000637	11272219055	http://farm4.staticflickr.com/3801/11272219055_4f07594ff9_m.jpg	145	240	http://farm4.staticflickr.com/3801/11272219055_4f07594ff9.jpg	302	500	http://farm4.staticflickr.com/3801/11272219055_4f07594ff9_b.jpg	618	1024	http://farm4.staticflickr.com/3801/11272219055_82e47674c8_o.jpg	1012	1676
0		La Grecia moderna. Ricordi ... Con 31 incisioni	PENNAZZI, Luigi Count		Milano	002815965		1879	http://www.flickr.com/photos/britishlibrary/11272257406	2	000127	11272257406	http://farm4.staticflickr.com/3719/11272257406_c4a3caedb9_m.jpg	202	240	http://farm4.staticflickr.com/3719/11272257406_c4a3caedb9.jpg	421	500	http://farm4.staticflickr.com/3719/11272257406_c4a3caedb9_b.jpg	863	1024	http://farm4.staticflickr.com/3719/11272257406_341222db0c_o.jpg	1108	1315
01	American News Company	Round the world with General Grant. A narrative of the visit of General U. S. Grant ... to various countries ... in 1877, 1878, 1879. To which are added certain conversations with General Grant on questions connected with American politics and history ... With ... illustrations	YOUNG, John Russell.		New York	004002305		1879	http://www.flickr.com/photos/britishlibrary/11272218165	1	000291	11272218165	http://farm4.staticflickr.com/3759/11272218165_b09f0670c8_m.jpg	174	240	http://farm4.staticflickr.com/3759/11272218165_b09f0670c8.jpg	363	500	http://farm4.staticflickr.com/3759/11272218165_b09f0670c8_b.jpg	744	1024	http://farm4.staticflickr.com/3759/11272218165_b6b838b2c5_o.jpg	1252	1723
0		The History of France, from the earliest times to the outbreak of the Revolution. Abridged from ... R. Black's translation of ... Guizot's larger history. With chronological index, ... tables, portraits ... By G. Masson, etc	GUIZOT, François Pierre Guillaume.		London	001541681		1879	http://www.flickr.com/photos/britishlibrary/11272255796	1	000027	11272255796	http://farm6.staticflickr.com/5474/11272255796_0518bd16af_m.jpg	179	240	http://farm6.staticflickr.com/5474/11272255796_0518bd16af.jpg	373	500	http://farm6.staticflickr.com/5474/11272255796_0518bd16af_b.jpg	764	1024	http://farm6.staticflickr.com/5474/11272255796_f7f105f026_o.jpg	1041	1396
0	D. W. Ensign & Co.	History of Columbiana County, Ohio, with illustrations and biographical sketches of its prominent men and pioneers	MACK, Horace.		Philadelphia	002319445		1879	http://www.flickr.com/photos/britishlibrary/11272255506	1	000222	11272255506	http://farm3.staticflickr.com/2843/11272255506_0f19919265_m.jpg	174	240	http://farm3.staticflickr.com/2843/11272255506_0f19919265.jpg	363	500	http://farm3.staticflickr.com/2843/11272255506_0f19919265_b.jpg	744	1024	http://farm3.staticflickr.com/2843/11272255506_4ecd6be0e5_o.jpg	965	1328
01		Knaresborough Castle Yard. (The Microcosm: and, Malcolm, a holiday-walk. A few occasional pieces.) [In verse.]			London, Bristol [printed]	001987484		1879	http://www.flickr.com/photos/britishlibrary/11272280964	1	000029	11272280964	http://farm6.staticflickr.com/5533/11272280964_e444ef3047_m.jpg	240	200	http://farm6.staticflickr.com/5533/11272280964_e444ef3047.jpg	500	416	http://farm6.staticflickr.com/5533/11272280964_e444ef3047_b.jpg	1024	852	http://farm6.staticflickr.com/5533/11272280964_007f252480_o.jpg	1346	1120
0		[Brazil and the Brazilians ... in historical and descriptive sketches ... Engravings.]	KIDDER, Daniel Parish and FLETCHER (James C.)		London	001961854		1879	http://www.flickr.com/photos/britishlibrary/11272325563	1	000240	11272325563	http://farm4.staticflickr.com/3785/11272325563_a91103df4a_m.jpg	146	240	http://farm4.staticflickr.com/3785/11272325563_a91103df4a.jpg	305	500	http://farm4.staticflickr.com/3785/11272325563_a91103df4a_b.jpg	624	1024	http://farm4.staticflickr.com/3785/11272325563_d864cdea85_o.jpg	857	1407
0	Harper & Bros.	What Mr. Darwin saw in his Voyage round The World in the Ship “Beagle.” [Compiled and adapted from “Journal of Researches into the Geology and Natural History of the Various Countries visited by H.M.S. Beagle, etc.”]	Darwin, Charles	lsidyv3c8ea4b0	New York	000868098	ark:/81055/vdc_00000005BB84	1879	http://www.flickr.com/photos/britishlibrary/11272214545	1	000219	11272214545	http://farm8.staticflickr.com/7411/11272214545_0601e2949f_m.jpg	240	187	http://farm8.staticflickr.com/7411/11272214545_0601e2949f.jpg	500	390	http://farm8.staticflickr.com/7411/11272214545_0601e2949f_b.jpg	1024	799	http://farm8.staticflickr.com/7411/11272214545_3412766d56_o.jpg	1340	1046
0		Reise nach West-Sibirien im Jahre 1876. Auf Veranstaltung des Vereins für die Deutsche Nordpolarfahrt in Bremen unternommen mit Dr. A. E. Brehm und Karl Graf v. Waldburg-Zeil-Trauchburg, von Dr. O. F., etc	Finsch, O. (Otto)		Berlin	001238638		1879	http://www.flickr.com/photos/britishlibrary/11272278914	1	000571	11272278914	http://farm4.staticflickr.com/3806/11272278914_d67b7d05ae_m.jpg	185	240	http://farm4.staticflickr.com/3806/11272278914_d67b7d05ae.jpg	386	500	http://farm4.staticflickr.com/3806/11272278914_d67b7d05ae_b.jpg	791	1024	http://farm4.staticflickr.com/3806/11272278914_0a5abbacbb_o.jpg	1183	1532
0	C. R. Barns	Switzler's Illustrated History of Missouri, from 1541 to 1877, etc. [Edited by C. R. Barns. From the larger work edited by him, entitled: “The Commonwealth of Missouri.”]	BARNS, Chancy R.		Saint Louis	000206134		1879	http://www.flickr.com/photos/britishlibrary/11272277704	1	000033	11272277704	http://farm3.staticflickr.com/2814/11272277704_52994fb7a5_m.jpg	240	214	http://farm3.staticflickr.com/2814/11272277704_52994fb7a5.jpg	500	446	http://farm3.staticflickr.com/2814/11272277704_52994fb7a5_b.jpg	1024	914	http://farm3.staticflickr.com/2814/11272277704_c73696bb14_o.jpg	1126	1005
0	[Ward, Lock & Co.	[Charles O'Malley, the Irish Dragoon. Edited by Harry Lorrequer. [By C. J. L.]]	LEVER, Charles James.		London,] Perth [printed	002150760		1879	http://www.flickr.com/photos/britishlibrary/11272252216	1	000530	11272252216	http://farm6.staticflickr.com/5538/11272252216_f965c3eac6_m.jpg	240	176	http://farm6.staticflickr.com/5538/11272252216_f965c3eac6.jpg	500	367	http://farm6.staticflickr.com/5538/11272252216_f965c3eac6_b.jpg	1024	752	http://farm6.staticflickr.com/5538/11272252216_252f6a7e79_o.jpg	1295	951
02	American News Company	Round the world with General Grant. A narrative of the visit of General U. S. Grant ... to various countries ... in 1877, 1878, 1879. To which are added certain conversations with General Grant on questions connected with American politics and history ... With ... illustrations	YOUNG, John Russell.		New York	004002305		1879	http://www.flickr.com/photos/britishlibrary/11272276834	1	000333	11272276834	http://farm3.staticflickr.com/2836/11272276834_077979cecd_m.jpg	172	240	http://farm3.staticflickr.com/2836/11272276834_077979cecd.jpg	359	500	http://farm3.staticflickr.com/2836/11272276834_077979cecd_b.jpg	735	1024	http://farm3.staticflickr.com/2836/11272276834_fd16f6d200_o.jpg	1188	1655
0	Waterlow & Sons	Up the River from Westminster to Windsor and Oxford; a descriptive panorama of Thames Scenery			London	003606029		1879	http://www.flickr.com/photos/britishlibrary/11272276174	1	000036	11272276174	http://farm8.staticflickr.com/7457/11272276174_a958c3ae4a_m.jpg	170	240	http://farm8.staticflickr.com/7457/11272276174_a958c3ae4a.jpg	355	500	http://farm8.staticflickr.com/7457/11272276174_a958c3ae4a_b.jpg	727	1024	http://farm8.staticflickr.com/7457/11272276174_e0054336af_o.jpg	946	1332
0		The Wild Man at Home: or, pictures of life in savage lands ... With woodcuts ... and coloured illustrations	GREENWOOD, James Novelist	lsidyv2af6fa2f	London, Edinburgh	001503444	ark:/81055/vdc_0000000519A2	1879	http://www.flickr.com/photos/britishlibrary/11272275574	1	000103	11272275574	http://farm4.staticflickr.com/3708/11272275574_b8df439c21_m.jpg	200	240	http://farm4.staticflickr.com/3708/11272275574_b8df439c21.jpg	416	500	http://farm4.staticflickr.com/3708/11272275574_b8df439c21_b.jpg	852	1024	http://farm4.staticflickr.com/3708/11272275574_7a66375c11_o.jpg	1151	1383
01	Tinsley Brothers	Berlin under the New Empire, its institutions, inhabitants, industry ... With ... engravings, etc	VIZETELLY, Henry.		London	003807524		1879	http://www.flickr.com/photos/britishlibrary/11272210415	1	000132	11272210415	http://farm4.staticflickr.com/3756/11272210415_74ca1b6453_m.jpg	240	215	http://farm4.staticflickr.com/3756/11272210415_74ca1b6453.jpg	500	449	http://farm4.staticflickr.com/3756/11272210415_74ca1b6453_b.jpg	1024	919	http://farm4.staticflickr.com/3756/11272210415_0dbed65bba_o.jpg	1187	1065
0	Everts & Ensign	History of Toga, Chemung, Tompkins, and Schuyler Counties, New York. With illustrations and biographical sketches of some of its prominent men and pioneers	PEIRCE, Henry B. and HURD (Duane Hamilton)		Philadelphia	002810116		1879	http://www.flickr.com/photos/britishlibrary/11272274094	1	000827	11272274094	http://farm6.staticflickr.com/5488/11272274094_7aef095e2a_m.jpg	240	170	http://farm6.staticflickr.com/5488/11272274094_7aef095e2a.jpg	500	354	http://farm6.staticflickr.com/5488/11272274094_7aef095e2a_b.jpg	1024	724	http://farm6.staticflickr.com/5488/11272274094_a1749379d6_o.jpg	1552	1098
01	American News Company	Round the world with General Grant. A narrative of the visit of General U. S. Grant ... to various countries ... in 1877, 1878, 1879. To which are added certain conversations with General Grant on questions connected with American politics and history ... With ... illustrations	YOUNG, John Russell.		New York	004002305		1879	http://www.flickr.com/photos/britishlibrary/11272248266	1	000253	11272248266	http://farm6.staticflickr.com/5488/11272248266_53e97f847d_m.jpg	240	171	http://farm6.staticflickr.com/5488/11272248266_53e97f847d.jpg	500	356	http://farm6.staticflickr.com/5488/11272248266_53e97f847d_b.jpg	1024	729	http://farm6.staticflickr.com/5488/11272248266_0b8d18726f_o.jpg	1328	945
0	Religious Tract Society	English Pictures drawn with pen and pencil	MANNING, Samuel LL.D. and GREEN (Samuel Gosnell)	lsidyv3c492c1d	London	002369135	ark:/81055/vdc_000000059460	1879	http://www.flickr.com/photos/britishlibrary/11272247376	1	000169	11272247376	http://farm8.staticflickr.com/7350/11272247376_925df31b37_m.jpg	184	240	http://farm8.staticflickr.com/7350/11272247376_925df31b37.jpg	382	500	http://farm8.staticflickr.com/7350/11272247376_925df31b37_b.jpg	783	1024	http://farm8.staticflickr.com/7350/11272247376_4ef54a8ef1_o.jpg	1285	1681
01	American News Company	Round the world with General Grant. A narrative of the visit of General U. S. Grant ... to various countries ... in 1877, 1878, 1879. To which are added certain conversations with General Grant on questions connected with American politics and history ... With ... illustrations	YOUNG, John Russell.		New York	004002305		1879	http://www.flickr.com/photos/britishlibrary/11272319063	1	000121	11272319063	http://farm8.staticflickr.com/7362/11272319063_abb0506c22_m.jpg	173	240	http://farm8.staticflickr.com/7362/11272319063_abb0506c22.jpg	360	500	http://farm8.staticflickr.com/7362/11272319063_abb0506c22_b.jpg	738	1024	http://farm8.staticflickr.com/7362/11272319063_41ffdc3691_o.jpg	1240	1720
02	Tinsley Brothers	Berlin under the New Empire, its institutions, inhabitants, industry ... With ... engravings, etc	VIZETELLY, Henry.		London	003807524		1879	http://www.flickr.com/photos/britishlibrary/11272207295	2	000455	11272207295	http://farm6.staticflickr.com/5498/11272207295_99d6c7708f_m.jpg	172	240	http://farm6.staticflickr.com/5498/11272207295_99d6c7708f.jpg	357	500	http://farm6.staticflickr.com/5498/11272207295_99d6c7708f_b.jpg	732	1024	http://farm6.staticflickr.com/5498/11272207295_2c222a9ea3_o.jpg	990	1385
01		The Australian abroad. Branches from the Main Routes round the World. [Reprinted from the Melbourne “Argus.” With illustrations.] 2 series	HINGSTON, James.	lsidyv3cbf9abe	London	001689101	ark:/81055/vdc_00000005DA7A	1879	http://www.flickr.com/photos/britishlibrary/11272205515	1	000279	11272205515	http://farm6.staticflickr.com/5522/11272205515_268df77089_m.jpg	240	163	http://farm6.staticflickr.com/5522/11272205515_268df77089.jpg	500	339	http://farm6.staticflickr.com/5522/11272205515_268df77089_b.jpg	1024	694	http://farm6.staticflickr.com/5522/11272205515_87dc962bce_o.jpg	1258	852
0	Lewis, Peck & Co.	History of Steuben County, New York, with illustrations and biographical sketches of some of its prominent men and pioneers	CLAYTON, W. Woodford.		Philadelphia	000719876		1879	http://www.flickr.com/photos/britishlibrary/11272245476	1	000184	11272245476	http://farm4.staticflickr.com/3671/11272245476_0195cb4ff7_m.jpg	240	160	http://farm4.staticflickr.com/3671/11272245476_0195cb4ff7.jpg	500	334	http://farm4.staticflickr.com/3671/11272245476_0195cb4ff7_b.jpg	1024	684	http://farm4.staticflickr.com/3671/11272245476_27facb2f0c_o.jpg	1490	996
0	Religious Tract Society	The Lands of Scripture: comprising “Those Holy Fields”; “The Land of the Pharaohs” [both by S. M.]; “Pictures from Bible Lands” (edited by S. G. Green. The illustrations by E. Whymper, etc.)	MANNING, Samuel LL.D		London	002369128		1879	http://www.flickr.com/photos/britishlibrary/11272244816	1	000207	11272244816	http://farm4.staticflickr.com/3712/11272244816_3def70b56d_m.jpg	73	240	http://farm4.staticflickr.com/3712/11272244816_3def70b56d.jpg	152	500	http://farm4.staticflickr.com/3712/11272244816_3def70b56d_b.jpg	311	1024	http://farm4.staticflickr.com/3712/11272244816_0e88504e39_o.jpg	610	2008
0		Les Vieilles Villes de Suisse. Notes et souvenirs. Ouvrage illustré de 105 dessins à la plume par A. Robida reproduits en fac-simile	ROBIDA, Albert.		Paris	003121715		1879	http://www.flickr.com/photos/britishlibrary/11272269344	1	000274	11272269344	http://farm4.staticflickr.com/3706/11272269344_0766125367_m.jpg	167	240	http://farm4.staticflickr.com/3706/11272269344_0766125367.jpg	348	500	http://farm4.staticflickr.com/3706/11272269344_0766125367_b.jpg	712	1024	http://farm4.staticflickr.com/3706/11272269344_f767e49d59_o.jpg	1136	1633
0		The History of Russia from the earliest times to 1877 ... Translated by L. B. Lang [with additions and emendations by the author]. ... With illustrations	RAMBAUD, Alfred Nicolas.		London	003034307		1879	http://www.flickr.com/photos/britishlibrary/11272203595	1	000128	11272203595	http://farm4.staticflickr.com/3736/11272203595_aef30494b4_m.jpg	240	199	http://farm4.staticflickr.com/3736/11272203595_aef30494b4.jpg	500	414	http://farm4.staticflickr.com/3736/11272203595_aef30494b4_b.jpg	1024	848	http://farm4.staticflickr.com/3736/11272203595_79a689f12a_o.jpg	1433	1187
0	J. A. & R. A. Reid	The Past and the Present. Narragansett sea and shore. An illustrated guide to Providence, Newport, Narragansett Pier, Block Island, Watch Hill, Rocky Point, Silver Spring, and all the famous sea-side resorts of Rhode Island, with a map of Narragansett Bay	DENISON, Frederic.		Providence	000908069		1879	http://www.flickr.com/photos/britishlibrary/11272242826	1	000048	11272242826	http://farm3.staticflickr.com/2844/11272242826_383a10cd01_m.jpg	151	240	http://farm3.staticflickr.com/2844/11272242826_383a10cd01.jpg	315	500	http://farm3.staticflickr.com/2844/11272242826_383a10cd01_b.jpg	645	1024	http://farm3.staticflickr.com/2844/11272242826_172eb36b54_o.jpg	955	1516
0	J. Tweed	The Annals of Dumfermline and vicinity ... 1069-1878. Interspersed with ... notes, ... and ... engravings	HENDERSON, Ebenezer LL.D., F.R.A.S		Glasgow	001648659		1879	http://www.flickr.com/photos/britishlibrary/11272267494	1	000024	11272267494	http://farm3.staticflickr.com/2855/11272267494_9dd6904a0a_m.jpg	170	240	http://farm3.staticflickr.com/2855/11272267494_9dd6904a0a.jpg	355	500	http://farm3.staticflickr.com/2855/11272267494_9dd6904a0a_b.jpg	727	1024	http://farm3.staticflickr.com/2855/11272267494_591896266e_o.jpg	985	1387
01	D. Appleton & Co.	[Appleton's European Guide Book illustrated. Including England, Scotland, and Ireland, France, Belgium, Holland, Northern and Southern Germany, Switzerland, Italy, Spain and Portugal, Russia, Denmark, Norway, and Sweden. Containing ... maps, etc.]	APPLETON, Daniel AND CO	lsidyv3cbe7355	New York; Longmans & Co	000100280	ark:/81055/vdc_00000005D9DE	1879	http://www.flickr.com/photos/britishlibrary/11272267644	1	000622	11272267644	http://farm6.staticflickr.com/5505/11272267644_a59453bebf_m.jpg	184	240	http://farm6.staticflickr.com/5505/11272267644_a59453bebf.jpg	384	500	http://farm6.staticflickr.com/5505/11272267644_a59453bebf_b.jpg	786	1024	http://farm6.staticflickr.com/5505/11272267644_ece72e733e_o.jpg	946	1233
02	Tinsley Brothers	Berlin under the New Empire, its institutions, inhabitants, industry ... With ... engravings, etc	VIZETELLY, Henry.		London	003807524		1879	http://www.flickr.com/photos/britishlibrary/11272312763	1	000253	11272312763	http://farm6.staticflickr.com/5492/11272312763_3002ba0901_m.jpg	156	240	http://farm6.staticflickr.com/5492/11272312763_3002ba0901.jpg	325	500	http://farm6.staticflickr.com/5492/11272312763_3002ba0901_b.jpg	666	1024	http://farm6.staticflickr.com/5492/11272312763_50f7f045df_o.jpg	915	1406
01	Tinsley Brothers	Berlin under the New Empire, its institutions, inhabitants, industry ... With ... engravings, etc	VIZETELLY, Henry.		London	003807524		1879	http://www.flickr.com/photos/britishlibrary/11272265874	1	000148	11272265874	http://farm8.staticflickr.com/7370/11272265874_22cce231e0_m.jpg	240	215	http://farm8.staticflickr.com/7370/11272265874_22cce231e0.jpg	500	448	http://farm8.staticflickr.com/7370/11272265874_22cce231e0_b.jpg	1024	917	http://farm8.staticflickr.com/7370/11272265874_ee3a582328_o.jpg	1137	1018
01	American News Company	Round the world with General Grant. A narrative of the visit of General U. S. Grant ... to various countries ... in 1877, 1878, 1879. To which are added certain conversations with General Grant on questions connected with American politics and history ... With ... illustrations	YOUNG, John Russell.		New York	004002305		1879	http://www.flickr.com/photos/britishlibrary/11272239706	1	000168	11272239706	http://farm3.staticflickr.com/2823/11272239706_a771f70c60_m.jpg	161	240	http://farm3.staticflickr.com/2823/11272239706_a771f70c60.jpg	336	500	http://farm3.staticflickr.com/2823/11272239706_a771f70c60_b.jpg	689	1024	http://farm3.staticflickr.com/2823/11272239706_72b3260b0f_o.jpg	1153	1713
0	Waterlow & Sons	Up the River from Westminster to Windsor and Oxford; a descriptive panorama of Thames Scenery			London	003606029		1879	http://www.flickr.com/photos/britishlibrary/11272239356	1	000052	11272239356	http://farm6.staticflickr.com/5516/11272239356_d3fdd85b96_m.jpg	131	240	http://farm6.staticflickr.com/5516/11272239356_d3fdd85b96.jpg	273	500	http://farm6.staticflickr.com/5516/11272239356_d3fdd85b96_b.jpg	560	1024	http://farm6.staticflickr.com/5516/11272239356_21a29ccfc0_o.jpg	847	1548
0	Harper & Bros.	From Egypt to Palestine through Sinai, the Wilderness and the South Country. Observations of a journey made with special reference to the history of the Israelites ... With maps and illustrations	BARTLETT, Samuel Colcord.	lsidyv3c53baba	New York	000216339	ark:/81055/vdc_000000059CA0	1879	http://www.flickr.com/photos/britishlibrary/11272264624	1	000050	11272264624	http://farm8.staticflickr.com/7446/11272264624_6b9644a995_m.jpg	154	240	http://farm8.staticflickr.com/7446/11272264624_6b9644a995.jpg	322	500	http://farm8.staticflickr.com/7446/11272264624_6b9644a995_b.jpg	659	1024	http://farm8.staticflickr.com/7446/11272264624_e02a11aec8_o.jpg	825	1282
0	Wesleyan Conference Office	British Rule in South Africa. Illustrated in the Story of Kama and his tribe, and of the war in Zululand	HOLDEN, William Clifford.		London	001711117		1879	http://www.flickr.com/photos/britishlibrary/11272237656	1	000014	11272237656	http://farm6.staticflickr.com/5495/11272237656_932ecb7f8f_m.jpg	240	188	http://farm6.staticflickr.com/5495/11272237656_932ecb7f8f.jpg	500	391	http://farm6.staticflickr.com/5495/11272237656_932ecb7f8f_b.jpg	1024	801	http://farm6.staticflickr.com/5495/11272237656_c21ee409ce_o.jpg	1471	1151
02		Old and New London, etc	Thornbury, Walter	lsidyv3c47ab1a	London	003628788	ark:/81055/vdc_000000059328	1879	http://www.flickr.com/photos/britishlibrary/11272198215	1	000269	11272198215	http://farm8.staticflickr.com/7452/11272198215_a7e8526dc6_m.jpg	220	240	http://farm8.staticflickr.com/7452/11272198215_a7e8526dc6.jpg	458	500	http://farm8.staticflickr.com/7452/11272198215_a7e8526dc6_b.jpg	939	1024	http://farm8.staticflickr.com/7452/11272198215_c3638f03a2_o.jpg	1045	1140
0	Religious Tract Society	The Lands of Scripture: comprising “Those Holy Fields”; “The Land of the Pharaohs” [both by S. M.]; “Pictures from Bible Lands” (edited by S. G. Green. The illustrations by E. Whymper, etc.)	MANNING, Samuel LL.D		London	002369128		1879	http://www.flickr.com/photos/britishlibrary/11272263014	2	000410	11272263014	http://farm8.staticflickr.com/7450/11272263014_aa213dace8_m.jpg	212	240	http://farm8.staticflickr.com/7450/11272263014_aa213dace8.jpg	442	500	http://farm8.staticflickr.com/7450/11272263014_aa213dace8_b.jpg	905	1024	http://farm8.staticflickr.com/7450/11272263014_e7ee11f40e_o.jpg	1145	1295
0	Waterlow & Sons	Up the River from Westminster to Windsor and Oxford; a descriptive panorama of Thames Scenery			London	003606029		1879	http://www.flickr.com/photos/britishlibrary/11272197075	1	000146	11272197075	http://farm4.staticflickr.com/3697/11272197075_05b507be07_m.jpg	178	240	http://farm4.staticflickr.com/3697/11272197075_05b507be07.jpg	370	500	http://farm4.staticflickr.com/3697/11272197075_05b507be07_b.jpg	758	1024	http://farm4.staticflickr.com/3697/11272197075_39dacb41f5_o.jpg	955	1290
0	Western Historical Company	The History of Jackson County, Iowa ... Illustrated			Chicago	001833692		1879	http://www.flickr.com/photos/britishlibrary/11272307393	1	000020	11272307393	http://farm8.staticflickr.com/7451/11272307393_14a1e12587_m.jpg	238	240	http://farm8.staticflickr.com/7451/11272307393_14a1e12587.jpg	495	500	http://farm8.staticflickr.com/7451/11272307393_14a1e12587_b.jpg	1014	1024	http://farm8.staticflickr.com/7451/11272307393_539e0ac5e6_o.jpg	1186	1198
0		The History of Russia from the earliest times to 1877 ... Translated by L. B. Lang [with additions and emendations by the author]. ... With illustrations	RAMBAUD, Alfred Nicolas.		London	003034307		1879	http://www.flickr.com/photos/britishlibrary/11272305953	1	000255	11272305953	http://farm4.staticflickr.com/3719/11272305953_43b9687249_m.jpg	240	189	http://farm4.staticflickr.com/3719/11272305953_43b9687249.jpg	500	394	http://farm4.staticflickr.com/3719/11272305953_43b9687249_b.jpg	1024	806	http://farm4.staticflickr.com/3719/11272305953_63b4b4de89_o.jpg	1637	1288
0	Western Historical Company	The History of Muscatine County, Iowa ... Illustrated			Chicago	002592978		1879	http://www.flickr.com/photos/britishlibrary/11272194475	1	000092	11272194475	http://farm3.staticflickr.com/2875/11272194475_10ec84d6d6_m.jpg	198	240	http://farm3.staticflickr.com/2875/11272194475_10ec84d6d6.jpg	412	500	http://farm3.staticflickr.com/2875/11272194475_10ec84d6d6_b.jpg	843	1024	http://farm3.staticflickr.com/2875/11272194475_8901f19aa4_o.jpg	1283	1559
0	The Mission Press	The manners and customs of the Chinese of the Straits Settlements	VAUGHAN, Jonas Daniel.	lsidyv3c6920e3	Singapore	003763775	ark:/81055/vdc_00000005AABC	1879	http://www.flickr.com/photos/britishlibrary/11272194025	1	000083	11272194025	http://farm3.staticflickr.com/2849/11272194025_51ffa98cd7_m.jpg	207	240	http://farm3.staticflickr.com/2849/11272194025_51ffa98cd7.jpg	432	500	http://farm3.staticflickr.com/2849/11272194025_51ffa98cd7_b.jpg	885	1024	http://farm3.staticflickr.com/2849/11272194025_32222013f2_o.jpg	1310	1515
06		Old and New London, etc	Thornbury, Walter	lsidyv3c47ab1a	London	003628788	ark:/81055/vdc_000000059328	1879	http://www.flickr.com/photos/britishlibrary/11272304053	1	000505	11272304053	http://farm4.staticflickr.com/3701/11272304053_8d22e4c87c_m.jpg	130	240	http://farm4.staticflickr.com/3701/11272304053_8d22e4c87c.jpg	270	500	http://farm4.staticflickr.com/3701/11272304053_8d22e4c87c_b.jpg	553	1024	http://farm4.staticflickr.com/3701/11272304053_ff8f556ed9_o.jpg	957	1773
01	American News Company	Round the world with General Grant. A narrative of the visit of General U. S. Grant ... to various countries ... in 1877, 1878, 1879. To which are added certain conversations with General Grant on questions connected with American politics and history ... With ... illustrations	YOUNG, John Russell.		New York	004002305		1879	http://www.flickr.com/photos/britishlibrary/11272303283	1	000173	11272303283	http://farm8.staticflickr.com/7295/11272303283_b2b98ce678_m.jpg	174	240	http://farm8.staticflickr.com/7295/11272303283_b2b98ce678.jpg	362	500	http://farm8.staticflickr.com/7295/11272303283_b2b98ce678_b.jpg	741	1024	http://farm8.staticflickr.com/7295/11272303283_1b46f527c5_o.jpg	1245	1720
0		Saint-Pierre de Rome. Ouvrage illustré, etc	LORBAC, Charles de.		Rome	002259706		1879	http://www.flickr.com/photos/britishlibrary/11272231696	1	000128	11272231696	http://farm4.staticflickr.com/3816/11272231696_ab1e04e610_m.jpg	143	240	http://farm4.staticflickr.com/3816/11272231696_ab1e04e610.jpg	298	500	http://farm4.staticflickr.com/3816/11272231696_ab1e04e610_b.jpg	610	1024	http://farm4.staticflickr.com/3816/11272231696_b32be93357_o.jpg	890	1495
01		The Australian abroad. Branches from the Main Routes round the World. [Reprinted from the Melbourne “Argus.” With illustrations.] 2 series	HINGSTON, James.	lsidyv3cbf9abe	London	001689101	ark:/81055/vdc_00000005DA7A	1879	http://www.flickr.com/photos/britishlibrary/11272302013	1	000104	11272302013	http://farm6.staticflickr.com/5523/11272302013_bfdc2664f0_m.jpg	240	153	http://farm6.staticflickr.com/5523/11272302013_bfdc2664f0.jpg	500	319	http://farm6.staticflickr.com/5523/11272302013_bfdc2664f0_b.jpg	1024	653	http://farm6.staticflickr.com/5523/11272302013_88388ca715_o.jpg	1417	903
01	American News Company	Round the world with General Grant. A narrative of the visit of General U. S. Grant ... to various countries ... in 1877, 1878, 1879. To which are added certain conversations with General Grant on questions connected with American politics and history ... With ... illustrations	YOUNG, John Russell.		New York	004002305		1879	http://www.flickr.com/photos/britishlibrary/11272190395	1	000576	11272190395	http://farm8.staticflickr.com/7292/11272190395_c4a17960dd_m.jpg	178	240	http://farm8.staticflickr.com/7292/11272190395_c4a17960dd.jpg	371	500	http://farm8.staticflickr.com/7292/11272190395_c4a17960dd_b.jpg	760	1024	http://farm8.staticflickr.com/7292/11272190395_5f7f830389_o.jpg	1261	1700
0	Ward, Lock & Co.	Brave Old Ballads. Illustrated with coloured engravings from drawings by John Gilbert	Gilbert, John Sir		London	000183576		1879	http://www.flickr.com/photos/britishlibrary/11272255334	1	000010	11272255334	http://farm4.staticflickr.com/3816/11272255334_f451a504b5_m.jpg	199	240	http://farm4.staticflickr.com/3816/11272255334_f451a504b5.jpg	416	500	http://farm4.staticflickr.com/3816/11272255334_f451a504b5_b.jpg	851	1024	http://farm4.staticflickr.com/3816/11272255334_003ce08fd0_o.jpg	966	1163
0	Lewis, Peck & Co.	History of Steuben County, New York, with illustrations and biographical sketches of some of its prominent men and pioneers	CLAYTON, W. Woodford.		Philadelphia	000719876		1879	http://www.flickr.com/photos/britishlibrary/11272228496	1	000631	11272228496	http://farm3.staticflickr.com/2885/11272228496_9ca5c604d5_m.jpg	240	153	http://farm3.staticflickr.com/2885/11272228496_9ca5c604d5.jpg	500	318	http://farm3.staticflickr.com/2885/11272228496_9ca5c604d5_b.jpg	1024	652	http://farm3.staticflickr.com/2885/11272228496_214d4aa27d_o.jpg	1486	946
0	Marcus Ward & Co.	Our Native Land, its scenery and associations. A series of 36 water-colour sketches after Rowbotham, Read, Needham, and other eminent artists. With descriptive notes. [The author of the text identified on the wrapper of pt. 1 as “the author of By Loch and by Land”, i.e. Jean L. Watson.]	WATSON, Jean L.		London	001140593		1879	http://www.flickr.com/photos/britishlibrary/11272227886	1	000241	11272227886	http://farm8.staticflickr.com/7324/11272227886_cbe5c6b75e_m.jpg	240	159	http://farm8.staticflickr.com/7324/11272227886_cbe5c6b75e.jpg	500	331	http://farm8.staticflickr.com/7324/11272227886_cbe5c6b75e_b.jpg	1024	677	http://farm8.staticflickr.com/7324/11272227886_75330775af_o.jpg	1312	867
0		Nouveau Guide complet du Parisien et de l'Étranger. Paris-Exact	PILLE, L. and FERRIER (A.)		Paris	002917540		1879	http://www.flickr.com/photos/britishlibrary/11272186315	1	000128	11272186315	http://farm8.staticflickr.com/7432/11272186315_d1295910b5_m.jpg	240	138	http://farm8.staticflickr.com/7432/11272186315_d1295910b5.jpg	500	287	http://farm8.staticflickr.com/7432/11272186315_d1295910b5_b.jpg	1024	588	http://farm8.staticflickr.com/7432/11272186315_a2469ec5d2_o.jpg	1778	1021
03		Paris à travers les siècles. Histoire nationale de Paris et des Parisiens depuis la fondation de Lutèce jusqu'à nos jours, etc	GOURDON DE GENOUILLAC, Nicolas Jules Henri.		Paris	001476975		1879	http://www.flickr.com/photos/britishlibrary/11272226826	1	000078	11272226826	http://farm6.staticflickr.com/5475/11272226826_32bc2416ed_m.jpg	153	240	http://farm6.staticflickr.com/5475/11272226826_32bc2416ed.jpg	319	500	http://farm6.staticflickr.com/5475/11272226826_32bc2416ed_b.jpg	653	1024	http://farm6.staticflickr.com/5475/11272226826_722606508a_o.jpg	1038	1628
02	American News Company	Round the world with General Grant. A narrative of the visit of General U. S. Grant ... to various countries ... in 1877, 1878, 1879. To which are added certain conversations with General Grant on questions connected with American politics and history ... With ... illustrations	YOUNG, John Russell.		New York	004002305		1879	http://www.flickr.com/photos/britishlibrary/11272252604	1	000670	11272252604	http://farm4.staticflickr.com/3721/11272252604_a453cac1b8_m.jpg	170	240	http://farm4.staticflickr.com/3721/11272252604_a453cac1b8.jpg	354	500	http://farm4.staticflickr.com/3721/11272252604_a453cac1b8_b.jpg	725	1024	http://farm4.staticflickr.com/3721/11272252604_7018e3d4e2_o.jpg	1188	1677
0		The Wild Man at Home: or, pictures of life in savage lands ... With woodcuts ... and coloured illustrations	GREENWOOD, James Novelist	lsidyv2af6fa2f	London, Edinburgh	001503444	ark:/81055/vdc_0000000519A2	1879	http://www.flickr.com/photos/britishlibrary/11272185645	1	000334	11272185645	http://farm8.staticflickr.com/7419/11272185645_773b07c0d5_m.jpg	205	240	http://farm8.staticflickr.com/7419/11272185645_773b07c0d5.jpg	427	500	http://farm8.staticflickr.com/7419/11272185645_773b07c0d5_b.jpg	874	1024	http://farm8.staticflickr.com/7419/11272185645_8305e0a802_o.jpg	1140	1336
0	T. Lewis	Waltham, past and present, and its industries. With ... photographic illustrations	NELSON, Charles Alexander.		Cambridge [Mass.]	002618620		1879	http://www.flickr.com/photos/britishlibrary/11272296233	1	000027	11272296233	http://farm4.staticflickr.com/3767/11272296233_1500976302_m.jpg	173	240	http://farm4.staticflickr.com/3767/11272296233_1500976302.jpg	360	500	http://farm4.staticflickr.com/3767/11272296233_1500976302_b.jpg	738	1024	http://farm4.staticflickr.com/3767/11272296233_c37002e566_o.jpg	1008	1398
0	Marcus Ward & Co.	Our Native Land, its scenery and associations. A series of 36 water-colour sketches after Rowbotham, Read, Needham, and other eminent artists. With descriptive notes. [The author of the text identified on the wrapper of pt. 1 as “the author of By Loch and by Land”, i.e. Jean L. Watson.]	WATSON, Jean L.		London	001140593		1879	http://www.flickr.com/photos/britishlibrary/11272250284	1	000278	11272250284	http://farm4.staticflickr.com/3756/11272250284_de1896767d_m.jpg	123	240	http://farm4.staticflickr.com/3756/11272250284_de1896767d.jpg	255	500	http://farm4.staticflickr.com/3756/11272250284_de1896767d_b.jpg	523	1024	http://farm4.staticflickr.com/3756/11272250284_48d22df6ee_o.jpg	918	1798
0	Marcus Ward & Co.	Our Native Land, its scenery and associations. A series of 36 water-colour sketches after Rowbotham, Read, Needham, and other eminent artists. With descriptive notes. [The author of the text identified on the wrapper of pt. 1 as “the author of By Loch and by Land”, i.e. Jean L. Watson.]	WATSON, Jean L.		London	001140593		1879	http://www.flickr.com/photos/britishlibrary/11272294643	1	000356	11272294643	http://farm4.staticflickr.com/3827/11272294643_8d04debbac_m.jpg	240	228	http://farm4.staticflickr.com/3827/11272294643_8d04debbac.jpg	500	475	http://farm4.staticflickr.com/3827/11272294643_8d04debbac_b.jpg	1024	972	http://farm4.staticflickr.com/3827/11272294643_7c5a2b10f6_o.jpg	1196	1135
01	Tinsley Brothers	Berlin under the New Empire, its institutions, inhabitants, industry ... With ... engravings, etc	VIZETELLY, Henry.		London	003807524		1879	http://www.flickr.com/photos/britishlibrary/11272223196	1	000125	11272223196	http://farm4.staticflickr.com/3780/11272223196_fa1694d081_m.jpg	240	188	http://farm4.staticflickr.com/3780/11272223196_fa1694d081.jpg	500	393	http://farm4.staticflickr.com/3780/11272223196_fa1694d081_b.jpg	1024	804	http://farm4.staticflickr.com/3780/11272223196_84046eba96_o.jpg	1186	931
0	Marchant, Singer & Co.	The Sixpenny Guide to Swanage, etc	BURROWES, Edward Denies.	lsidyv3c402cf2	London	000545374	ark:/81055/vdc_000000058BC6	1879	http://www.flickr.com/photos/britishlibrary/11272248814	1	000058	11272248814	http://farm4.staticflickr.com/3735/11272248814_8320af5a1a_m.jpg	158	240	http://farm4.staticflickr.com/3735/11272248814_8320af5a1a.jpg	328	500	http://farm4.staticflickr.com/3735/11272248814_8320af5a1a_b.jpg	672	1024	http://farm4.staticflickr.com/3735/11272248814_b98ff1e26d_o.jpg	837	1276
0	F. W. Bird	History of the Town of Douglas, Massachusetts, from the earliest period to the close of 1878	EMERSON, William Andrew.		Boston [Mass.]	001065911		1879	http://www.flickr.com/photos/britishlibrary/11272221796	1	000297	11272221796	http://farm4.staticflickr.com/3802/11272221796_a3cab7c1b1_m.jpg	199	240	http://farm4.staticflickr.com/3802/11272221796_a3cab7c1b1.jpg	414	500	http://farm4.staticflickr.com/3802/11272221796_a3cab7c1b1_b.jpg	847	1024	http://farm4.staticflickr.com/3802/11272221796_0ab86a897a_o.jpg	1217	1472
01		Narrative of a journey through the province of Khorassan and on the N.W. frontier of Afghanistan in 1875 ... With illustrations	MacGregor, Charles Metcalfe Sir	lsidyv3c71d1bc	London	002315775	ark:/81055/vdc_00000005B032	1879	http://www.flickr.com/photos/britishlibrary/11272293383	1	000326	11272293383	http://farm8.staticflickr.com/7420/11272293383_9bd91d2203_m.jpg	240	240	http://farm8.staticflickr.com/7420/11272293383_9bd91d2203.jpg	499	500	http://farm8.staticflickr.com/7420/11272293383_9bd91d2203_b.jpg	1022	1024	http://farm8.staticflickr.com/7420/11272293383_db93323447_o.jpg	1378	1381
0	J. A. & R. A. Reid	The Past and the Present. Narragansett sea and shore. An illustrated guide to Providence, Newport, Narragansett Pier, Block Island, Watch Hill, Rocky Point, Silver Spring, and all the famous sea-side resorts of Rhode Island, with a map of Narragansett Bay	DENISON, Frederic.		Providence	000908069		1879	http://www.flickr.com/photos/britishlibrary/11272247704	1	000106	11272247704	http://farm6.staticflickr.com/5504/11272247704_6dc755d55c_m.jpg	221	240	http://farm6.staticflickr.com/5504/11272247704_6dc755d55c.jpg	460	500	http://farm6.staticflickr.com/5504/11272247704_6dc755d55c_b.jpg	943	1024	http://farm6.staticflickr.com/5504/11272247704_460e924cee_o.jpg	1057	1148
0	D. W. Ensign & Co.	History of Columbiana County, Ohio, with illustrations and biographical sketches of its prominent men and pioneers	MACK, Horace.		Philadelphia	002319445		1879	http://www.flickr.com/photos/britishlibrary/11272246234	3	000221	11272246234	http://farm8.staticflickr.com/7437/11272246234_baf6ed2ef2_m.jpg	154	240	http://farm8.staticflickr.com/7437/11272246234_baf6ed2ef2.jpg	321	500	http://farm8.staticflickr.com/7437/11272246234_baf6ed2ef2_b.jpg	657	1024	http://farm8.staticflickr.com/7437/11272246234_d5d901bb22_o.jpg	957	1492
0	Western Historical Company	The History of Jones County, Iowa ... illustrated			Chicago	001892342		1879	http://www.flickr.com/photos/britishlibrary/11272180885	1	000018	11272180885	http://farm8.staticflickr.com/7362/11272180885_12fbebc426_m.jpg	238	240	http://farm8.staticflickr.com/7362/11272180885_12fbebc426.jpg	495	500	http://farm8.staticflickr.com/7362/11272180885_12fbebc426_b.jpg	1014	1024	http://farm8.staticflickr.com/7362/11272180885_ae7feda4c7_o.jpg	1196	1208
0	Wesleyan Conference Office	Rambles in Bible Lands	NEWTON, Richard D.D., Rector of St. Paul's Church, Philadelphia	lsidyv3ca35e3a	London	002646495	ark:/81055/vdc_00000005C826	1879	http://www.flickr.com/photos/britishlibrary/11272290923	1	000020	11272290923	http://farm4.staticflickr.com/3699/11272290923_74eac18684_m.jpg	196	240	http://farm4.staticflickr.com/3699/11272290923_74eac18684.jpg	408	500	http://farm4.staticflickr.com/3699/11272290923_74eac18684_b.jpg	835	1024	http://farm4.staticflickr.com/3699/11272290923_b700d5dcb7_o.jpg	1122	1376
01	William Mackenzie	The National Burns. Edited by Rev. George Gilfillan, including the airs of all the songs, and an original life of Burns by the editor. [With plates, including portraits.]	Burns, Robert		Glasgow	000543200		1879	http://www.flickr.com/photos/britishlibrary/11272218036	1	000250	11272218036	http://farm6.staticflickr.com/5488/11272218036_6ae425978b_m.jpg	240	237	http://farm6.staticflickr.com/5488/11272218036_6ae425978b.jpg	500	493	http://farm6.staticflickr.com/5488/11272218036_6ae425978b_b.jpg	1024	1010	http://farm6.staticflickr.com/5488/11272218036_d044292bf8_o.jpg	1290	1272
0	Western Historical Company	The history of Henry County, Iowa. ... Illustrated			Chicago	001653329		1879	http://www.flickr.com/photos/britishlibrary/11272244044	1	000092	11272244044	http://farm6.staticflickr.com/5474/11272244044_47270ed3d4_m.jpg	196	240	http://farm6.staticflickr.com/5474/11272244044_47270ed3d4.jpg	408	500	http://farm6.staticflickr.com/5474/11272244044_47270ed3d4_b.jpg	836	1024	http://farm6.staticflickr.com/5474/11272244044_d4bb55ea79_o.jpg	1283	1572
02	American News Company	Round the world with General Grant. A narrative of the visit of General U. S. Grant ... to various countries ... in 1877, 1878, 1879. To which are added certain conversations with General Grant on questions connected with American politics and history ... With ... illustrations	YOUNG, John Russell.		New York	004002305		1879	http://www.flickr.com/photos/britishlibrary/11272244404	1	000100	11272244404	http://farm4.staticflickr.com/3823/11272244404_4571efeba6_m.jpg	240	176	http://farm4.staticflickr.com/3823/11272244404_4571efeba6.jpg	500	368	http://farm4.staticflickr.com/3823/11272244404_4571efeba6_b.jpg	1024	753	http://farm4.staticflickr.com/3823/11272244404_277c604402_o.jpg	1690	1243
0	N. D. Thompson & Co.	A Pictorial History of Texas, from the earliest visits of European adventurers to A.D. 1879 ... Third edition, ... revised	THRALL, Homer S.		St. Louis, Mo	003632148		1879	http://www.flickr.com/photos/britishlibrary/11272287743	1	000261	11272287743	http://farm3.staticflickr.com/2873/11272287743_147d1f2449_m.jpg	192	240	http://farm3.staticflickr.com/2873/11272287743_147d1f2449.jpg	400	500	http://farm3.staticflickr.com/2873/11272287743_147d1f2449_b.jpg	820	1024	http://farm3.staticflickr.com/2873/11272287743_fa7e3f51ca_o.jpg	1040	1298
0	Marcus Ward & Co.	Our Native Land, its scenery and associations. A series of 36 water-colour sketches after Rowbotham, Read, Needham, and other eminent artists. With descriptive notes. [The author of the text identified on the wrapper of pt. 1 as “the author of By Loch and by Land”, i.e. Jean L. Watson.]	WATSON, Jean L.		London	001140593		1879	http://www.flickr.com/photos/britishlibrary/11272176465	1	000331	11272176465	http://farm3.staticflickr.com/2807/11272176465_7c85fdfabf_m.jpg	240	192	http://farm3.staticflickr.com/2807/11272176465_7c85fdfabf.jpg	500	400	http://farm3.staticflickr.com/2807/11272176465_7c85fdfabf_b.jpg	1024	819	http://farm3.staticflickr.com/2807/11272176465_e52eba5d6c_o.jpg	1465	1171
0	W. Mullan & Son	Winifred Martin. A story of English family life ... With illustrations, etc	BROOK, afterwards ROSS, Ellen.		London & Belfast	000486054		1879	http://www.flickr.com/photos/britishlibrary/11272242734	1	000435	11272242734	http://farm4.staticflickr.com/3778/11272242734_19b31a0ccf_m.jpg	240	237	http://farm4.staticflickr.com/3778/11272242734_19b31a0ccf.jpg	500	494	http://farm4.staticflickr.com/3778/11272242734_19b31a0ccf_b.jpg	1024	1012	http://farm4.staticflickr.com/3778/11272242734_a121bece4d_o.jpg	1135	1122
01	American News Company	Round the world with General Grant. A narrative of the visit of General U. S. Grant ... to various countries ... in 1877, 1878, 1879. To which are added certain conversations with General Grant on questions connected with American politics and history ... With ... illustrations	YOUNG, John Russell.		New York	004002305		1879	http://www.flickr.com/photos/britishlibrary/11272241454	1	000665	11272241454	http://farm6.staticflickr.com/5510/11272241454_532269c659_m.jpg	172	240	http://farm6.staticflickr.com/5510/11272241454_532269c659.jpg	358	500	http://farm6.staticflickr.com/5510/11272241454_532269c659_b.jpg	733	1024	http://farm6.staticflickr.com/5510/11272241454_5ca0150671_o.jpg	1232	1722
0	John Murray	[The Student's Manual of Modern Geography. Mathematical, physical, and descriptive.]	BEVAN, William Latham.	lsidyv3ca2f2a9	London	000307737	ark:/81055/vdc_00000005C7F6	1879	http://www.flickr.com/photos/britishlibrary/11272285653	1	000172	11272285653	http://farm6.staticflickr.com/5537/11272285653_b2f10d05f4_m.jpg	170	240	http://farm6.staticflickr.com/5537/11272285653_b2f10d05f4.jpg	354	500	http://farm6.staticflickr.com/5537/11272285653_b2f10d05f4_b.jpg	726	1024	http://farm6.staticflickr.com/5537/11272285653_7c1c4818e7_o.jpg	868	1225
02		The Borders of the Tamar and the Tavy; their natural history, etc. A new edition	STOTHARD, afterwards BRAY, Anna Eliza.	lsidyv3c4640f3	London	003517963	ark:/81055/vdc_0000000591E4	1879	http://www.flickr.com/photos/britishlibrary/11272285003	1	000163	11272285003	http://farm3.staticflickr.com/2835/11272285003_89aff4b14b_m.jpg	175	240	http://farm3.staticflickr.com/2835/11272285003_89aff4b14b.jpg	364	500	http://farm3.staticflickr.com/2835/11272285003_89aff4b14b_b.jpg	746	1024	http://farm3.staticflickr.com/2835/11272285003_d584af23ee_o.jpg	890	1222
01		Paris à travers les siècles. Histoire nationale de Paris et des Parisiens depuis la fondation de Lutèce jusqu'à nos jours, etc	GOURDON DE GENOUILLAC, Nicolas Jules Henri.		Paris	001476975		1879	http://www.flickr.com/photos/britishlibrary/11272173935	1	001207	11272173935	http://farm4.staticflickr.com/3721/11272173935_26a393321d_m.jpg	161	240	http://farm4.staticflickr.com/3721/11272173935_26a393321d.jpg	336	500	http://farm4.staticflickr.com/3721/11272173935_26a393321d_b.jpg	689	1024	http://farm4.staticflickr.com/3721/11272173935_2bac7d30d3_o.jpg	1103	1640
0		[Brazil and the Brazilians ... in historical and descriptive sketches ... Engravings.]	KIDDER, Daniel Parish and FLETCHER (James C.)		London	001961854		1879	http://www.flickr.com/photos/britishlibrary/11272239364	1	000595	11272239364	http://farm8.staticflickr.com/7435/11272239364_002c670192_m.jpg	142	240	http://farm8.staticflickr.com/7435/11272239364_002c670192.jpg	295	500	http://farm8.staticflickr.com/7435/11272239364_002c670192_b.jpg	604	1024	http://farm8.staticflickr.com/7435/11272239364_b4169d5c0f_o.jpg	822	1393
0	John Murray	[The Student's Manual of Modern Geography. Mathematical, physical, and descriptive.]	BEVAN, William Latham.	lsidyv3ca2f2a9	London	000307737	ark:/81055/vdc_00000005C7F6	1879	http://www.flickr.com/photos/britishlibrary/11272173285	1	000392	11272173285	http://farm3.staticflickr.com/2839/11272173285_bbe42044c4_m.jpg	171	240	http://farm3.staticflickr.com/2839/11272173285_bbe42044c4.jpg	357	500	http://farm3.staticflickr.com/2839/11272173285_bbe42044c4_b.jpg	731	1024	http://farm3.staticflickr.com/2839/11272173285_f480c27e47_o.jpg	875	1225
0	Moses King	King's Handbook of Boston. Profusely illustrated. [With a map.]	KING, Moses.		Cambridge, Mass	001968594		1879	http://www.flickr.com/photos/britishlibrary/11272238514	1	000155	11272238514	http://farm6.staticflickr.com/5487/11272238514_44880225db_m.jpg	240	214	http://farm6.staticflickr.com/5487/11272238514_44880225db.jpg	500	446	http://farm6.staticflickr.com/5487/11272238514_44880225db_b.jpg	1024	913	http://farm6.staticflickr.com/5487/11272238514_448df02a4a_o.jpg	1153	1028
0	Religious Tract Society	The Lands of Scripture: comprising “Those Holy Fields”; “The Land of the Pharaohs” [both by S. M.]; “Pictures from Bible Lands” (edited by S. G. Green. The illustrations by E. Whymper, etc.)	MANNING, Samuel LL.D		London	002369128		1879	http://www.flickr.com/photos/britishlibrary/11272171685	1	000101	11272171685	http://farm6.staticflickr.com/5546/11272171685_7137740e2f_m.jpg	74	240	http://farm6.staticflickr.com/5546/11272171685_7137740e2f.jpg	155	500	http://farm6.staticflickr.com/5546/11272171685_7137740e2f_b.jpg	317	1024	http://farm6.staticflickr.com/5546/11272171685_3a477e90d6_o.jpg	622	2008
0		Les Vieilles Villes de Suisse. Notes et souvenirs. Ouvrage illustré de 105 dessins à la plume par A. Robida reproduits en fac-simile	ROBIDA, Albert.		Paris	003121715		1879	http://www.flickr.com/photos/britishlibrary/11272209916	1	000263	11272209916	http://farm8.staticflickr.com/7425/11272209916_36aa94df4e_m.jpg	240	234	http://farm8.staticflickr.com/7425/11272209916_36aa94df4e.jpg	500	488	http://farm8.staticflickr.com/7425/11272209916_36aa94df4e_b.jpg	1024	999	http://farm8.staticflickr.com/7425/11272209916_16948fb4c7_o.jpg	1422	1387
0		The Illustrated Guide to Sheffield and the surrounding district, etc	TAYLOR, John of Sheffield		Sheffield	003589731		1879	http://www.flickr.com/photos/britishlibrary/11272280773	1	000331	11272280773	http://farm4.staticflickr.com/3822/11272280773_747079b139_m.jpg	240	136	http://farm4.staticflickr.com/3822/11272280773_747079b139.jpg	500	284	http://farm4.staticflickr.com/3822/11272280773_747079b139_b.jpg	1024	581	http://farm4.staticflickr.com/3822/11272280773_c4339d01bf_o.jpg	1688	958
01	Tinsley Brothers	Berlin under the New Empire, its institutions, inhabitants, industry ... With ... engravings, etc	VIZETELLY, Henry.		London	003807524		1879	http://www.flickr.com/photos/britishlibrary/11272208356	1	000171	11272208356	http://farm4.staticflickr.com/3800/11272208356_3718238f54_m.jpg	240	213	http://farm4.staticflickr.com/3800/11272208356_3718238f54.jpg	500	444	http://farm4.staticflickr.com/3800/11272208356_3718238f54_b.jpg	1024	909	http://farm4.staticflickr.com/3800/11272208356_865b0bd52f_o.jpg	1143	1015
01	Tinsley Brothers	Berlin under the New Empire, its institutions, inhabitants, industry ... With ... engravings, etc	VIZETELLY, Henry.		London	003807524		1879	http://www.flickr.com/photos/britishlibrary/11272208056	1	000416	11272208056	http://farm8.staticflickr.com/7327/11272208056_0b5d8cf36e_m.jpg	197	240	http://farm8.staticflickr.com/7327/11272208056_0b5d8cf36e.jpg	411	500	http://farm8.staticflickr.com/7327/11272208056_0b5d8cf36e_b.jpg	841	1024	http://farm8.staticflickr.com/7327/11272208056_65353b9d49_o.jpg	1072	1305
0		The Wild Man at Home: or, pictures of life in savage lands ... With woodcuts ... and coloured illustrations	GREENWOOD, James Novelist	lsidyv2af6fa2f	London, Edinburgh	001503444	ark:/81055/vdc_0000000519A2	1879	http://www.flickr.com/photos/britishlibrary/11272207136	1	000295	11272207136	http://farm6.staticflickr.com/5512/11272207136_6609b9c52f_m.jpg	240	230	http://farm6.staticflickr.com/5512/11272207136_6609b9c52f.jpg	500	480	http://farm6.staticflickr.com/5512/11272207136_6609b9c52f_b.jpg	1024	983	http://farm6.staticflickr.com/5512/11272207136_d8f0f6368a_o.jpg	1441	1383
0	N. D. Thompson & Co.	A Pictorial History of Texas, from the earliest visits of European adventurers to A.D. 1879 ... Third edition, ... revised	THRALL, Homer S.		St. Louis, Mo	003632148		1879	http://www.flickr.com/photos/britishlibrary/11272279063	1	000561	11272279063	http://farm4.staticflickr.com/3820/11272279063_5f9bb25e1b_m.jpg	240	184	http://farm4.staticflickr.com/3820/11272279063_5f9bb25e1b.jpg	500	382	http://farm4.staticflickr.com/3820/11272279063_5f9bb25e1b_b.jpg	1024	783	http://farm4.staticflickr.com/3820/11272279063_be969eb92b_o.jpg	1421	1087
0	John Murray	[The Student's Manual of Modern Geography. Mathematical, physical, and descriptive.]	BEVAN, William Latham.	lsidyv3ca2f2a9	London	000307737	ark:/81055/vdc_00000005C7F6	1879	http://www.flickr.com/photos/britishlibrary/11272167935	1	000470	11272167935	http://farm6.staticflickr.com/5505/11272167935_680556df55_m.jpg	201	240	http://farm6.staticflickr.com/5505/11272167935_680556df55.jpg	419	500	http://farm6.staticflickr.com/5505/11272167935_680556df55_b.jpg	858	1024	http://farm6.staticflickr.com/5505/11272167935_5a6b6a8b5e_o.jpg	1026	1225
06		Old and New London, etc	Thornbury, Walter	lsidyv3c47ab1a	London	003628788	ark:/81055/vdc_000000059328	1879	http://www.flickr.com/photos/britishlibrary/11272277733	1	000205	11272277733	http://farm4.staticflickr.com/3826/11272277733_ba2c3a423e_m.jpg	96	240	http://farm4.staticflickr.com/3826/11272277733_ba2c3a423e.jpg	200	500	http://farm4.staticflickr.com/3826/11272277733_ba2c3a423e_b.jpg	409	1024	http://farm4.staticflickr.com/3826/11272277733_c5492cb36b_o.jpg	758	1896
0	Cassell, Petter, Galpin & Co.	Morocco: its people and places ... Translated by C. Rollin-Tilton. With ... illustrations	AMICIS, Edmondo de.	lsidyv3c6b00d2	London	000070870	ark:/81055/vdc_00000005AC0C	1879	http://www.flickr.com/photos/britishlibrary/11272277393	1	000116	11272277393	http://farm6.staticflickr.com/5525/11272277393_1c0c3996a8_m.jpg	240	113	http://farm6.staticflickr.com/5525/11272277393_1c0c3996a8.jpg	500	236	http://farm6.staticflickr.com/5525/11272277393_1c0c3996a8_b.jpg	1024	483	http://farm6.staticflickr.com/5525/11272277393_03b8023cb7_o.jpg	1593	752
0	Marcus Ward & Co.	Our Native Land, its scenery and associations. A series of 36 water-colour sketches after Rowbotham, Read, Needham, and other eminent artists. With descriptive notes. [The author of the text identified on the wrapper of pt. 1 as “the author of By Loch and by Land”, i.e. Jean L. Watson.]	WATSON, Jean L.		London	001140593		1879	http://www.flickr.com/photos/britishlibrary/11272204666	1	000283	11272204666	http://farm6.staticflickr.com/5538/11272204666_e5e8d439c2_m.jpg	79	240	http://farm6.staticflickr.com/5538/11272204666_e5e8d439c2.jpg	165	500	http://farm6.staticflickr.com/5538/11272204666_e5e8d439c2_b.jpg	337	1024	http://farm6.staticflickr.com/5538/11272204666_c3874cbc1f_o.jpg	625	1897
0	Union Historical Co.	The History of Madison County ... Illustrated			Des Moines	002336728		1879	http://www.flickr.com/photos/britishlibrary/11272231574	1	000463	11272231574	http://farm4.staticflickr.com/3730/11272231574_19f3a4de4f_m.jpg	240	175	http://farm4.staticflickr.com/3730/11272231574_19f3a4de4f.jpg	500	365	http://farm4.staticflickr.com/3730/11272231574_19f3a4de4f_b.jpg	1024	747	http://farm4.staticflickr.com/3730/11272231574_e43399be7c_o.jpg	1606	1172
01		The Australian abroad. Branches from the Main Routes round the World. [Reprinted from the Melbourne “Argus.” With illustrations.] 2 series	HINGSTON, James.	lsidyv3cbf9abe	London	001689101	ark:/81055/vdc_00000005DA7A	1879	http://www.flickr.com/photos/britishlibrary/11272274833	1	000275	11272274833	http://farm4.staticflickr.com/3754/11272274833_c0d2778765_m.jpg	167	240	http://farm4.staticflickr.com/3754/11272274833_c0d2778765.jpg	349	500	http://farm4.staticflickr.com/3754/11272274833_c0d2778765_b.jpg	714	1024	http://farm4.staticflickr.com/3754/11272274833_eb3d6439c5_o.jpg	976	1400
01	D. Appleton & Co.	[Appleton's European Guide Book illustrated. Including England, Scotland, and Ireland, France, Belgium, Holland, Northern and Southern Germany, Switzerland, Italy, Spain and Portugal, Russia, Denmark, Norway, and Sweden. Containing ... maps, etc.]	APPLETON, Daniel AND CO	lsidyv3cbe7355	New York; Longmans & Co	000100280	ark:/81055/vdc_00000005D9DE	1879	http://www.flickr.com/photos/britishlibrary/11272274823	1	000249	11272274823	http://farm6.staticflickr.com/5512/11272274823_fd8ece5a4e_m.jpg	160	240	http://farm6.staticflickr.com/5512/11272274823_fd8ece5a4e.jpg	333	500	http://farm6.staticflickr.com/5512/11272274823_fd8ece5a4e_b.jpg	682	1024	http://farm6.staticflickr.com/5512/11272274823_f227caeca8_o.jpg	821	1233
0	Cassell, Petter, Galpin & Co.	Morocco: its people and places ... Translated by C. Rollin-Tilton. With ... illustrations	AMICIS, Edmondo de.	lsidyv3c6b00d2	London	000070870	ark:/81055/vdc_00000005AC0C	1879	http://www.flickr.com/photos/britishlibrary/11272164335	1	000039	11272164335	http://farm8.staticflickr.com/7405/11272164335_9584d9fc51_m.jpg	240	225	http://farm8.staticflickr.com/7405/11272164335_9584d9fc51.jpg	500	469	http://farm8.staticflickr.com/7405/11272164335_9584d9fc51_b.jpg	1024	961	http://farm8.staticflickr.com/7405/11272164335_ae0e7ff390_o.jpg	1158	1087
0	Everts & Abbott	History of Hillsdale County, Michigan, with illustrations and biographical sketches of some of its prominent men, etc	Johnson, Crisfield.		Philadelphia	001884500		1879	http://www.flickr.com/photos/britishlibrary/11272273603	2	000315	11272273603	http://farm8.staticflickr.com/7408/11272273603_6e9f2dca15_m.jpg	240	180	http://farm8.staticflickr.com/7408/11272273603_6e9f2dca15.jpg	500	375	http://farm8.staticflickr.com/7408/11272273603_6e9f2dca15_b.jpg	1024	769	http://farm8.staticflickr.com/7408/11272273603_cc21c4f59a_o.jpg	1195	897
0	Religious Tract Society	The Lands of Scripture: comprising “Those Holy Fields”; “The Land of the Pharaohs” [both by S. M.]; “Pictures from Bible Lands” (edited by S. G. Green. The illustrations by E. Whymper, etc.)	MANNING, Samuel LL.D		London	002369128		1879	http://www.flickr.com/photos/britishlibrary/11272228494	1	000193	11272228494	http://farm6.staticflickr.com/5544/11272228494_d7b49249ac_m.jpg	68	240	http://farm6.staticflickr.com/5544/11272228494_d7b49249ac.jpg	143	500	http://farm6.staticflickr.com/5544/11272228494_d7b49249ac_b.jpg	292	1024	http://farm6.staticflickr.com/5544/11272228494_726394549b_o.jpg	572	2008
0	Macmillan and Co.	The Arctic Voyages of A. E. Nordenskiöld. 1858-1879. With illustrations and maps	LESLIE, Alexander of Aberdeen		London	002142895		1879	http://www.flickr.com/photos/britishlibrary/11272272823	1	000102	11272272823	http://farm6.staticflickr.com/5492/11272272823_46b14d1b4b_m.jpg	191	240	http://farm6.staticflickr.com/5492/11272272823_46b14d1b4b.jpg	399	500	http://farm6.staticflickr.com/5492/11272272823_46b14d1b4b_b.jpg	817	1024	http://farm6.staticflickr.com/5492/11272272823_47f841583a_o.jpg	1210	1517
0	Jarrold & Sons	John Snow's Wife; and other temperance stories. By the Rev. C. Courtenay ... and other writers	COURTENAY, Charles.		London	000801566		1879	http://www.flickr.com/photos/britishlibrary/11272161185	1	000122	11272161185	http://farm8.staticflickr.com/7312/11272161185_6e879b2b6b_m.jpg	240	164	http://farm8.staticflickr.com/7312/11272161185_6e879b2b6b.jpg	500	342	http://farm8.staticflickr.com/7312/11272161185_6e879b2b6b_b.jpg	1024	701	http://farm8.staticflickr.com/7312/11272161185_ebae35ccf0_o.jpg	1756	1202
0	Religious Tract Society	English Pictures drawn with pen and pencil	MANNING, Samuel LL.D. and GREEN (Samuel Gosnell)	lsidyv3c492c1d	London	002369135	ark:/81055/vdc_000000059460	1879	http://www.flickr.com/photos/britishlibrary/11272226014	1	000078	11272226014	http://farm6.staticflickr.com/5509/11272226014_cf9832b982_m.jpg	167	240	http://farm6.staticflickr.com/5509/11272226014_cf9832b982.jpg	349	500	http://farm6.staticflickr.com/5509/11272226014_cf9832b982_b.jpg	714	1024	http://farm6.staticflickr.com/5509/11272226014_cfb2ef328e_o.jpg	1196	1716
0		Saint-Pierre de Rome. Ouvrage illustré, etc	LORBAC, Charles de.		Rome	002259706		1879	http://www.flickr.com/photos/britishlibrary/11272161355	1	000223	11272161355	http://farm6.staticflickr.com/5502/11272161355_516e4cdaca_m.jpg	196	240	http://farm6.staticflickr.com/5502/11272161355_516e4cdaca.jpg	409	500	http://farm6.staticflickr.com/5502/11272161355_516e4cdaca_b.jpg	837	1024	http://farm6.staticflickr.com/5502/11272161355_af1fdd63f5_o.jpg	1211	1482
01	Tinsley Brothers	Berlin under the New Empire, its institutions, inhabitants, industry ... With ... engravings, etc	VIZETELLY, Henry.		London	003807524		1879	http://www.flickr.com/photos/britishlibrary/11272225224	1	000366	11272225224	http://farm6.staticflickr.com/5518/11272225224_393537c982_m.jpg	240	194	http://farm6.staticflickr.com/5518/11272225224_393537c982.jpg	500	403	http://farm6.staticflickr.com/5518/11272225224_393537c982_b.jpg	1024	826	http://farm6.staticflickr.com/5518/11272225224_884696de98_o.jpg	1466	1182
0		Viaje al pais de los Tehuelches, pt. I. Exploraciones en la Patagonia austral. [With map.]	LISTA, Ramon.		Buenos Aires	002182842		1879	http://www.flickr.com/photos/britishlibrary/11272198306	1	000074	11272198306	http://farm3.staticflickr.com/2807/11272198306_17755dc515_m.jpg	147	240	http://farm3.staticflickr.com/2807/11272198306_17755dc515.jpg	307	500	http://farm3.staticflickr.com/2807/11272198306_17755dc515_b.jpg	628	1024	http://farm3.staticflickr.com/2807/11272198306_ea803a1ec3_o.jpg	863	1407
02	Tinsley Brothers	Berlin under the New Empire, its institutions, inhabitants, industry ... With ... engravings, etc	VIZETELLY, Henry.		London	003807524		1879	http://www.flickr.com/photos/britishlibrary/11272158625	1	000078	11272158625	http://farm4.staticflickr.com/3828/11272158625_2387faf750_m.jpg	240	207	http://farm4.staticflickr.com/3828/11272158625_2387faf750.jpg	500	432	http://farm4.staticflickr.com/3828/11272158625_2387faf750_b.jpg	1024	885	http://farm4.staticflickr.com/3828/11272158625_dd7c66cbfa_o.jpg	1168	1010
0	Jarrold & Sons	John Snow's Wife; and other temperance stories. By the Rev. C. Courtenay ... and other writers	COURTENAY, Charles.		London	000801566		1879	http://www.flickr.com/photos/britishlibrary/11272157095	1	000106	11272157095	http://farm4.staticflickr.com/3742/11272157095_52cc32ef8c_m.jpg	240	168	http://farm4.staticflickr.com/3742/11272157095_52cc32ef8c.jpg	500	349	http://farm4.staticflickr.com/3742/11272157095_52cc32ef8c_b.jpg	1024	715	http://farm4.staticflickr.com/3742/11272157095_ac470b3bf3_o.jpg	1723	1203
0		Les Vieilles Villes de Suisse. Notes et souvenirs. Ouvrage illustré de 105 dessins à la plume par A. Robida reproduits en fac-simile	ROBIDA, Albert.		Paris	003121715		1879	http://www.flickr.com/photos/britishlibrary/11272268033	1	000225	11272268033	http://farm4.staticflickr.com/3814/11272268033_4fe76f9976_m.jpg	149	240	http://farm4.staticflickr.com/3814/11272268033_4fe76f9976.jpg	311	500	http://farm4.staticflickr.com/3814/11272268033_4fe76f9976_b.jpg	636	1024	http://farm4.staticflickr.com/3814/11272268033_3ffa943438_o.jpg	961	1547
0	Macmillan and Co.	The Arctic Voyages of A. E. Nordenskiöld. 1858-1879. With illustrations and maps	LESLIE, Alexander of Aberdeen		London	002142895		1879	http://www.flickr.com/photos/britishlibrary/11272267913	1	000088	11272267913	http://farm8.staticflickr.com/7308/11272267913_4b7b014752_m.jpg	239	240	http://farm8.staticflickr.com/7308/11272267913_4b7b014752.jpg	498	500	http://farm8.staticflickr.com/7308/11272267913_4b7b014752_b.jpg	1020	1024	http://farm8.staticflickr.com/7308/11272267913_037bedf499_o.jpg	1160	1165
01	Tinsley Brothers	Berlin under the New Empire, its institutions, inhabitants, industry ... With ... engravings, etc	VIZETELLY, Henry.		London	003807524		1879	http://www.flickr.com/photos/britishlibrary/11272156145	1	000212	11272156145	http://farm4.staticflickr.com/3781/11272156145_b2e251705c_m.jpg	240	159	http://farm4.staticflickr.com/3781/11272156145_b2e251705c.jpg	500	332	http://farm4.staticflickr.com/3781/11272156145_b2e251705c_b.jpg	1024	680	http://farm4.staticflickr.com/3781/11272156145_0680dde4db_o.jpg	1808	1201
01	L. H. Everts	History of the Connecticut Valley in Massachusetts (by N. B. Sylvester), with illustrations and biographical sketches of some of its prominent men and pioneers [by other authors]	SYLVESTER, Nathaniel Bartlett.		Philadelphia	003562080		1879	http://www.flickr.com/photos/britishlibrary/11272155915	1	000261	11272155915	http://farm8.staticflickr.com/7383/11272155915_946241d1ba_m.jpg	240	224	http://farm8.staticflickr.com/7383/11272155915_946241d1ba.jpg	500	467	http://farm8.staticflickr.com/7383/11272155915_946241d1ba_b.jpg	1024	956	http://farm8.staticflickr.com/7383/11272155915_47760befc5_o.jpg	1526	1425
0	Religious Tract Society	The Lands of Scripture: comprising “Those Holy Fields”; “The Land of the Pharaohs” [both by S. M.]; “Pictures from Bible Lands” (edited by S. G. Green. The illustrations by E. Whymper, etc.)	MANNING, Samuel LL.D		London	002369128		1879	http://www.flickr.com/photos/britishlibrary/11272221274	1	000041	11272221274	http://farm6.staticflickr.com/5507/11272221274_8641058d6f_m.jpg	201	240	http://farm6.staticflickr.com/5507/11272221274_8641058d6f.jpg	419	500	http://farm6.staticflickr.com/5507/11272221274_8641058d6f_b.jpg	858	1024	http://farm6.staticflickr.com/5507/11272221274_59f8b8a22b_o.jpg	1091	1302
0	C. R. Barns	Switzler's Illustrated History of Missouri, from 1541 to 1877, etc. [Edited by C. R. Barns. From the larger work edited by him, entitled: “The Commonwealth of Missouri.”]	BARNS, Chancy R.		Saint Louis	000206134		1879	http://www.flickr.com/photos/britishlibrary/11272154875	1	000645	11272154875	http://farm8.staticflickr.com/7299/11272154875_b2a7e49ecc_m.jpg	138	240	http://farm8.staticflickr.com/7299/11272154875_b2a7e49ecc.jpg	288	500	http://farm8.staticflickr.com/7299/11272154875_b2a7e49ecc_b.jpg	589	1024	http://farm8.staticflickr.com/7299/11272154875_b34b394578_o.jpg	851	1480
0	Waterlow & Sons	Up the River from Westminster to Windsor and Oxford; a descriptive panorama of Thames Scenery			London	003606029		1879	http://www.flickr.com/photos/britishlibrary/11272220154	1	000145	11272220154	http://farm8.staticflickr.com/7365/11272220154_0c9f37f38e_m.jpg	168	240	http://farm8.staticflickr.com/7365/11272220154_0c9f37f38e.jpg	349	500	http://farm8.staticflickr.com/7365/11272220154_0c9f37f38e_b.jpg	715	1024	http://farm8.staticflickr.com/7365/11272220154_1434b18f54_o.jpg	916	1311
0		[Brazil and the Brazilians ... in historical and descriptive sketches ... Engravings.]	KIDDER, Daniel Parish and FLETCHER (James C.)		London	001961854		1879	http://www.flickr.com/photos/britishlibrary/11272154025	1	000183	11272154025	http://farm3.staticflickr.com/2862/11272154025_c691e7d5ba_m.jpg	240	143	http://farm3.staticflickr.com/2862/11272154025_c691e7d5ba.jpg	500	297	http://farm3.staticflickr.com/2862/11272154025_c691e7d5ba_b.jpg	1024	609	http://farm3.staticflickr.com/2862/11272154025_70ddc6f4b8_o.jpg	1388	825
0	Thacker, Spink & Co.	[Lays of Ind ... Third edition.]	CHEEM, Aliph pseud. [i.e. Walter Yeldham.]		Calcutta; [London printed]	000675133		1879	http://www.flickr.com/photos/britishlibrary/11272263933	1	000179	11272263933	http://farm8.staticflickr.com/7429/11272263933_629d4b6167_m.jpg	240	227	http://farm8.staticflickr.com/7429/11272263933_629d4b6167.jpg	500	473	http://farm8.staticflickr.com/7429/11272263933_629d4b6167_b.jpg	1024	969	http://farm8.staticflickr.com/7429/11272263933_213aebdfaa_o.jpg	1063	1006
0	Wesleyan Conference Office	Rambles in Bible Lands	NEWTON, Richard D.D., Rector of St. Paul's Church, Philadelphia	lsidyv3ca35e3a	London	002646495	ark:/81055/vdc_00000005C826	1879	http://www.flickr.com/photos/britishlibrary/11272218624	1	000240	11272218624	http://farm6.staticflickr.com/5478/11272218624_b30a6592a4_m.jpg	231	240	http://farm6.staticflickr.com/5478/11272218624_b30a6592a4.jpg	482	500	http://farm6.staticflickr.com/5478/11272218624_b30a6592a4_b.jpg	987	1024	http://farm6.staticflickr.com/5478/11272218624_c7e75feecb_o.jpg	1010	1048
0	John Murray	[The Student's Manual of Modern Geography. Mathematical, physical, and descriptive.]	BEVAN, William Latham.	lsidyv3ca2f2a9	London	000307737	ark:/81055/vdc_00000005C7F6	1879	http://www.flickr.com/photos/britishlibrary/11272190766	1	000638	11272190766	http://farm8.staticflickr.com/7405/11272190766_8dc592a4cb_m.jpg	195	240	http://farm8.staticflickr.com/7405/11272190766_8dc592a4cb.jpg	407	500	http://farm8.staticflickr.com/7405/11272190766_8dc592a4cb_b.jpg	833	1024	http://farm8.staticflickr.com/7405/11272190766_9c5c80b106_o.jpg	996	1225
0		Les Vieilles Villes de Suisse. Notes et souvenirs. Ouvrage illustré de 105 dessins à la plume par A. Robida reproduits en fac-simile	ROBIDA, Albert.		Paris	003121715		1879	http://www.flickr.com/photos/britishlibrary/11272216634	1	000199	11272216634	http://farm3.staticflickr.com/2875/11272216634_f053034f47_m.jpg	191	240	http://farm3.staticflickr.com/2875/11272216634_f053034f47.jpg	398	500	http://farm3.staticflickr.com/2875/11272216634_f053034f47_b.jpg	815	1024	http://farm3.staticflickr.com/2875/11272216634_159f1bfb1c_o.jpg	1308	1643
0		Saint-Pierre de Rome. Ouvrage illustré, etc	LORBAC, Charles de.		Rome	002259706		1879	http://www.flickr.com/photos/britishlibrary/11272217394	1	000166	11272217394	http://farm8.staticflickr.com/7367/11272217394_d6e70a7422_m.jpg	240	184	http://farm8.staticflickr.com/7367/11272217394_d6e70a7422.jpg	500	383	http://farm8.staticflickr.com/7367/11272217394_d6e70a7422_b.jpg	1024	785	http://farm8.staticflickr.com/7367/11272217394_6d4e2df98c_o.jpg	1183	907
01	American News Company	Round the world with General Grant. A narrative of the visit of General U. S. Grant ... to various countries ... in 1877, 1878, 1879. To which are added certain conversations with General Grant on questions connected with American politics and history ... With ... illustrations	YOUNG, John Russell.		New York	004002305		1879	http://www.flickr.com/photos/britishlibrary/11272189396	1	000352	11272189396	http://farm6.staticflickr.com/5535/11272189396_8dc1738099_m.jpg	240	160	http://farm6.staticflickr.com/5535/11272189396_8dc1738099.jpg	500	334	http://farm6.staticflickr.com/5535/11272189396_8dc1738099_b.jpg	1024	684	http://farm6.staticflickr.com/5535/11272189396_cf0ab74163_o.jpg	1420	948
0		The Illustrated Guide to Sheffield and the surrounding district, etc	TAYLOR, John of Sheffield		Sheffield	003589731		1879	http://www.flickr.com/photos/britishlibrary/11272150655	1	000131	11272150655	http://farm4.staticflickr.com/3761/11272150655_82b4ee3b3d_m.jpg	240	188	http://farm4.staticflickr.com/3761/11272150655_82b4ee3b3d.jpg	500	392	http://farm4.staticflickr.com/3761/11272150655_82b4ee3b3d_b.jpg	1024	803	http://farm4.staticflickr.com/3761/11272150655_f1c786ecc3_o.jpg	1492	1170
01	American News Company	Round the world with General Grant. A narrative of the visit of General U. S. Grant ... to various countries ... in 1877, 1878, 1879. To which are added certain conversations with General Grant on questions connected with American politics and history ... With ... illustrations	YOUNG, John Russell.		New York	004002305		1879	http://www.flickr.com/photos/britishlibrary/11272187816	1	000453	11272187816	http://farm6.staticflickr.com/5500/11272187816_1a0a8a5fc5_m.jpg	155	240	http://farm6.staticflickr.com/5500/11272187816_1a0a8a5fc5.jpg	323	500	http://farm6.staticflickr.com/5500/11272187816_1a0a8a5fc5_b.jpg	662	1024	http://farm6.staticflickr.com/5500/11272187816_a336bdfe9a_o.jpg	1095	1695
0	John Murray	[The Student's Manual of Modern Geography. Mathematical, physical, and descriptive.]	BEVAN, William Latham.	lsidyv3ca2f2a9	London	000307737	ark:/81055/vdc_00000005C7F6	1879	http://www.flickr.com/photos/britishlibrary/11272259453	1	000283	11272259453	http://farm6.staticflickr.com/5543/11272259453_1e866db136_m.jpg	174	240	http://farm6.staticflickr.com/5543/11272259453_1e866db136.jpg	362	500	http://farm6.staticflickr.com/5543/11272259453_1e866db136_b.jpg	741	1024	http://farm6.staticflickr.com/5543/11272259453_6ddfccbe46_o.jpg	885	1223
0	Religious Tract Society	The Lands of Scripture: comprising “Those Holy Fields”; “The Land of the Pharaohs” [both by S. M.]; “Pictures from Bible Lands” (edited by S. G. Green. The illustrations by E. Whymper, etc.)	MANNING, Samuel LL.D		London	002369128		1879	http://www.flickr.com/photos/britishlibrary/11272148735	2	000166	11272148735	http://farm6.staticflickr.com/5531/11272148735_0cf68210c9_m.jpg	240	109	http://farm6.staticflickr.com/5531/11272148735_0cf68210c9.jpg	500	228	http://farm6.staticflickr.com/5531/11272148735_0cf68210c9_b.jpg	1024	467	http://farm6.staticflickr.com/5531/11272148735_fd5003bfbe_o.jpg	1751	798
01	American News Company	Round the world with General Grant. A narrative of the visit of General U. S. Grant ... to various countries ... in 1877, 1878, 1879. To which are added certain conversations with General Grant on questions connected with American politics and history ... With ... illustrations	YOUNG, John Russell.		New York	004002305		1879	http://www.flickr.com/photos/britishlibrary/11272185896	1	000177	11272185896	http://farm6.staticflickr.com/5493/11272185896_50f42d73e1_m.jpg	143	240	http://farm6.staticflickr.com/5493/11272185896_50f42d73e1.jpg	298	500	http://farm6.staticflickr.com/5493/11272185896_50f42d73e1_b.jpg	611	1024	http://farm6.staticflickr.com/5493/11272185896_0248f3ca68_o.jpg	1003	1681
0	J. A. & R. A. Reid	The Past and the Present. Narragansett sea and shore. An illustrated guide to Providence, Newport, Narragansett Pier, Block Island, Watch Hill, Rocky Point, Silver Spring, and all the famous sea-side resorts of Rhode Island, with a map of Narragansett Bay	DENISON, Frederic.		Providence	000908069		1879	http://www.flickr.com/photos/britishlibrary/11272257843	1	000103	11272257843	http://farm8.staticflickr.com/7386/11272257843_4b4753aed6_m.jpg	121	240	http://farm8.staticflickr.com/7386/11272257843_4b4753aed6.jpg	253	500	http://farm8.staticflickr.com/7386/11272257843_4b4753aed6_b.jpg	518	1024	http://farm8.staticflickr.com/7386/11272257843_0a4685f5e6_o.jpg	761	1505
01	D. Appleton & Co.	[Appleton's European Guide Book illustrated. Including England, Scotland, and Ireland, France, Belgium, Holland, Northern and Southern Germany, Switzerland, Italy, Spain and Portugal, Russia, Denmark, Norway, and Sweden. Containing ... maps, etc.]	APPLETON, Daniel AND CO	lsidyv3cbe7355	New York; Longmans & Co	000100280	ark:/81055/vdc_00000005D9DE	1879	http://www.flickr.com/photos/britishlibrary/11272212284	1	000259	11272212284	http://farm4.staticflickr.com/3805/11272212284_cb0f7b6398_m.jpg	240	221	http://farm4.staticflickr.com/3805/11272212284_cb0f7b6398.jpg	500	461	http://farm4.staticflickr.com/3805/11272212284_cb0f7b6398_b.jpg	1024	945	http://farm4.staticflickr.com/3805/11272212284_b0cede7ce3_o.jpg	1336	1233
0		[Brazil and the Brazilians ... in historical and descriptive sketches ... Engravings.]	KIDDER, Daniel Parish and FLETCHER (James C.)		London	001961854		1879	http://www.flickr.com/photos/britishlibrary/11272184036	1	000314	11272184036	http://farm3.staticflickr.com/2861/11272184036_8f226bf6d6_m.jpg	137	240	http://farm3.staticflickr.com/2861/11272184036_8f226bf6d6.jpg	285	500	http://farm3.staticflickr.com/2861/11272184036_8f226bf6d6_b.jpg	584	1024	http://farm3.staticflickr.com/2861/11272184036_691cde6b30_o.jpg	816	1430
02	Tinsley Brothers	Berlin under the New Empire, its institutions, inhabitants, industry ... With ... engravings, etc	VIZETELLY, Henry.		London	003807524		1879	http://www.flickr.com/photos/britishlibrary/11272145755	1	000355	11272145755	http://farm3.staticflickr.com/2822/11272145755_31b5dff7c3_m.jpg	240	167	http://farm3.staticflickr.com/2822/11272145755_31b5dff7c3.jpg	500	348	http://farm3.staticflickr.com/2822/11272145755_31b5dff7c3_b.jpg	1024	712	http://farm3.staticflickr.com/2822/11272145755_5229aa66cb_o.jpg	1313	913
0	Thacker, Spink & Co.	[Lays of Ind ... Third edition.]	CHEEM, Aliph pseud. [i.e. Walter Yeldham.]		Calcutta; [London printed]	000675133		1879	http://www.flickr.com/photos/britishlibrary/11272184466	1	000136	11272184466	http://farm4.staticflickr.com/3671/11272184466_db25669d36_m.jpg	171	240	http://farm4.staticflickr.com/3671/11272184466_db25669d36.jpg	355	500	http://farm4.staticflickr.com/3671/11272184466_db25669d36_b.jpg	728	1024	http://farm4.staticflickr.com/3671/11272184466_e0d7f0fb97_o.jpg	922	1297
0	Religious Tract Society	English Pictures drawn with pen and pencil	MANNING, Samuel LL.D. and GREEN (Samuel Gosnell)	lsidyv3c492c1d	London	002369135	ark:/81055/vdc_000000059460	1879	http://www.flickr.com/photos/britishlibrary/11272254243	1	000107	11272254243	http://farm8.staticflickr.com/7394/11272254243_80f9380335_m.jpg	240	198	http://farm8.staticflickr.com/7394/11272254243_80f9380335.jpg	500	413	http://farm8.staticflickr.com/7394/11272254243_80f9380335_b.jpg	1024	845	http://farm8.staticflickr.com/7394/11272254243_9b17892ef5_o.jpg	1363	1125
02	American News Company	Round the world with General Grant. A narrative of the visit of General U. S. Grant ... to various countries ... in 1877, 1878, 1879. To which are added certain conversations with General Grant on questions connected with American politics and history ... With ... illustrations	YOUNG, John Russell.		New York	004002305		1879	http://www.flickr.com/photos/britishlibrary/11272144415	1	000255	11272144415	http://farm6.staticflickr.com/5488/11272144415_37cbc21dd2_m.jpg	181	240	http://farm6.staticflickr.com/5488/11272144415_37cbc21dd2.jpg	377	500	http://farm6.staticflickr.com/5488/11272144415_37cbc21dd2_b.jpg	772	1024	http://farm6.staticflickr.com/5488/11272144415_3dfc16802f_o.jpg	1276	1693
02	L. H. Everts	History of the Connecticut Valley in Massachusetts (by N. B. Sylvester), with illustrations and biographical sketches of some of its prominent men and pioneers [by other authors]	SYLVESTER, Nathaniel Bartlett.		Philadelphia	003562080		1879	http://www.flickr.com/photos/britishlibrary/11272144035	1	000218	11272144035	http://farm6.staticflickr.com/5521/11272144035_55318f79d5_m.jpg	240	159	http://farm6.staticflickr.com/5521/11272144035_55318f79d5.jpg	500	331	http://farm6.staticflickr.com/5521/11272144035_55318f79d5_b.jpg	1024	678	http://farm6.staticflickr.com/5521/11272144035_d5f8f3a531_o.jpg	1721	1140
0	Religious Tract Society	English Pictures drawn with pen and pencil	MANNING, Samuel LL.D. and GREEN (Samuel Gosnell)	lsidyv3c492c1d	London	002369135	ark:/81055/vdc_000000059460	1879	http://www.flickr.com/photos/britishlibrary/11272207364	1	000163	11272207364	http://farm4.staticflickr.com/3695/11272207364_7808f785d0_m.jpg	123	240	http://farm4.staticflickr.com/3695/11272207364_7808f785d0.jpg	257	500	http://farm4.staticflickr.com/3695/11272207364_7808f785d0_b.jpg	526	1024	http://farm4.staticflickr.com/3695/11272207364_eed4af61f2_o.jpg	980	1907
01	Tinsley Brothers	Berlin under the New Empire, its institutions, inhabitants, industry ... With ... engravings, etc	VIZETELLY, Henry.		London	003807524		1879	http://www.flickr.com/photos/britishlibrary/11272181686	1	000028	11272181686	http://farm4.staticflickr.com/3686/11272181686_371170ce1b_m.jpg	240	195	http://farm4.staticflickr.com/3686/11272181686_371170ce1b.jpg	500	407	http://farm4.staticflickr.com/3686/11272181686_371170ce1b_b.jpg	1024	833	http://farm4.staticflickr.com/3686/11272181686_c1224ca7aa_o.jpg	1456	1185
0	John Murray	[The Student's Manual of Modern Geography. Mathematical, physical, and descriptive.]	BEVAN, William Latham.	lsidyv3ca2f2a9	London	000307737	ark:/81055/vdc_00000005C7F6	1879	http://www.flickr.com/photos/britishlibrary/11272207534	1	000495	11272207534	http://farm6.staticflickr.com/5478/11272207534_bd1a86d8b0_m.jpg	169	240	http://farm6.staticflickr.com/5478/11272207534_bd1a86d8b0.jpg	352	500	http://farm6.staticflickr.com/5478/11272207534_bd1a86d8b0_b.jpg	721	1024	http://farm6.staticflickr.com/5478/11272207534_e0ffd26a6d_o.jpg	863	1225
0	Waterlow & Sons	Up the River from Westminster to Windsor and Oxford; a descriptive panorama of Thames Scenery			London	003606029		1879	http://www.flickr.com/photos/britishlibrary/11272141185	1	000154	11272141185	http://farm6.staticflickr.com/5525/11272141185_e8ce5acf6c_m.jpg	162	240	http://farm6.staticflickr.com/5525/11272141185_e8ce5acf6c.jpg	338	500	http://farm6.staticflickr.com/5525/11272141185_e8ce5acf6c_b.jpg	693	1024	http://farm6.staticflickr.com/5525/11272141185_b4e907188a_o.jpg	853	1261
0		The Great Eastern Railway Company's Tourist-Guide to the Continent. ... With illustrations ... and a map	LINDLEY, Percy.	lsidyv3cad916f	London	002174468	ark:/81055/vdc_00000005CE44	1879	http://www.flickr.com/photos/britishlibrary/11272205704	1	000019	11272205704	http://farm6.staticflickr.com/5505/11272205704_bd8d6eac77_m.jpg	240	212	http://farm6.staticflickr.com/5505/11272205704_bd8d6eac77.jpg	500	441	http://farm6.staticflickr.com/5505/11272205704_bd8d6eac77_b.jpg	1024	904	http://farm6.staticflickr.com/5505/11272205704_f61b36efcd_o.jpg	1178	1040
0		Les Rues du vieux Paris. Galerie populaire et pittoresque ... Ouvrage illustré de 165 gravures sur bois	FOURNEL, Victor.		Paris	001279089		1879	http://www.flickr.com/photos/britishlibrary/11272140505	1	000615	11272140505	http://farm8.staticflickr.com/7399/11272140505_4961712334_m.jpg	240	181	http://farm8.staticflickr.com/7399/11272140505_4961712334.jpg	500	378	http://farm8.staticflickr.com/7399/11272140505_4961712334_b.jpg	1024	774	http://farm8.staticflickr.com/7399/11272140505_0df2fe4e6f_o.jpg	1398	1057
02	L. H. Everts	History of the Connecticut Valley in Massachusetts (by N. B. Sylvester), with illustrations and biographical sketches of some of its prominent men and pioneers [by other authors]	SYLVESTER, Nathaniel Bartlett.		Philadelphia	003562080		1879	http://www.flickr.com/photos/britishlibrary/11272204794	1	000164	11272204794	http://farm4.staticflickr.com/3702/11272204794_cb69ebfeac_m.jpg	240	172	http://farm4.staticflickr.com/3702/11272204794_cb69ebfeac.jpg	500	357	http://farm4.staticflickr.com/3702/11272204794_cb69ebfeac_b.jpg	1024	732	http://farm4.staticflickr.com/3702/11272204794_f8f5f44d83_o.jpg	1665	1191
0		The Illustrated Guide to Sheffield and the surrounding district, etc	TAYLOR, John of Sheffield		Sheffield	003589731		1879	http://www.flickr.com/photos/britishlibrary/11272203944	1	000418	11272203944	http://farm3.staticflickr.com/2886/11272203944_4f536674d1_m.jpg	156	240	http://farm3.staticflickr.com/2886/11272203944_4f536674d1.jpg	324	500	http://farm3.staticflickr.com/2886/11272203944_4f536674d1_b.jpg	664	1024	http://farm3.staticflickr.com/2886/11272203944_d32ceaaf91_o.jpg	918	1415
0	Religious Tract Society	English Pictures drawn with pen and pencil	MANNING, Samuel LL.D. and GREEN (Samuel Gosnell)	lsidyv3c492c1d	London	002369135	ark:/81055/vdc_000000059460	1879	http://www.flickr.com/photos/britishlibrary/11272137685	1	000183	11272137685	http://farm8.staticflickr.com/7441/11272137685_5b38292459_m.jpg	240	182	http://farm8.staticflickr.com/7441/11272137685_5b38292459.jpg	500	380	http://farm8.staticflickr.com/7441/11272137685_5b38292459_b.jpg	1024	778	http://farm8.staticflickr.com/7441/11272137685_9131682bc0_o.jpg	1641	1246
02	D. Appleton & Co.	[Appleton's European Guide Book illustrated. Including England, Scotland, and Ireland, France, Belgium, Holland, Northern and Southern Germany, Switzerland, Italy, Spain and Portugal, Russia, Denmark, Norway, and Sweden. Containing ... maps, etc.]	APPLETON, Daniel AND CO	lsidyv3cbe7355	New York; Longmans & Co	000100280	ark:/81055/vdc_00000005D9DE	1879	http://www.flickr.com/photos/britishlibrary/11272176926	1	000226	11272176926	http://farm6.staticflickr.com/5497/11272176926_85a0215121_m.jpg	186	240	http://farm6.staticflickr.com/5497/11272176926_85a0215121.jpg	387	500	http://farm6.staticflickr.com/5497/11272176926_85a0215121_b.jpg	792	1024	http://farm6.staticflickr.com/5497/11272176926_469f45bc81_o.jpg	993	1284
0	Western Historical Company	The history of Jefferson County ... Illustrated			Chicago	001859185		1879	http://www.flickr.com/photos/britishlibrary/11272248073	1	000093	11272248073	http://farm6.staticflickr.com/5547/11272248073_35bf9bf0e3_m.jpg	139	240	http://farm6.staticflickr.com/5547/11272248073_35bf9bf0e3.jpg	290	500	http://farm6.staticflickr.com/5547/11272248073_35bf9bf0e3_b.jpg	593	1024	http://farm6.staticflickr.com/5547/11272248073_5f2e96fa79_o.jpg	927	1602
01	Tinsley Brothers	Berlin under the New Empire, its institutions, inhabitants, industry ... With ... engravings, etc	VIZETELLY, Henry.		London	003807524		1879	http://www.flickr.com/photos/britishlibrary/11272201504	1	000035	11272201504	http://farm8.staticflickr.com/7449/11272201504_97b397ec3e_m.jpg	221	240	http://farm8.staticflickr.com/7449/11272201504_97b397ec3e.jpg	460	500	http://farm8.staticflickr.com/7449/11272201504_97b397ec3e_b.jpg	942	1024	http://farm8.staticflickr.com/7449/11272201504_c7735a7f7e_o.jpg	1023	1112
0	Harper & Bros.	From Egypt to Palestine through Sinai, the Wilderness and the South Country. Observations of a journey made with special reference to the history of the Israelites ... With maps and illustrations	BARTLETT, Samuel Colcord.	lsidyv3c53baba	New York	000216339	ark:/81055/vdc_000000059CA0	1879	http://www.flickr.com/photos/britishlibrary/11272135655	1	000453	11272135655	http://farm6.staticflickr.com/5475/11272135655_1e8998db70_m.jpg	240	198	http://farm6.staticflickr.com/5475/11272135655_1e8998db70.jpg	500	412	http://farm6.staticflickr.com/5475/11272135655_1e8998db70_b.jpg	1024	843	http://farm6.staticflickr.com/5475/11272135655_6d2f00a468_o.jpg	1427	1175
0	C. R. Barns	Switzler's Illustrated History of Missouri, from 1541 to 1877, etc. [Edited by C. R. Barns. From the larger work edited by him, entitled: “The Commonwealth of Missouri.”]	BARNS, Chancy R.		Saint Louis	000206134		1879	http://www.flickr.com/photos/britishlibrary/11272174686	1	000649	11272174686	http://farm4.staticflickr.com/3705/11272174686_8418095498_m.jpg	198	240	http://farm4.staticflickr.com/3705/11272174686_8418095498.jpg	413	500	http://farm4.staticflickr.com/3705/11272174686_8418095498_b.jpg	845	1024	http://farm4.staticflickr.com/3705/11272174686_0555be78f9_o.jpg	1218	1476
0	C. C. Chapman & Co.	History of Fulton County, together with sketches of its cities, villages and townships, ... and biographies ... History of Illinois ... Illustrated			Peoria	001341605		1879	http://www.flickr.com/photos/britishlibrary/11272200344	1	000059	11272200344	http://farm6.staticflickr.com/5476/11272200344_c49986c888_m.jpg	198	240	http://farm6.staticflickr.com/5476/11272200344_c49986c888.jpg	412	500	http://farm6.staticflickr.com/5476/11272200344_c49986c888_b.jpg	843	1024	http://farm6.staticflickr.com/5476/11272200344_ef5110a207_o.jpg	1232	1496
02	D. Appleton & Co.	[Appleton's European Guide Book illustrated. Including England, Scotland, and Ireland, France, Belgium, Holland, Northern and Southern Germany, Switzerland, Italy, Spain and Portugal, Russia, Denmark, Norway, and Sweden. Containing ... maps, etc.]	APPLETON, Daniel AND CO	lsidyv3cbe7355	New York; Longmans & Co	000100280	ark:/81055/vdc_00000005D9DE	1879	http://www.flickr.com/photos/britishlibrary/11272134195	1	000086	11272134195	http://farm8.staticflickr.com/7363/11272134195_bacdbf1a4c_m.jpg	203	240	http://farm8.staticflickr.com/7363/11272134195_bacdbf1a4c.jpg	423	500	http://farm8.staticflickr.com/7363/11272134195_bacdbf1a4c_b.jpg	866	1024	http://farm8.staticflickr.com/7363/11272134195_2562db3327_o.jpg	1086	1284
0	Cassell, Petter, Galpin & Co.	Morocco: its people and places ... Translated by C. Rollin-Tilton. With ... illustrations	AMICIS, Edmondo de.	lsidyv3c6b00d2	London	000070870	ark:/81055/vdc_00000005AC0C	1879	http://www.flickr.com/photos/britishlibrary/11272199684	1	000221	11272199684	http://farm3.staticflickr.com/2867/11272199684_beda1d1c66_m.jpg	240	143	http://farm3.staticflickr.com/2867/11272199684_beda1d1c66.jpg	500	298	http://farm3.staticflickr.com/2867/11272199684_beda1d1c66_b.jpg	1024	610	http://farm3.staticflickr.com/2867/11272199684_32bb9d3086_o.jpg	1566	933
0		The Illustrated Guide to Sheffield and the surrounding district, etc	TAYLOR, John of Sheffield		Sheffield	003589731		1879	http://www.flickr.com/photos/britishlibrary/11272198374	1	000543	11272198374	http://farm8.staticflickr.com/7292/11272198374_f6080be783_m.jpg	191	240	http://farm8.staticflickr.com/7292/11272198374_f6080be783.jpg	398	500	http://farm8.staticflickr.com/7292/11272198374_f6080be783_b.jpg	816	1024	http://farm8.staticflickr.com/7292/11272198374_230b55f5d8_o.jpg	1128	1415
0	E. Marlborough & Co.	Popular Guide up the Thames, to Kew, Richmond, Twickenham and Hampton Court			London	003605985		1879	http://www.flickr.com/photos/britishlibrary/11272172296	1	000022	11272172296	http://farm4.staticflickr.com/3821/11272172296_7a96bda363_m.jpg	188	240	http://farm4.staticflickr.com/3821/11272172296_7a96bda363.jpg	391	500	http://farm4.staticflickr.com/3821/11272172296_7a96bda363_b.jpg	801	1024	http://farm4.staticflickr.com/3821/11272172296_36f8fc7bb8_o.jpg	1028	1315
02	American News Company	Round the world with General Grant. A narrative of the visit of General U. S. Grant ... to various countries ... in 1877, 1878, 1879. To which are added certain conversations with General Grant on questions connected with American politics and history ... With ... illustrations	YOUNG, John Russell.		New York	004002305		1879	http://www.flickr.com/photos/britishlibrary/11272197804	1	000173	11272197804	http://farm8.staticflickr.com/7373/11272197804_4bb1f2f54c_m.jpg	175	240	http://farm8.staticflickr.com/7373/11272197804_4bb1f2f54c.jpg	364	500	http://farm8.staticflickr.com/7373/11272197804_4bb1f2f54c_b.jpg	746	1024	http://farm8.staticflickr.com/7373/11272197804_45abd630bd_o.jpg	1225	1682
02		Danmarks og Norges Historie i Slutningen af det 16de Aarhundrede	TROELS-LUND, Troels Frederik.		Kjøbenhavn	003677661		1879	http://www.flickr.com/photos/britishlibrary/11272131305	1	000378	11272131305	http://farm3.staticflickr.com/2880/11272131305_3b608afb0e_m.jpg	240	220	http://farm3.staticflickr.com/2880/11272131305_3b608afb0e.jpg	500	458	http://farm3.staticflickr.com/2880/11272131305_3b608afb0e_b.jpg	1024	939	http://farm3.staticflickr.com/2880/11272131305_26e87e3c9b_o.jpg	1342	1230
0	Waterlow & Sons	Up the River from Westminster to Windsor and Oxford; a descriptive panorama of Thames Scenery			London	003606029		1879	http://www.flickr.com/photos/britishlibrary/11272241383	1	000126	11272241383	http://farm8.staticflickr.com/7383/11272241383_08bb351d80_m.jpg	240	181	http://farm8.staticflickr.com/7383/11272241383_08bb351d80.jpg	500	378	http://farm8.staticflickr.com/7383/11272241383_08bb351d80_b.jpg	1024	774	http://farm8.staticflickr.com/7383/11272241383_5cf49e85dd_o.jpg	1182	893
0	Everts & Ensign	History of Toga, Chemung, Tompkins, and Schuyler Counties, New York. With illustrations and biographical sketches of some of its prominent men and pioneers	PEIRCE, Henry B. and HURD (Duane Hamilton)		Philadelphia	002810116		1879	http://www.flickr.com/photos/britishlibrary/11272130475	2	000479	11272130475	http://farm8.staticflickr.com/7433/11272130475_88cb8f0c53_m.jpg	240	167	http://farm8.staticflickr.com/7433/11272130475_88cb8f0c53.jpg	500	349	http://farm8.staticflickr.com/7433/11272130475_88cb8f0c53_b.jpg	1024	714	http://farm8.staticflickr.com/7433/11272130475_f9d9f1e3b1_o.jpg	1545	1077
02	American News Company	Round the world with General Grant. A narrative of the visit of General U. S. Grant ... to various countries ... in 1877, 1878, 1879. To which are added certain conversations with General Grant on questions connected with American politics and history ... With ... illustrations	YOUNG, John Russell.		New York	004002305		1879	http://www.flickr.com/photos/britishlibrary/11272239533	1	000241	11272239533	http://farm8.staticflickr.com/7344/11272239533_04b2cfa841_m.jpg	173	240	http://farm8.staticflickr.com/7344/11272239533_04b2cfa841.jpg	360	500	http://farm8.staticflickr.com/7344/11272239533_04b2cfa841_b.jpg	737	1024	http://farm8.staticflickr.com/7344/11272239533_3c9e8b5a71_o.jpg	1191	1655
01	Tinsley Brothers	Berlin under the New Empire, its institutions, inhabitants, industry ... With ... engravings, etc	VIZETELLY, Henry.		London	003807524		1879	http://www.flickr.com/photos/britishlibrary/11272129685	2	000220	11272129685	http://farm6.staticflickr.com/5495/11272129685_a51c67ba95_m.jpg	159	240	http://farm6.staticflickr.com/5495/11272129685_a51c67ba95.jpg	331	500	http://farm6.staticflickr.com/5495/11272129685_a51c67ba95_b.jpg	677	1024	http://farm6.staticflickr.com/5495/11272129685_4e14dd6b45_o.jpg	940	1421
0		Les Rues du vieux Paris. Galerie populaire et pittoresque ... Ouvrage illustré de 165 gravures sur bois	FOURNEL, Victor.		Paris	001279089		1879	http://www.flickr.com/photos/britishlibrary/11272168406	1	000305	11272168406	http://farm8.staticflickr.com/7293/11272168406_4532f15c9b_m.jpg	240	224	http://farm8.staticflickr.com/7293/11272168406_4532f15c9b.jpg	500	467	http://farm8.staticflickr.com/7293/11272168406_4532f15c9b_b.jpg	1024	956	http://farm8.staticflickr.com/7293/11272168406_54464ce21d_o.jpg	1072	1001
0	Cassell, Petter, Galpin & Co.	Morocco: its people and places ... Translated by C. Rollin-Tilton. With ... illustrations	AMICIS, Edmondo de.	lsidyv3c6b00d2	London	000070870	ark:/81055/vdc_00000005AC0C	1879	http://www.flickr.com/photos/britishlibrary/11272193584	1	000215	11272193584	http://farm8.staticflickr.com/7333/11272193584_c7f1782949_m.jpg	240	101	http://farm8.staticflickr.com/7333/11272193584_c7f1782949.jpg	500	210	http://farm8.staticflickr.com/7333/11272193584_c7f1782949_b.jpg	1024	431	http://farm8.staticflickr.com/7333/11272193584_3c000e8f59_o.jpg	2073	873
02	L. H. Everts	History of the Connecticut Valley in Massachusetts (by N. B. Sylvester), with illustrations and biographical sketches of some of its prominent men and pioneers [by other authors]	SYLVESTER, Nathaniel Bartlett.		Philadelphia	003562080		1879	http://www.flickr.com/photos/britishlibrary/11272193874	1	000217	11272193874	http://farm6.staticflickr.com/5539/11272193874_3d3592a87e_m.jpg	240	165	http://farm6.staticflickr.com/5539/11272193874_3d3592a87e.jpg	500	344	http://farm6.staticflickr.com/5539/11272193874_3d3592a87e_b.jpg	1024	704	http://farm6.staticflickr.com/5539/11272193874_86c136e66d_o.jpg	1640	1128
0	Jarrold & Sons	John Snow's Wife; and other temperance stories. By the Rev. C. Courtenay ... and other writers	COURTENAY, Charles.		London	000801566		1879	http://www.flickr.com/photos/britishlibrary/11272193054	1	000026	11272193054	http://farm4.staticflickr.com/3736/11272193054_fb846cef38_m.jpg	240	165	http://farm4.staticflickr.com/3736/11272193054_fb846cef38.jpg	500	343	http://farm4.staticflickr.com/3736/11272193054_fb846cef38_b.jpg	1024	702	http://farm4.staticflickr.com/3736/11272193054_ff3e13a67f_o.jpg	1760	1207
0		The Black Forest, its people and legends. [With maps and illustrations.]	SÉGUIN, afterwards STRAHAN, Lisbeth Gooch.	lsidyv3bbdd558	London, Edinburgh	003328570	ark:/81055/vdc_000000053B26	1879	http://www.flickr.com/photos/britishlibrary/11272166726	1	000324	11272166726	http://farm4.staticflickr.com/3791/11272166726_046a446233_m.jpg	240	209	http://farm4.staticflickr.com/3791/11272166726_046a446233.jpg	500	435	http://farm4.staticflickr.com/3791/11272166726_046a446233_b.jpg	1024	890	http://farm4.staticflickr.com/3791/11272166726_67e417be9f_o.jpg	1412	1227
0		Очерки Русской Исторіи въ памятникахъ быта. pt. 1, 2	POLEVOI, Petr Nikolaevich.		С.-Петербургъ	002948284		1879	http://www.flickr.com/photos/britishlibrary/11272165236	1	000077	11272165236	http://farm3.staticflickr.com/2889/11272165236_2d8b73d25e_m.jpg	240	110	http://farm3.staticflickr.com/2889/11272165236_2d8b73d25e.jpg	500	230	http://farm3.staticflickr.com/2889/11272165236_2d8b73d25e_b.jpg	1024	471	http://farm3.staticflickr.com/2889/11272165236_b9f6fa256e_o.jpg	1992	917
01	Tinsley Brothers	Berlin under the New Empire, its institutions, inhabitants, industry ... With ... engravings, etc	VIZETELLY, Henry.		London	003807524		1879	http://www.flickr.com/photos/britishlibrary/11272165426	1	000054	11272165426	http://farm6.staticflickr.com/5546/11272165426_8055cae249_m.jpg	147	240	http://farm6.staticflickr.com/5546/11272165426_8055cae249.jpg	306	500	http://farm6.staticflickr.com/5546/11272165426_8055cae249_b.jpg	627	1024	http://farm6.staticflickr.com/5546/11272165426_f0ef1e3f7a_o.jpg	870	1421
0	J. Tweed	The Annals of Dumfermline and vicinity ... 1069-1878. Interspersed with ... notes, ... and ... engravings	HENDERSON, Ebenezer LL.D., F.R.A.S		Glasgow	001648659		1879	http://www.flickr.com/photos/britishlibrary/11272125335	1	000462	11272125335	http://farm6.staticflickr.com/5543/11272125335_f907e88f82_m.jpg	167	240	http://farm6.staticflickr.com/5543/11272125335_f907e88f82.jpg	348	500	http://farm6.staticflickr.com/5543/11272125335_f907e88f82_b.jpg	713	1024	http://farm6.staticflickr.com/5543/11272125335_eef8e27b8a_o.jpg	1041	1495
0		La Grecia moderna. Ricordi ... Con 31 incisioni	PENNAZZI, Luigi Count		Milano	002815965		1879	http://www.flickr.com/photos/britishlibrary/11272189254	1	000223	11272189254	http://farm4.staticflickr.com/3694/11272189254_b5755ea322_m.jpg	240	165	http://farm4.staticflickr.com/3694/11272189254_b5755ea322.jpg	500	345	http://farm4.staticflickr.com/3694/11272189254_b5755ea322_b.jpg	1024	706	http://farm4.staticflickr.com/3694/11272189254_b6b098d216_o.jpg	1777	1225
0	[Ward, Lock & Co.	[Charles O'Malley, the Irish Dragoon. Edited by Harry Lorrequer. [By C. J. L.]]	LEVER, Charles James.		London,] Perth [printed	002150760		1879	http://www.flickr.com/photos/britishlibrary/11272123665	1	000315	11272123665	http://farm6.staticflickr.com/5531/11272123665_ef9f468c23_m.jpg	240	125	http://farm6.staticflickr.com/5531/11272123665_ef9f468c23.jpg	500	260	http://farm6.staticflickr.com/5531/11272123665_ef9f468c23_b.jpg	1024	533	http://farm6.staticflickr.com/5531/11272123665_e2ca75ec78_o.jpg	1465	762
01		Knaresborough Castle Yard. (The Microcosm: and, Malcolm, a holiday-walk. A few occasional pieces.) [In verse.]			London, Bristol [printed]	001987484		1879	http://www.flickr.com/photos/britishlibrary/11272162706	1	000069	11272162706	http://farm8.staticflickr.com/7317/11272162706_25be5e723d_m.jpg	240	206	http://farm8.staticflickr.com/7317/11272162706_25be5e723d.jpg	500	429	http://farm8.staticflickr.com/7317/11272162706_25be5e723d_b.jpg	1024	878	http://farm8.staticflickr.com/7317/11272162706_b682d0c2e3_o.jpg	1321	1133
01	American News Company	Round the world with General Grant. A narrative of the visit of General U. S. Grant ... to various countries ... in 1877, 1878, 1879. To which are added certain conversations with General Grant on questions connected with American politics and history ... With ... illustrations	YOUNG, John Russell.		New York	004002305		1879	http://www.flickr.com/photos/britishlibrary/11272187624	1	000580	11272187624	http://farm4.staticflickr.com/3763/11272187624_fa9047950f_m.jpg	240	172	http://farm4.staticflickr.com/3763/11272187624_fa9047950f.jpg	500	358	http://farm4.staticflickr.com/3763/11272187624_fa9047950f_b.jpg	1024	734	http://farm4.staticflickr.com/3763/11272187624_2f5e2c4ff6_o.jpg	1705	1222
0		A History of the Town of Franklin, Mass.; from its settlement to the completion of its first century, 2d March, 1878; with genealogical notices of its earliest families, sketches of its professional men, and a report of the centennial celebration. By Mortimer Blake	BLAKE, Mortimer.		Franklin	001311432		1879	http://www.flickr.com/photos/britishlibrary/11272161876	1	000347	11272161876	http://farm4.staticflickr.com/3686/11272161876_8051be6069_m.jpg	240	226	http://farm4.staticflickr.com/3686/11272161876_8051be6069.jpg	500	471	http://farm4.staticflickr.com/3686/11272161876_8051be6069_b.jpg	1024	965	http://farm4.staticflickr.com/3686/11272161876_fc47e02863_o.jpg	1415	1333
02	L. H. Everts	History of the Connecticut Valley in Massachusetts (by N. B. Sylvester), with illustrations and biographical sketches of some of its prominent men and pioneers [by other authors]	SYLVESTER, Nathaniel Bartlett.		Philadelphia	003562080		1879	http://www.flickr.com/photos/britishlibrary/11272121965	1	000682	11272121965	http://farm8.staticflickr.com/7310/11272121965_783beba4f4_m.jpg	233	240	http://farm8.staticflickr.com/7310/11272121965_783beba4f4.jpg	486	500	http://farm8.staticflickr.com/7310/11272121965_783beba4f4_b.jpg	995	1024	http://farm8.staticflickr.com/7310/11272121965_3a4d9f5110_o.jpg	1235	1271
0	Lewis, Peck & Co.	History of Steuben County, New York, with illustrations and biographical sketches of some of its prominent men and pioneers	CLAYTON, W. Woodford.		Philadelphia	000719876		1879	http://www.flickr.com/photos/britishlibrary/11272120845	1	000228	11272120845	http://farm8.staticflickr.com/7430/11272120845_e2320d8bbd_m.jpg	240	189	http://farm8.staticflickr.com/7430/11272120845_e2320d8bbd.jpg	500	394	http://farm8.staticflickr.com/7430/11272120845_e2320d8bbd_b.jpg	1024	807	http://farm8.staticflickr.com/7430/11272120845_05125ebafc_o.jpg	1295	1021
0	[Ward, Lock & Co.	[Charles O'Malley, the Irish Dragoon. Edited by Harry Lorrequer. [By C. J. L.]]	LEVER, Charles James.		London,] Perth [printed	002150760		1879	http://www.flickr.com/photos/britishlibrary/11272119895	1	000141	11272119895	http://farm6.staticflickr.com/5505/11272119895_7e4df25c1c_m.jpg	135	240	http://farm6.staticflickr.com/5505/11272119895_7e4df25c1c.jpg	281	500	http://farm6.staticflickr.com/5505/11272119895_7e4df25c1c_b.jpg	576	1024	http://farm6.staticflickr.com/5505/11272119895_6d5248a187_o.jpg	818	1453
0	[Ward, Lock & Co.	[Charles O'Malley, the Irish Dragoon. Edited by Harry Lorrequer. [By C. J. L.]]	LEVER, Charles James.		London,] Perth [printed	002150760		1879	http://www.flickr.com/photos/britishlibrary/11272159216	1	000191	11272159216	http://farm6.staticflickr.com/5471/11272159216_0888e1c8c9_m.jpg	235	240	http://farm6.staticflickr.com/5471/11272159216_0888e1c8c9.jpg	490	500	http://farm6.staticflickr.com/5471/11272159216_0888e1c8c9_b.jpg	1003	1024	http://farm6.staticflickr.com/5471/11272159216_2351d8fb29_o.jpg	1122	1146
02	American News Company	Round the world with General Grant. A narrative of the visit of General U. S. Grant ... to various countries ... in 1877, 1878, 1879. To which are added certain conversations with General Grant on questions connected with American politics and history ... With ... illustrations	YOUNG, John Russell.		New York	004002305		1879	http://www.flickr.com/photos/britishlibrary/11272159086	1	000567	11272159086	http://farm6.staticflickr.com/5516/11272159086_02451814a8_m.jpg	181	240	http://farm6.staticflickr.com/5516/11272159086_02451814a8.jpg	376	500	http://farm6.staticflickr.com/5516/11272159086_02451814a8_b.jpg	771	1024	http://farm6.staticflickr.com/5516/11272159086_9f37322b67_o.jpg	1201	1596
02	American News Company	Round the world with General Grant. A narrative of the visit of General U. S. Grant ... to various countries ... in 1877, 1878, 1879. To which are added certain conversations with General Grant on questions connected with American politics and history ... With ... illustrations	YOUNG, John Russell.		New York	004002305		1879	http://www.flickr.com/photos/britishlibrary/11272118525	1	000286	11272118525	http://farm4.staticflickr.com/3806/11272118525_bced1491a3_m.jpg	240	133	http://farm4.staticflickr.com/3806/11272118525_bced1491a3.jpg	500	277	http://farm4.staticflickr.com/3806/11272118525_bced1491a3_b.jpg	1024	568	http://farm4.staticflickr.com/3806/11272118525_f71cdd9a16_o.jpg	1978	1098
02	D. Appleton & Co.	[Appleton's European Guide Book illustrated. Including England, Scotland, and Ireland, France, Belgium, Holland, Northern and Southern Germany, Switzerland, Italy, Spain and Portugal, Russia, Denmark, Norway, and Sweden. Containing ... maps, etc.]	APPLETON, Daniel AND CO	lsidyv3cbe7355	New York; Longmans & Co	000100280	ark:/81055/vdc_00000005D9DE	1879	http://www.flickr.com/photos/britishlibrary/11272117925	1	000177	11272117925	http://farm6.staticflickr.com/5504/11272117925_4ababfe48b_m.jpg	196	240	http://farm6.staticflickr.com/5504/11272117925_4ababfe48b.jpg	409	500	http://farm6.staticflickr.com/5504/11272117925_4ababfe48b_b.jpg	837	1024	http://farm6.staticflickr.com/5504/11272117925_1c8c8844f2_o.jpg	982	1202
01	Tinsley Brothers	Berlin under the New Empire, its institutions, inhabitants, industry ... With ... engravings, etc	VIZETELLY, Henry.		London	003807524		1879	http://www.flickr.com/photos/britishlibrary/11272118115	1	000453	11272118115	http://farm6.staticflickr.com/5550/11272118115_a41d1fc9bb_m.jpg	240	225	http://farm6.staticflickr.com/5550/11272118115_a41d1fc9bb.jpg	500	470	http://farm6.staticflickr.com/5550/11272118115_a41d1fc9bb_b.jpg	1024	962	http://farm6.staticflickr.com/5550/11272118115_c302bf43a7_o.jpg	1072	1007
0	Lee & Shepard	A summer jaunt through the old world: a record of an excursion made to and through Europe by the Tourgée educational party of 1878	HOLDEN, Luther L.	lsidyv3c9a5a21	Boston [Mass.]	001711043	ark:/81055/vdc_00000005C31C	1879	http://www.flickr.com/photos/britishlibrary/11272156226	1	000370	11272156226	http://farm8.staticflickr.com/7333/11272156226_7d5559aaf3_m.jpg	240	179	http://farm8.staticflickr.com/7333/11272156226_7d5559aaf3.jpg	500	372	http://farm8.staticflickr.com/7333/11272156226_7d5559aaf3_b.jpg	1024	762	http://farm8.staticflickr.com/7333/11272156226_1abc53dbfb_o.jpg	1475	1098
0	Houghton & Hammond	Some Account of Colton and of the De Wasteney's Family. [By F. P. Parker. With plates and a map.]	PARKER, Frederick Perrot.		Birmingham	000753966		1879	http://www.flickr.com/photos/britishlibrary/11272181154	2	000124	11272181154	http://farm6.staticflickr.com/5526/11272181154_fdff40452e_m.jpg	219	240	http://farm6.staticflickr.com/5526/11272181154_fdff40452e.jpg	456	500	http://farm6.staticflickr.com/5526/11272181154_fdff40452e_b.jpg	934	1024	http://farm6.staticflickr.com/5526/11272181154_e6c1fe3429_o.jpg	1331	1459
01		Paris à travers les siècles. Histoire nationale de Paris et des Parisiens depuis la fondation de Lutèce jusqu'à nos jours, etc	GOURDON DE GENOUILLAC, Nicolas Jules Henri.		Paris	001476975		1879	http://www.flickr.com/photos/britishlibrary/11272115905	1	001007	11272115905	http://farm3.staticflickr.com/2858/11272115905_f5cbf774a7_m.jpg	240	151	http://farm3.staticflickr.com/2858/11272115905_f5cbf774a7.jpg	500	314	http://farm3.staticflickr.com/2858/11272115905_f5cbf774a7_b.jpg	1024	643	http://farm3.staticflickr.com/2858/11272115905_8dc5d18286_o.jpg	1761	1106
0	Religious Tract Society	The Lands of Scripture: comprising “Those Holy Fields”; “The Land of the Pharaohs” [both by S. M.]; “Pictures from Bible Lands” (edited by S. G. Green. The illustrations by E. Whymper, etc.)	MANNING, Samuel LL.D		London	002369128		1879	http://www.flickr.com/photos/britishlibrary/11272179724	1	000365	11272179724	http://farm8.staticflickr.com/7398/11272179724_e1e7140dee_m.jpg	88	240	http://farm8.staticflickr.com/7398/11272179724_e1e7140dee.jpg	184	500	http://farm8.staticflickr.com/7398/11272179724_e1e7140dee_b.jpg	376	1024	http://farm8.staticflickr.com/7398/11272179724_57e398f892_o.jpg	737	2008
0		The Children's fairy geography, or a merry trip round Europe	WINSLOW, Forbes Edward.	lsidyv3c92d153	London	003952456	ark:/81055/vdc_00000005BE18	1879	http://www.flickr.com/photos/britishlibrary/11272154176	1	000294	11272154176	http://farm6.staticflickr.com/5512/11272154176_fe226bd033_m.jpg	240	169	http://farm6.staticflickr.com/5512/11272154176_fe226bd033.jpg	500	352	http://farm6.staticflickr.com/5512/11272154176_fe226bd033_b.jpg	1024	721	http://farm6.staticflickr.com/5512/11272154176_bfdd744373_o.jpg	1618	1140
0	T. Lewis	Waltham, past and present, and its industries. With ... photographic illustrations	NELSON, Charles Alexander.		Cambridge [Mass.]	002618620		1879	http://www.flickr.com/photos/britishlibrary/11272178574	2	000153	11272178574	http://farm8.staticflickr.com/7366/11272178574_e05582d45d_m.jpg	171	240	http://farm8.staticflickr.com/7366/11272178574_e05582d45d.jpg	356	500	http://farm8.staticflickr.com/7366/11272178574_e05582d45d_b.jpg	729	1024	http://farm8.staticflickr.com/7366/11272178574_694cc80eec_o.jpg	1012	1422
0	Religious Tract Society	English Pictures drawn with pen and pencil	MANNING, Samuel LL.D. and GREEN (Samuel Gosnell)	lsidyv3c492c1d	London	002369135	ark:/81055/vdc_000000059460	1879	http://www.flickr.com/photos/britishlibrary/11272177984	2	000108	11272177984	http://farm6.staticflickr.com/5484/11272177984_8819f7898d_m.jpg	240	204	http://farm6.staticflickr.com/5484/11272177984_8819f7898d.jpg	500	425	http://farm6.staticflickr.com/5484/11272177984_8819f7898d_b.jpg	1024	871	http://farm6.staticflickr.com/5484/11272177984_a92e34ff5d_o.jpg	1285	1093
01		A magyar nemzet története. I. kötet írta Bodon J. és Dr. Szalay J. (II.-IV.) kötet, írta Dr. Szalay J.) [With portraits.]	BODON, József and SZALAY (József)		Budapest	000389221		1879	http://www.flickr.com/photos/britishlibrary/11272152486	1	000225	11272152486	http://farm4.staticflickr.com/3676/11272152486_0eccc94763_m.jpg	240	197	http://farm4.staticflickr.com/3676/11272152486_0eccc94763.jpg	500	410	http://farm4.staticflickr.com/3676/11272152486_0eccc94763_b.jpg	1024	840	http://farm4.staticflickr.com/3676/11272152486_ba4b5de847_o.jpg	1525	1251
0	W. Le Baron, Jr., & Co.	The history of McLean County, Illinois, containing a history of the County [by C. P. Merriman], its cities, towns, etc. [by J. H. Burnham, H. H. Hill, and A. W. Kellogg]	HILL, H. H. Historian		Chicago	002326542		1879	http://www.flickr.com/photos/britishlibrary/11272152026	1	000379	11272152026	http://farm4.staticflickr.com/3711/11272152026_5e3063d1df_m.jpg	196	240	http://farm4.staticflickr.com/3711/11272152026_5e3063d1df.jpg	409	500	http://farm4.staticflickr.com/3711/11272152026_5e3063d1df_b.jpg	837	1024	http://farm4.staticflickr.com/3711/11272152026_89d8a1a3fd_o.jpg	1306	1597
0		Saint-Pierre de Rome. Ouvrage illustré, etc	LORBAC, Charles de.		Rome	002259706		1879	http://www.flickr.com/photos/britishlibrary/11272176114	1	000051	11272176114	http://farm4.staticflickr.com/3796/11272176114_f0a002e375_m.jpg	175	240	http://farm4.staticflickr.com/3796/11272176114_f0a002e375.jpg	365	500	http://farm4.staticflickr.com/3796/11272176114_f0a002e375_b.jpg	747	1024	http://farm4.staticflickr.com/3796/11272176114_89d7a0229e_o.jpg	1256	1721
0	Religious Tract Society	English Pictures drawn with pen and pencil	MANNING, Samuel LL.D. and GREEN (Samuel Gosnell)	lsidyv3c492c1d	London	002369135	ark:/81055/vdc_000000059460	1879	http://www.flickr.com/photos/britishlibrary/11272151016	1	000172	11272151016	http://farm4.staticflickr.com/3804/11272151016_d99cf84d60_m.jpg	186	240	http://farm4.staticflickr.com/3804/11272151016_d99cf84d60.jpg	387	500	http://farm4.staticflickr.com/3804/11272151016_d99cf84d60_b.jpg	793	1024	http://farm4.staticflickr.com/3804/11272151016_24cff28a14_o.jpg	1270	1640
0	[Ward, Lock & Co.	[Charles O'Malley, the Irish Dragoon. Edited by Harry Lorrequer. [By C. J. L.]]	LEVER, Charles James.		London,] Perth [printed	002150760		1879	http://www.flickr.com/photos/britishlibrary/11272175354	1	000414	11272175354	http://farm3.staticflickr.com/2844/11272175354_0bf858189b_m.jpg	169	240	http://farm3.staticflickr.com/2844/11272175354_0bf858189b.jpg	353	500	http://farm3.staticflickr.com/2844/11272175354_0bf858189b_b.jpg	722	1024	http://farm3.staticflickr.com/2844/11272175354_9aaa44b503_o.jpg	967	1371
0	Harper & Bros.	From Egypt to Palestine through Sinai, the Wilderness and the South Country. Observations of a journey made with special reference to the history of the Israelites ... With maps and illustrations	BARTLETT, Samuel Colcord.	lsidyv3c53baba	New York	000216339	ark:/81055/vdc_000000059CA0	1879	http://www.flickr.com/photos/britishlibrary/11272110285	1	000427	11272110285	http://farm3.staticflickr.com/2866/11272110285_8ba8aefc9c_m.jpg	169	240	http://farm3.staticflickr.com/2866/11272110285_8ba8aefc9c.jpg	351	500	http://farm3.staticflickr.com/2866/11272110285_8ba8aefc9c_b.jpg	719	1024	http://farm3.staticflickr.com/2866/11272110285_b0f9a7c54b_o.jpg	882	1257
01	American News Company	Round the world with General Grant. A narrative of the visit of General U. S. Grant ... to various countries ... in 1877, 1878, 1879. To which are added certain conversations with General Grant on questions connected with American politics and history ... With ... illustrations	YOUNG, John Russell.		New York	004002305		1879	http://www.flickr.com/photos/britishlibrary/11272149216	1	000393	11272149216	http://farm6.staticflickr.com/5520/11272149216_cbddf5279f_m.jpg	240	167	http://farm6.staticflickr.com/5520/11272149216_cbddf5279f.jpg	500	348	http://farm6.staticflickr.com/5520/11272149216_cbddf5279f_b.jpg	1024	712	http://farm6.staticflickr.com/5520/11272149216_61b6b39ac3_o.jpg	1416	985
02	American News Company	Round the world with General Grant. A narrative of the visit of General U. S. Grant ... to various countries ... in 1877, 1878, 1879. To which are added certain conversations with General Grant on questions connected with American politics and history ... With ... illustrations	YOUNG, John Russell.		New York	004002305		1879	http://www.flickr.com/photos/britishlibrary/11272173644	1	000585	11272173644	http://farm3.staticflickr.com/2882/11272173644_e322819ca3_m.jpg	165	240	http://farm3.staticflickr.com/2882/11272173644_e322819ca3.jpg	344	500	http://farm3.staticflickr.com/2882/11272173644_e322819ca3_b.jpg	705	1024	http://farm3.staticflickr.com/2882/11272173644_7efb1a7dc9_o.jpg	1187	1723
0		Les Vieilles Villes de Suisse. Notes et souvenirs. Ouvrage illustré de 105 dessins à la plume par A. Robida reproduits en fac-simile	ROBIDA, Albert.		Paris	003121715		1879	http://www.flickr.com/photos/britishlibrary/11272148316	1	000097	11272148316	http://farm4.staticflickr.com/3802/11272148316_0ba54a700d_m.jpg	132	240	http://farm4.staticflickr.com/3802/11272148316_0ba54a700d.jpg	274	500	http://farm4.staticflickr.com/3802/11272148316_0ba54a700d_b.jpg	562	1024	http://farm4.staticflickr.com/3802/11272148316_3801c1fae3_o.jpg	920	1675
0	Pickering & Co.	The History of the County of Monaghan	SHIRLEY, Evelyn Philip.		London	003370961		1879	http://www.flickr.com/photos/britishlibrary/11272173474	1	000349	11272173474	http://farm6.staticflickr.com/5526/11272173474_97351d0847_m.jpg	122	240	http://farm6.staticflickr.com/5526/11272173474_97351d0847.jpg	254	500	http://farm6.staticflickr.com/5526/11272173474_97351d0847_b.jpg	521	1024	http://farm6.staticflickr.com/5526/11272173474_07a6b7feb8_o.jpg	748	1471
0	Religious Tract Society	The Lands of Scripture: comprising “Those Holy Fields”; “The Land of the Pharaohs” [both by S. M.]; “Pictures from Bible Lands” (edited by S. G. Green. The illustrations by E. Whymper, etc.)	MANNING, Samuel LL.D		London	002369128		1879	http://www.flickr.com/photos/britishlibrary/11272107735	1	000315	11272107735	http://farm6.staticflickr.com/5476/11272107735_6318f5367c_m.jpg	137	240	http://farm6.staticflickr.com/5476/11272107735_6318f5367c.jpg	285	500	http://farm6.staticflickr.com/5476/11272107735_6318f5367c_b.jpg	584	1024	http://farm6.staticflickr.com/5476/11272107735_b3525e446f_o.jpg	1103	1933
0		Les Rues du vieux Paris. Galerie populaire et pittoresque ... Ouvrage illustré de 165 gravures sur bois	FOURNEL, Victor.		Paris	001279089		1879	http://www.flickr.com/photos/britishlibrary/11272217893	1	000641	11272217893	http://farm4.staticflickr.com/3685/11272217893_05b1cb2d0e_m.jpg	231	240	http://farm4.staticflickr.com/3685/11272217893_05b1cb2d0e.jpg	480	500	http://farm4.staticflickr.com/3685/11272217893_05b1cb2d0e_b.jpg	984	1024	http://farm4.staticflickr.com/3685/11272217893_842f9cbef5_o.jpg	1046	1088
0		[Brazil and the Brazilians ... in historical and descriptive sketches ... Engravings.]	KIDDER, Daniel Parish and FLETCHER (James C.)		London	001961854		1879	http://www.flickr.com/photos/britishlibrary/11272145886	1	000157	11272145886	http://farm3.staticflickr.com/2866/11272145886_97ed084d69_m.jpg	240	156	http://farm3.staticflickr.com/2866/11272145886_97ed084d69.jpg	500	325	http://farm3.staticflickr.com/2866/11272145886_97ed084d69_b.jpg	1024	665	http://farm3.staticflickr.com/2866/11272145886_8acbc7c9d0_o.jpg	1305	847
0	O. L. Baskin Co.	The history of Menard and Mason Counties, Illinois, containing a history of the counties [by R. D. Miller and J. M. Ruggles], ... statistics, &c. Illustrated			Chicago	002456488		1879	http://www.flickr.com/photos/britishlibrary/11272215763	1	000022	11272215763	http://farm6.staticflickr.com/5545/11272215763_2b02b82f4b_m.jpg	240	201	http://farm6.staticflickr.com/5545/11272215763_2b02b82f4b.jpg	500	418	http://farm6.staticflickr.com/5545/11272215763_2b02b82f4b_b.jpg	1024	856	http://farm6.staticflickr.com/5545/11272215763_5b665eba76_o.jpg	1613	1348
02		The Australian abroad. Branches from the Main Routes round the World. [Reprinted from the Melbourne “Argus.” With illustrations.] 2 series	HINGSTON, James.	lsidyv3cbf9abe	London	001689101	ark:/81055/vdc_00000005DA7A	1879	http://www.flickr.com/photos/britishlibrary/11272216623	1	000007	11272216623	http://farm6.staticflickr.com/5474/11272216623_a2b0ca9836_m.jpg	176	240	http://farm6.staticflickr.com/5474/11272216623_a2b0ca9836.jpg	367	500	http://farm6.staticflickr.com/5474/11272216623_a2b0ca9836_b.jpg	752	1024	http://farm6.staticflickr.com/5474/11272216623_65c3b76e8a_o.jpg	966	1316
01	Tinsley Brothers	Berlin under the New Empire, its institutions, inhabitants, industry ... With ... engravings, etc	VIZETELLY, Henry.		London	003807524		1879	http://www.flickr.com/photos/britishlibrary/11272215183	1	000331	11272215183	http://farm4.staticflickr.com/3825/11272215183_26695d4e54_m.jpg	240	144	http://farm4.staticflickr.com/3825/11272215183_26695d4e54.jpg	500	299	http://farm4.staticflickr.com/3825/11272215183_26695d4e54_b.jpg	1024	613	http://farm4.staticflickr.com/3825/11272215183_4a9ebc5996_o.jpg	1392	833
01	American News Company	Round the world with General Grant. A narrative of the visit of General U. S. Grant ... to various countries ... in 1877, 1878, 1879. To which are added certain conversations with General Grant on questions connected with American politics and history ... With ... illustrations	YOUNG, John Russell.		New York	004002305		1879	http://www.flickr.com/photos/britishlibrary/11272169624	1	000459	11272169624	http://farm6.staticflickr.com/5521/11272169624_98194bf0b5_m.jpg	175	240	http://farm6.staticflickr.com/5521/11272169624_98194bf0b5.jpg	365	500	http://farm6.staticflickr.com/5521/11272169624_98194bf0b5_b.jpg	748	1024	http://farm6.staticflickr.com/5521/11272169624_754644c8e4_o.jpg	1220	1670
0		The Wild Man at Home: or, pictures of life in savage lands ... With woodcuts ... and coloured illustrations	GREENWOOD, James Novelist	lsidyv2af6fa2f	London, Edinburgh	001503444	ark:/81055/vdc_0000000519A2	1879	http://www.flickr.com/photos/britishlibrary/11272103565	1	000379	11272103565	http://farm3.staticflickr.com/2892/11272103565_d4ee0e67b7_m.jpg	240	240	http://farm3.staticflickr.com/2892/11272103565_d4ee0e67b7.jpg	500	500	http://farm3.staticflickr.com/2892/11272103565_d4ee0e67b7_b.jpg	1023	1024	http://farm3.staticflickr.com/2892/11272103565_f07d70af24_o.jpg	1381	1383
0		[Viaje á la Patagonia austral emprendido bajo los auspicios del Gobierno Nacional 1876-1877. tom. 1.]	MORENO, Francisco Josué Pascasio.		Buenos Aires	002546655		1879	http://www.flickr.com/photos/britishlibrary/11272142426	1	000337	11272142426	http://farm8.staticflickr.com/7350/11272142426_be84b0152d_m.jpg	148	240	http://farm8.staticflickr.com/7350/11272142426_be84b0152d.jpg	309	500	http://farm8.staticflickr.com/7350/11272142426_be84b0152d_b.jpg	633	1024	http://farm8.staticflickr.com/7350/11272142426_2616afdf11_o.jpg	970	1570
0		Die amerikanische Nordpol-Expedition ... Mit zahlreichen Illustrationen in Holzschnitt, etc	BESSELS, Emil.		Leipzig	000303634		1879	http://www.flickr.com/photos/britishlibrary/11272167884	1	000514	11272167884	http://farm6.staticflickr.com/5506/11272167884_c9be033db7_m.jpg	188	240	http://farm6.staticflickr.com/5506/11272167884_c9be033db7.jpg	391	500	http://farm6.staticflickr.com/5506/11272167884_c9be033db7_b.jpg	801	1024	http://farm6.staticflickr.com/5506/11272167884_7cc05ae7dc_o.jpg	1061	1356
0	Everts & Ensign	History of Toga, Chemung, Tompkins, and Schuyler Counties, New York. With illustrations and biographical sketches of some of its prominent men and pioneers	PEIRCE, Henry B. and HURD (Duane Hamilton)		Philadelphia	002810116		1879	http://www.flickr.com/photos/britishlibrary/11272166434	1	000474	11272166434	http://farm4.staticflickr.com/3732/11272166434_c2f04e0b01_m.jpg	240	212	http://farm4.staticflickr.com/3732/11272166434_c2f04e0b01.jpg	500	442	http://farm4.staticflickr.com/3732/11272166434_c2f04e0b01_b.jpg	1024	906	http://farm4.staticflickr.com/3732/11272166434_5a199c825d_o.jpg	1441	1275
0	Lewis, Peck & Co.	History of Steuben County, New York, with illustrations and biographical sketches of some of its prominent men and pioneers	CLAYTON, W. Woodford.		Philadelphia	000719876		1879	http://www.flickr.com/photos/britishlibrary/11272166204	1	000701	11272166204	http://farm8.staticflickr.com/7339/11272166204_5cbf61de44_m.jpg	240	165	http://farm8.staticflickr.com/7339/11272166204_5cbf61de44.jpg	500	344	http://farm8.staticflickr.com/7339/11272166204_5cbf61de44_b.jpg	1024	704	http://farm8.staticflickr.com/7339/11272166204_03e0e672cc_o.jpg	1637	1126
0	J. A. & R. A. Reid	The Past and the Present. Narragansett sea and shore. An illustrated guide to Providence, Newport, Narragansett Pier, Block Island, Watch Hill, Rocky Point, Silver Spring, and all the famous sea-side resorts of Rhode Island, with a map of Narragansett Bay	DENISON, Frederic.		Providence	000908069		1879	http://www.flickr.com/photos/britishlibrary/11272101135	1	000039	11272101135	http://farm4.staticflickr.com/3671/11272101135_690c983a13_m.jpg	236	240	http://farm4.staticflickr.com/3671/11272101135_690c983a13.jpg	491	500	http://farm4.staticflickr.com/3671/11272101135_690c983a13_b.jpg	1006	1024	http://farm4.staticflickr.com/3671/11272101135_f50760f4fa_o.jpg	1110	1130
0		Saint-Pierre de Rome. Ouvrage illustré, etc	LORBAC, Charles de.		Rome	002259706		1879	http://www.flickr.com/photos/britishlibrary/11272139266	1	000124	11272139266	http://farm8.staticflickr.com/7457/11272139266_7d20dff290_m.jpg	143	240	http://farm8.staticflickr.com/7457/11272139266_7d20dff290.jpg	297	500	http://farm8.staticflickr.com/7457/11272139266_7d20dff290_b.jpg	609	1024	http://farm8.staticflickr.com/7457/11272139266_df5c91fcd1_o.jpg	885	1488
01	American News Company	Round the world with General Grant. A narrative of the visit of General U. S. Grant ... to various countries ... in 1877, 1878, 1879. To which are added certain conversations with General Grant on questions connected with American politics and history ... With ... illustrations	YOUNG, John Russell.		New York	004002305		1879	http://www.flickr.com/photos/britishlibrary/11272100175	1	000158	11272100175	http://farm4.staticflickr.com/3805/11272100175_2d4c133be0_m.jpg	147	240	http://farm4.staticflickr.com/3805/11272100175_2d4c133be0.jpg	307	500	http://farm4.staticflickr.com/3805/11272100175_2d4c133be0_b.jpg	628	1024	http://farm4.staticflickr.com/3805/11272100175_e22aae571b_o.jpg	1056	1723
0	The Mission Press	The manners and customs of the Chinese of the Straits Settlements	VAUGHAN, Jonas Daniel.	lsidyv3c6920e3	Singapore	003763775	ark:/81055/vdc_00000005AABC	1879	http://www.flickr.com/photos/britishlibrary/11272139106	1	000096	11272139106	http://farm6.staticflickr.com/5503/11272139106_7bef3a3160_m.jpg	182	240	http://farm6.staticflickr.com/5503/11272139106_7bef3a3160.jpg	378	500	http://farm6.staticflickr.com/5503/11272139106_7bef3a3160_b.jpg	775	1024	http://farm6.staticflickr.com/5503/11272139106_ce798bdae0_o.jpg	1115	1473
0	E. Marlborough & Co.	Popular Guide up the Thames, to Kew, Richmond, Twickenham and Hampton Court			London	003605985		1879	http://www.flickr.com/photos/britishlibrary/11272138086	1	000018	11272138086	http://farm6.staticflickr.com/5471/11272138086_0f72e35d4d_m.jpg	152	240	http://farm6.staticflickr.com/5471/11272138086_0f72e35d4d.jpg	316	500	http://farm6.staticflickr.com/5471/11272138086_0f72e35d4d_b.jpg	648	1024	http://farm6.staticflickr.com/5471/11272138086_f1e8fdd939_o.jpg	818	1293
0	John Murray	[The Student's Manual of Modern Geography. Mathematical, physical, and descriptive.]	BEVAN, William Latham.	lsidyv3ca2f2a9	London	000307737	ark:/81055/vdc_00000005C7F6	1879	http://www.flickr.com/photos/britishlibrary/11272137506	1	000598	11272137506	http://farm3.staticflickr.com/2817/11272137506_d6dda7efe6_m.jpg	165	240	http://farm3.staticflickr.com/2817/11272137506_d6dda7efe6.jpg	343	500	http://farm3.staticflickr.com/2817/11272137506_d6dda7efe6_b.jpg	703	1024	http://farm3.staticflickr.com/2817/11272137506_47a6f9a3b2_o.jpg	841	1225
01	American News Company	Round the world with General Grant. A narrative of the visit of General U. S. Grant ... to various countries ... in 1877, 1878, 1879. To which are added certain conversations with General Grant on questions connected with American politics and history ... With ... illustrations	YOUNG, John Russell.		New York	004002305		1879	http://www.flickr.com/photos/britishlibrary/11272098165	1	000023	11272098165	http://farm4.staticflickr.com/3707/11272098165_d931b2bc81_m.jpg	161	240	http://farm4.staticflickr.com/3707/11272098165_d931b2bc81.jpg	335	500	http://farm4.staticflickr.com/3707/11272098165_d931b2bc81_b.jpg	687	1024	http://farm4.staticflickr.com/3707/11272098165_6bf3401004_o.jpg	1158	1727
0	J. A. & R. A. Reid	The Past and the Present. Narragansett sea and shore. An illustrated guide to Providence, Newport, Narragansett Pier, Block Island, Watch Hill, Rocky Point, Silver Spring, and all the famous sea-side resorts of Rhode Island, with a map of Narragansett Bay	DENISON, Frederic.		Providence	000908069		1879	http://www.flickr.com/photos/britishlibrary/11272161684	1	000073	11272161684	http://farm4.staticflickr.com/3712/11272161684_ce2290a4c6_m.jpg	146	240	http://farm4.staticflickr.com/3712/11272161684_ce2290a4c6.jpg	305	500	http://farm4.staticflickr.com/3712/11272161684_ce2290a4c6_b.jpg	624	1024	http://farm4.staticflickr.com/3712/11272161684_37fb348d89_o.jpg	905	1486
01	Tinsley Brothers	Berlin under the New Empire, its institutions, inhabitants, industry ... With ... engravings, etc	VIZETELLY, Henry.		London	003807524		1879	http://www.flickr.com/photos/britishlibrary/11272161484	1	000139	11272161484	http://farm3.staticflickr.com/2840/11272161484_e5b36c01f2_m.jpg	240	184	http://farm3.staticflickr.com/2840/11272161484_e5b36c01f2.jpg	500	383	http://farm3.staticflickr.com/2840/11272161484_e5b36c01f2_b.jpg	1024	784	http://farm3.staticflickr.com/2840/11272161484_21bca7c884_o.jpg	1235	946
02	L. H. Everts	History of the Connecticut Valley in Massachusetts (by N. B. Sylvester), with illustrations and biographical sketches of some of its prominent men and pioneers [by other authors]	SYLVESTER, Nathaniel Bartlett.		Philadelphia	003562080		1879	http://www.flickr.com/photos/britishlibrary/11272097085	2	000563	11272097085	http://farm3.staticflickr.com/2870/11272097085_f765e399c5_m.jpg	215	240	http://farm3.staticflickr.com/2870/11272097085_f765e399c5.jpg	448	500	http://farm3.staticflickr.com/2870/11272097085_f765e399c5_b.jpg	917	1024	http://farm3.staticflickr.com/2870/11272097085_f29aa97b47_o.jpg	986	1101
0	John Murray	[The Student's Manual of Modern Geography. Mathematical, physical, and descriptive.]	BEVAN, William Latham.	lsidyv3ca2f2a9	London	000307737	ark:/81055/vdc_00000005C7F6	1879	http://www.flickr.com/photos/britishlibrary/11272160304	1	000117	11272160304	http://farm6.staticflickr.com/5484/11272160304_a25ca8c03d_m.jpg	161	240	http://farm6.staticflickr.com/5484/11272160304_a25ca8c03d.jpg	334	500	http://farm6.staticflickr.com/5484/11272160304_a25ca8c03d_b.jpg	685	1024	http://farm6.staticflickr.com/5484/11272160304_98c96e5eb5_o.jpg	820	1225
0	Cassell, Petter, Galpin & Co.	Morocco: its people and places ... Translated by C. Rollin-Tilton. With ... illustrations	AMICIS, Edmondo de.	lsidyv3c6b00d2	London	000070870	ark:/81055/vdc_00000005AC0C	1879	http://www.flickr.com/photos/britishlibrary/11272095585	1	000124	11272095585	http://farm4.staticflickr.com/3745/11272095585_814c1ee588_m.jpg	108	240	http://farm4.staticflickr.com/3745/11272095585_814c1ee588.jpg	224	500	http://farm4.staticflickr.com/3745/11272095585_814c1ee588_b.jpg	459	1024	http://farm4.staticflickr.com/3745/11272095585_5ef0a71f4b_o.jpg	872	1947
0	Everts & Ensign	History of Toga, Chemung, Tompkins, and Schuyler Counties, New York. With illustrations and biographical sketches of some of its prominent men and pioneers	PEIRCE, Henry B. and HURD (Duane Hamilton)		Philadelphia	002810116		1879	http://www.flickr.com/photos/britishlibrary/11272095245	1	000352	11272095245	http://farm8.staticflickr.com/7335/11272095245_41224e4f1e_m.jpg	240	146	http://farm8.staticflickr.com/7335/11272095245_41224e4f1e.jpg	500	304	http://farm8.staticflickr.com/7335/11272095245_41224e4f1e_b.jpg	1024	623	http://farm8.staticflickr.com/7335/11272095245_6426e5e318_o.jpg	1737	1056
0	Everts & Abbott	History of Hillsdale County, Michigan, with illustrations and biographical sketches of some of its prominent men, etc	Johnson, Crisfield.		Philadelphia	001884500		1879	http://www.flickr.com/photos/britishlibrary/11272133316	1	000449	11272133316	http://farm3.staticflickr.com/2893/11272133316_54092843e4_m.jpg	240	186	http://farm3.staticflickr.com/2893/11272133316_54092843e4.jpg	500	388	http://farm3.staticflickr.com/2893/11272133316_54092843e4_b.jpg	1024	795	http://farm3.staticflickr.com/2893/11272133316_a97eaa4359_o.jpg	1218	946
01		The Australian abroad. Branches from the Main Routes round the World. [Reprinted from the Melbourne “Argus.” With illustrations.] 2 series	HINGSTON, James.	lsidyv3cbf9abe	London	001689101	ark:/81055/vdc_00000005DA7A	1879	http://www.flickr.com/photos/britishlibrary/11272094315	1	000053	11272094315	http://farm6.staticflickr.com/5478/11272094315_6d6821acf3_m.jpg	148	240	http://farm6.staticflickr.com/5478/11272094315_6d6821acf3.jpg	309	500	http://farm6.staticflickr.com/5478/11272094315_6d6821acf3_b.jpg	632	1024	http://farm6.staticflickr.com/5478/11272094315_8ec6360972_o.jpg	828	1341
0		[Viaje á la Patagonia austral emprendido bajo los auspicios del Gobierno Nacional 1876-1877. tom. 1.]	MORENO, Francisco Josué Pascasio.		Buenos Aires	002546655		1879	http://www.flickr.com/photos/britishlibrary/11272093865	1	000245	11272093865	http://farm4.staticflickr.com/3726/11272093865_1e003c0f7b_m.jpg	119	240	http://farm4.staticflickr.com/3726/11272093865_1e003c0f7b.jpg	249	500	http://farm4.staticflickr.com/3726/11272093865_1e003c0f7b_b.jpg	509	1024	http://farm4.staticflickr.com/3726/11272093865_bef106b1dc_o.jpg	747	1502
0	J. Tweed	The Annals of Dumfermline and vicinity ... 1069-1878. Interspersed with ... notes, ... and ... engravings	HENDERSON, Ebenezer LL.D., F.R.A.S		Glasgow	001648659		1879	http://www.flickr.com/photos/britishlibrary/11272092835	1	000259	11272092835	http://farm6.staticflickr.com/5479/11272092835_a2c8c60786_m.jpg	123	240	http://farm6.staticflickr.com/5479/11272092835_a2c8c60786.jpg	256	500	http://farm6.staticflickr.com/5479/11272092835_a2c8c60786_b.jpg	525	1024	http://farm6.staticflickr.com/5479/11272092835_8caedf9ea6_o.jpg	877	1709
02	Tinsley Brothers	Berlin under the New Empire, its institutions, inhabitants, industry ... With ... engravings, etc	VIZETELLY, Henry.		London	003807524		1879	http://www.flickr.com/photos/britishlibrary/11272157094	1	000269	11272157094	http://farm8.staticflickr.com/7327/11272157094_063f5e9351_m.jpg	240	196	http://farm8.staticflickr.com/7327/11272157094_063f5e9351.jpg	500	408	http://farm8.staticflickr.com/7327/11272157094_063f5e9351_b.jpg	1024	836	http://farm8.staticflickr.com/7327/11272157094_213ccbd8d6_o.jpg	1140	931
01		The Australian abroad. Branches from the Main Routes round the World. [Reprinted from the Melbourne “Argus.” With illustrations.] 2 series	HINGSTON, James.	lsidyv3cbf9abe	London	001689101	ark:/81055/vdc_00000005DA7A	1879	http://www.flickr.com/photos/britishlibrary/11272092545	1	000407	11272092545	http://farm4.staticflickr.com/3727/11272092545_fb4efdbd12_m.jpg	240	213	http://farm4.staticflickr.com/3727/11272092545_fb4efdbd12.jpg	500	444	http://farm4.staticflickr.com/3727/11272092545_fb4efdbd12_b.jpg	1024	909	http://farm4.staticflickr.com/3727/11272092545_93aa873b47_o.jpg	1152	1023
0	D. W. Ensign & Co.	History of Columbiana County, Ohio, with illustrations and biographical sketches of its prominent men and pioneers	MACK, Horace.		Philadelphia	002319445		1879	http://www.flickr.com/photos/britishlibrary/11272201833	1	000307	11272201833	http://farm8.staticflickr.com/7369/11272201833_b44be0de5d_m.jpg	240	191	http://farm8.staticflickr.com/7369/11272201833_b44be0de5d.jpg	500	398	http://farm8.staticflickr.com/7369/11272201833_b44be0de5d_b.jpg	1024	816	http://farm8.staticflickr.com/7369/11272201833_0771b3fd57_o.jpg	1263	1007
01	D. Appleton & Co.	[Appleton's European Guide Book illustrated. Including England, Scotland, and Ireland, France, Belgium, Holland, Northern and Southern Germany, Switzerland, Italy, Spain and Portugal, Russia, Denmark, Norway, and Sweden. Containing ... maps, etc.]	APPLETON, Daniel AND CO	lsidyv3cbe7355	New York; Longmans & Co	000100280	ark:/81055/vdc_00000005D9DE	1879	http://www.flickr.com/photos/britishlibrary/11272091475	1	000691	11272091475	http://farm4.staticflickr.com/3734/11272091475_3fa0f178af_m.jpg	194	240	http://farm4.staticflickr.com/3734/11272091475_3fa0f178af.jpg	405	500	http://farm4.staticflickr.com/3734/11272091475_3fa0f178af_b.jpg	829	1024	http://farm4.staticflickr.com/3734/11272091475_03718dc7a7_o.jpg	1033	1276
01	Tinsley Brothers	Berlin under the New Empire, its institutions, inhabitants, industry ... With ... engravings, etc	VIZETELLY, Henry.		London	003807524		1879	http://www.flickr.com/photos/britishlibrary/11272155234	1	000081	11272155234	http://farm8.staticflickr.com/7290/11272155234_a7742b2962_m.jpg	175	240	http://farm8.staticflickr.com/7290/11272155234_a7742b2962.jpg	365	500	http://farm8.staticflickr.com/7290/11272155234_a7742b2962_b.jpg	747	1024	http://farm8.staticflickr.com/7290/11272155234_460fc9f9e0_o.jpg	1036	1421
01		Knaresborough Castle Yard. (The Microcosm: and, Malcolm, a holiday-walk. A few occasional pieces.) [In verse.]			London, Bristol [printed]	001987484		1879	http://www.flickr.com/photos/britishlibrary/11272128966	1	000023	11272128966	http://farm8.staticflickr.com/7380/11272128966_96dec23987_m.jpg	214	240	http://farm8.staticflickr.com/7380/11272128966_96dec23987.jpg	446	500	http://farm8.staticflickr.com/7380/11272128966_96dec23987_b.jpg	913	1024	http://farm8.staticflickr.com/7380/11272128966_50890ea78f_o.jpg	1115	1250
0	Lewis, Peck & Co.	History of Steuben County, New York, with illustrations and biographical sketches of some of its prominent men and pioneers	CLAYTON, W. Woodford.		Philadelphia	000719876		1879	http://www.flickr.com/photos/britishlibrary/11272153874	1	000550	11272153874	http://farm8.staticflickr.com/7356/11272153874_7972a84b1b_m.jpg	240	164	http://farm8.staticflickr.com/7356/11272153874_7972a84b1b.jpg	500	342	http://farm8.staticflickr.com/7356/11272153874_7972a84b1b_b.jpg	1024	701	http://farm8.staticflickr.com/7356/11272153874_16ffb2d449_o.jpg	1505	1030
0		A Yachtsman's Holidays; or, cruising in the West Highlands. By the “Governor.” [With illustrations.]			London	001477898		1879	http://www.flickr.com/photos/britishlibrary/11272089095	1	000100	11272089095	http://farm6.staticflickr.com/5532/11272089095_ca19fb3d1a_m.jpg	240	195	http://farm6.staticflickr.com/5532/11272089095_ca19fb3d1a.jpg	500	406	http://farm6.staticflickr.com/5532/11272089095_ca19fb3d1a_b.jpg	1024	831	http://farm6.staticflickr.com/5532/11272089095_592fd48949_o.jpg	1238	1005
0		Viaje á la Patagonia austral emprendido bajo los auspicios del Gobierno Nacional 1876-1877. tom. 1	MORENO, Francisco Josué Pascasio.		Buenos Aires	002546654		1879	http://www.flickr.com/photos/britishlibrary/11272153124	1	000279	11272153124	http://farm3.staticflickr.com/2866/11272153124_e3919236be_m.jpg	157	240	http://farm3.staticflickr.com/2866/11272153124_e3919236be.jpg	328	500	http://farm3.staticflickr.com/2866/11272153124_e3919236be_b.jpg	671	1024	http://farm3.staticflickr.com/2866/11272153124_20d47aeb7b_o.jpg	1027	1568
0	Marcus Ward & Co.	Our Native Land, its scenery and associations. A series of 36 water-colour sketches after Rowbotham, Read, Needham, and other eminent artists. With descriptive notes. [The author of the text identified on the wrapper of pt. 1 as “the author of By Loch and by Land”, i.e. Jean L. Watson.]	WATSON, Jean L.		London	001140593		1879	http://www.flickr.com/photos/britishlibrary/11272198383	1	000254	11272198383	http://farm6.staticflickr.com/5517/11272198383_48f9d369b6_m.jpg	90	240	http://farm6.staticflickr.com/5517/11272198383_48f9d369b6.jpg	188	500	http://farm6.staticflickr.com/5517/11272198383_48f9d369b6_b.jpg	384	1024	http://farm6.staticflickr.com/5517/11272198383_1e0a47f6bc_o.jpg	731	1948
02		A magyar nemzet története. I. kötet írta Bodon J. és Dr. Szalay J. (II.-IV.) kötet, írta Dr. Szalay J.) [With portraits.]	BODON, József and SZALAY (József)		Budapest	000389221		1879	http://www.flickr.com/photos/britishlibrary/11272087465	1	000057	11272087465	http://farm4.staticflickr.com/3751/11272087465_c85f8cb781_m.jpg	240	203	http://farm4.staticflickr.com/3751/11272087465_c85f8cb781.jpg	500	424	http://farm4.staticflickr.com/3751/11272087465_c85f8cb781_b.jpg	1024	868	http://farm4.staticflickr.com/3751/11272087465_2984ebf269_o.jpg	1376	1167
0	Harper & Bros.	What Mr. Darwin saw in his Voyage round The World in the Ship “Beagle.” [Compiled and adapted from “Journal of Researches into the Geology and Natural History of the Various Countries visited by H.M.S. Beagle, etc.”]	Darwin, Charles	lsidyv3c8ea4b0	New York	000868098	ark:/81055/vdc_00000005BB84	1879	http://www.flickr.com/photos/britishlibrary/11272126196	1	000100	11272126196	http://farm8.staticflickr.com/7398/11272126196_33c4597da7_m.jpg	191	240	http://farm8.staticflickr.com/7398/11272126196_33c4597da7.jpg	398	500	http://farm8.staticflickr.com/7398/11272126196_33c4597da7_b.jpg	816	1024	http://farm8.staticflickr.com/7398/11272126196_4db1b8da0a_o.jpg	1235	1550
0	Griffith & Farran	revised	BOWDICH, afterwards LEE, Sarah.		London; E. P. Dutton & Co	000438289		1879	http://www.flickr.com/photos/britishlibrary/11272086985	1	000259	11272086985	http://farm6.staticflickr.com/5514/11272086985_db57d45efb_m.jpg	240	166	http://farm6.staticflickr.com/5514/11272086985_db57d45efb.jpg	500	346	http://farm6.staticflickr.com/5514/11272086985_db57d45efb_b.jpg	1024	708	http://farm6.staticflickr.com/5514/11272086985_0babb40865_o.jpg	1613	1116
0	Lewis, Peck & Co.	History of Steuben County, New York, with illustrations and biographical sketches of some of its prominent men and pioneers	CLAYTON, W. Woodford.		Philadelphia	000719876		1879	http://www.flickr.com/photos/britishlibrary/11272086105	1	000675	11272086105	http://farm3.staticflickr.com/2860/11272086105_b4922d7d7b_m.jpg	240	164	http://farm3.staticflickr.com/2860/11272086105_b4922d7d7b.jpg	500	341	http://farm3.staticflickr.com/2860/11272086105_b4922d7d7b_b.jpg	1024	698	http://farm3.staticflickr.com/2860/11272086105_b67a4595a2_o.jpg	1617	1102
0		A History of the Town of Franklin, Mass.; from its settlement to the completion of its first century, 2d March, 1878; with genealogical notices of its earliest families, sketches of its professional men, and a report of the centennial celebration. By Mortimer Blake	BLAKE, Mortimer.		Franklin	001311432		1879	http://www.flickr.com/photos/britishlibrary/11272124906	1	000176	11272124906	http://farm8.staticflickr.com/7366/11272124906_8879ea092d_m.jpg	219	240	http://farm8.staticflickr.com/7366/11272124906_8879ea092d.jpg	457	500	http://farm8.staticflickr.com/7366/11272124906_8879ea092d_b.jpg	936	1024	http://farm8.staticflickr.com/7366/11272124906_aedd45804c_o.jpg	1221	1336
0	Mark and Bailey	Northampton past and present, a Handy Guide Book to the town and neighbourhood			Northampton	002673317		1879	http://www.flickr.com/photos/britishlibrary/11272195253	2	000061	11272195253	http://farm6.staticflickr.com/5536/11272195253_31455f132f_m.jpg	198	240	http://farm6.staticflickr.com/5536/11272195253_31455f132f.jpg	412	500	http://farm6.staticflickr.com/5536/11272195253_31455f132f_b.jpg	843	1024	http://farm6.staticflickr.com/5536/11272195253_584ba4e32e_o.jpg	932	1132
0	Everts & Ensign	History of Toga, Chemung, Tompkins, and Schuyler Counties, New York. With illustrations and biographical sketches of some of its prominent men and pioneers	PEIRCE, Henry B. and HURD (Duane Hamilton)		Philadelphia	002810116		1879	http://www.flickr.com/photos/britishlibrary/11272149254	1	000712	11272149254	http://farm8.staticflickr.com/7402/11272149254_767502cce9_m.jpg	240	163	http://farm8.staticflickr.com/7402/11272149254_767502cce9.jpg	500	339	http://farm8.staticflickr.com/7402/11272149254_767502cce9_b.jpg	1024	695	http://farm8.staticflickr.com/7402/11272149254_aaa0183962_o.jpg	1468	997
01	Tinsley Brothers	Berlin under the New Empire, its institutions, inhabitants, industry ... With ... engravings, etc	VIZETELLY, Henry.		London	003807524		1879	http://www.flickr.com/photos/britishlibrary/11272123726	2	000388	11272123726	http://farm6.staticflickr.com/5489/11272123726_1ef37de78f_m.jpg	188	240	http://farm6.staticflickr.com/5489/11272123726_1ef37de78f.jpg	392	500	http://farm6.staticflickr.com/5489/11272123726_1ef37de78f_b.jpg	803	1024	http://farm6.staticflickr.com/5489/11272123726_bcc26e6734_o.jpg	1012	1290
0	Everts & Ensign	History of Toga, Chemung, Tompkins, and Schuyler Counties, New York. With illustrations and biographical sketches of some of its prominent men and pioneers	PEIRCE, Henry B. and HURD (Duane Hamilton)		Philadelphia	002810116		1879	http://www.flickr.com/photos/britishlibrary/11272147594	1	000217	11272147594	http://farm3.staticflickr.com/2847/11272147594_48d6e4ff65_m.jpg	240	168	http://farm3.staticflickr.com/2847/11272147594_48d6e4ff65.jpg	500	350	http://farm3.staticflickr.com/2847/11272147594_48d6e4ff65_b.jpg	1024	716	http://farm3.staticflickr.com/2847/11272147594_680699cb2d_o.jpg	1653	1156
0	C. R. Barns	Switzler's Illustrated History of Missouri, from 1541 to 1877, etc. [Edited by C. R. Barns. From the larger work edited by him, entitled: “The Commonwealth of Missouri.”]	BARNS, Chancy R.		Saint Louis	000206134		1879	http://www.flickr.com/photos/britishlibrary/11272148014	1	000406	11272148014	http://farm8.staticflickr.com/7413/11272148014_bff4f08389_m.jpg	167	240	http://farm8.staticflickr.com/7413/11272148014_bff4f08389.jpg	348	500	http://farm8.staticflickr.com/7413/11272148014_bff4f08389_b.jpg	713	1024	http://farm8.staticflickr.com/7413/11272148014_1353793252_o.jpg	990	1421
0	[Ward, Lock & Co.	[Charles O'Malley, the Irish Dragoon. Edited by Harry Lorrequer. [By C. J. L.]]	LEVER, Charles James.		London,] Perth [printed	002150760		1879	http://www.flickr.com/photos/britishlibrary/11272193223	1	000083	11272193223	http://farm8.staticflickr.com/7304/11272193223_34938b7f2b_m.jpg	240	155	http://farm8.staticflickr.com/7304/11272193223_34938b7f2b.jpg	500	323	http://farm8.staticflickr.com/7304/11272193223_34938b7f2b_b.jpg	1024	662	http://farm8.staticflickr.com/7304/11272193223_02bf52ca33_o.jpg	1450	938
0		La Grecia moderna. Ricordi ... Con 31 incisioni	PENNAZZI, Luigi Count		Milano	002815965		1879	http://www.flickr.com/photos/britishlibrary/11272146714	1	000251	11272146714	http://farm4.staticflickr.com/3690/11272146714_50ae217edc_m.jpg	240	160	http://farm4.staticflickr.com/3690/11272146714_50ae217edc.jpg	500	333	http://farm4.staticflickr.com/3690/11272146714_50ae217edc_b.jpg	1024	682	http://farm4.staticflickr.com/3690/11272146714_0cf29e0ea3_o.jpg	1768	1178
0		The Illustrated Guide to Sheffield and the surrounding district, etc	TAYLOR, John of Sheffield		Sheffield	003589731		1879	http://www.flickr.com/photos/britishlibrary/11272145934	1	000180	11272145934	http://farm6.staticflickr.com/5483/11272145934_afba4c9ed8_m.jpg	169	240	http://farm6.staticflickr.com/5483/11272145934_afba4c9ed8.jpg	353	500	http://farm6.staticflickr.com/5483/11272145934_afba4c9ed8_b.jpg	722	1024	http://farm6.staticflickr.com/5483/11272145934_7bfb8a8b1d_o.jpg	998	1415
0	Murray Williamson & Phelps	The History of Adams County, Illinois ... Illustrated			Chicago	000014468		1879	http://www.flickr.com/photos/britishlibrary/11272192153	2	000209	11272192153	http://farm3.staticflickr.com/2835/11272192153_502e88ddcb_m.jpg	192	240	http://farm3.staticflickr.com/2835/11272192153_502e88ddcb.jpg	400	500	http://farm3.staticflickr.com/2835/11272192153_502e88ddcb_b.jpg	820	1024	http://farm3.staticflickr.com/2835/11272192153_1d6ff11a15_o.jpg	1252	1563
0	John Murray	[The Student's Manual of Modern Geography. Mathematical, physical, and descriptive.]	BEVAN, William Latham.	lsidyv3ca2f2a9	London	000307737	ark:/81055/vdc_00000005C7F6	1879	http://www.flickr.com/photos/britishlibrary/11272119796	1	000541	11272119796	http://farm8.staticflickr.com/7313/11272119796_6a1f6f9e20_m.jpg	182	240	http://farm8.staticflickr.com/7313/11272119796_6a1f6f9e20.jpg	378	500	http://farm8.staticflickr.com/7313/11272119796_6a1f6f9e20_b.jpg	775	1024	http://farm8.staticflickr.com/7313/11272119796_184a3b7123_o.jpg	927	1225
0	Religious Tract Society	English Pictures drawn with pen and pencil	MANNING, Samuel LL.D. and GREEN (Samuel Gosnell)	lsidyv3c492c1d	London	002369135	ark:/81055/vdc_000000059460	1879	http://www.flickr.com/photos/britishlibrary/11272190833	2	000157	11272190833	http://farm4.staticflickr.com/3829/11272190833_dc0de3cd59_m.jpg	187	240	http://farm4.staticflickr.com/3829/11272190833_dc0de3cd59.jpg	390	500	http://farm4.staticflickr.com/3829/11272190833_dc0de3cd59_b.jpg	799	1024	http://farm4.staticflickr.com/3829/11272190833_0ac1832b81_o.jpg	1078	1382
0	John Murray	[The Student's Manual of Modern Geography. Mathematical, physical, and descriptive.]	BEVAN, William Latham.	lsidyv3ca2f2a9	London	000307737	ark:/81055/vdc_00000005C7F6	1879	http://www.flickr.com/photos/britishlibrary/11272190203	1	000137	11272190203	http://farm4.staticflickr.com/3781/11272190203_5fd1b03547_m.jpg	165	240	http://farm4.staticflickr.com/3781/11272190203_5fd1b03547.jpg	343	500	http://farm4.staticflickr.com/3781/11272190203_5fd1b03547_b.jpg	703	1024	http://farm4.staticflickr.com/3781/11272190203_dda8df23d1_o.jpg	841	1225
01	L. H. Everts	History of the Connecticut Valley in Massachusetts (by N. B. Sylvester), with illustrations and biographical sketches of some of its prominent men and pioneers [by other authors]	SYLVESTER, Nathaniel Bartlett.		Philadelphia	003562080		1879	http://www.flickr.com/photos/britishlibrary/11272078545	1	000557	11272078545	http://farm6.staticflickr.com/5540/11272078545_1d768f5b33_m.jpg	240	178	http://farm6.staticflickr.com/5540/11272078545_1d768f5b33.jpg	500	372	http://farm6.staticflickr.com/5540/11272078545_1d768f5b33_b.jpg	1024	761	http://farm6.staticflickr.com/5540/11272078545_d8b519c375_o.jpg	1626	1208
0		Очерки Русской Исторіи въ памятникахъ быта. pt. 1, 2	POLEVOI, Petr Nikolaevich.		С.-Петербургъ	002948284		1879	http://www.flickr.com/photos/britishlibrary/11272118146	1	000400	11272118146	http://farm8.staticflickr.com/7289/11272118146_da7993fe46_m.jpg	240	173	http://farm8.staticflickr.com/7289/11272118146_da7993fe46.jpg	500	360	http://farm8.staticflickr.com/7289/11272118146_da7993fe46_b.jpg	1024	738	http://farm8.staticflickr.com/7289/11272118146_3ae2c973d5_o.jpg	1391	1003
0	Wesleyan Conference Office	Rambles in Bible Lands	NEWTON, Richard D.D., Rector of St. Paul's Church, Philadelphia	lsidyv3ca35e3a	London	002646495	ark:/81055/vdc_00000005C826	1879	http://www.flickr.com/photos/britishlibrary/11272117176	1	000164	11272117176	http://farm3.staticflickr.com/2866/11272117176_f60c8c1062_m.jpg	203	240	http://farm3.staticflickr.com/2866/11272117176_f60c8c1062.jpg	422	500	http://farm3.staticflickr.com/2866/11272117176_f60c8c1062_b.jpg	864	1024	http://farm3.staticflickr.com/2866/11272117176_5fa9882423_o.jpg	1161	1376
0	Western Historical Co.	The History of Clinton County, Iowa ... Illustrated			Chicago	000726414		1879	http://www.flickr.com/photos/britishlibrary/11272116766	1	000085	11272116766	http://farm6.staticflickr.com/5516/11272116766_af1fefc937_m.jpg	176	240	http://farm6.staticflickr.com/5516/11272116766_af1fefc937.jpg	368	500	http://farm6.staticflickr.com/5516/11272116766_af1fefc937_b.jpg	753	1024	http://farm6.staticflickr.com/5516/11272116766_fab8a35f44_o.jpg	1136	1544
01	D. Appleton & Co.	[Appleton's European Guide Book illustrated. Including England, Scotland, and Ireland, France, Belgium, Holland, Northern and Southern Germany, Switzerland, Italy, Spain and Portugal, Russia, Denmark, Norway, and Sweden. Containing ... maps, etc.]	APPLETON, Daniel AND CO	lsidyv3cbe7355	New York; Longmans & Co	000100280	ark:/81055/vdc_00000005D9DE	1879	http://www.flickr.com/photos/britishlibrary/11272142214	1	000692	11272142214	http://farm4.staticflickr.com/3696/11272142214_6284885cbf_m.jpg	172	240	http://farm4.staticflickr.com/3696/11272142214_6284885cbf.jpg	358	500	http://farm4.staticflickr.com/3696/11272142214_6284885cbf_b.jpg	733	1024	http://farm4.staticflickr.com/3696/11272142214_409eb29eba_o.jpg	883	1233
02	American News Company	Round the world with General Grant. A narrative of the visit of General U. S. Grant ... to various countries ... in 1877, 1878, 1879. To which are added certain conversations with General Grant on questions connected with American politics and history ... With ... illustrations	YOUNG, John Russell.		New York	004002305		1879	http://www.flickr.com/photos/britishlibrary/11272140974	1	000188	11272140974	http://farm6.staticflickr.com/5531/11272140974_ab936588bb_m.jpg	151	240	http://farm6.staticflickr.com/5531/11272140974_ab936588bb.jpg	314	500	http://farm6.staticflickr.com/5531/11272140974_ab936588bb_b.jpg	644	1024	http://farm6.staticflickr.com/5531/11272140974_2662b41e38_o.jpg	1047	1665
01		The Australian abroad. Branches from the Main Routes round the World. [Reprinted from the Melbourne “Argus.” With illustrations.] 2 series	HINGSTON, James.	lsidyv3cbf9abe	London	001689101	ark:/81055/vdc_00000005DA7A	1879	http://www.flickr.com/photos/britishlibrary/11272114636	1	000156	11272114636	http://farm6.staticflickr.com/5498/11272114636_537888f7b8_m.jpg	152	240	http://farm6.staticflickr.com/5498/11272114636_537888f7b8.jpg	317	500	http://farm6.staticflickr.com/5498/11272114636_537888f7b8_b.jpg	650	1024	http://farm6.staticflickr.com/5498/11272114636_d355b400f9_o.jpg	880	1387
0		Die amerikanische Nordpol-Expedition ... Mit zahlreichen Illustrationen in Holzschnitt, etc	BESSELS, Emil.		Leipzig	000303634		1879	http://www.flickr.com/photos/britishlibrary/11272186833	1	000283	11272186833	http://farm6.staticflickr.com/5496/11272186833_b80f215554_m.jpg	133	240	http://farm6.staticflickr.com/5496/11272186833_b80f215554.jpg	276	500	http://farm6.staticflickr.com/5496/11272186833_b80f215554_b.jpg	566	1024	http://farm6.staticflickr.com/5496/11272186833_d9e08e912f_o.jpg	876	1584
0		Sahara & Sahel. I. Un Été dans le Sahara. II. Une Année dans le Sahel. Édition illustrée d'eaux fortes ... et de quarante-cinq gravures, etc	Fromentin, Eugène		Paris	001334608		1879	http://www.flickr.com/photos/britishlibrary/11272114556	1	000028	11272114556	http://farm8.staticflickr.com/7417/11272114556_e12785cf5f_m.jpg	224	240	http://farm8.staticflickr.com/7417/11272114556_e12785cf5f.jpg	466	500	http://farm8.staticflickr.com/7417/11272114556_e12785cf5f_b.jpg	954	1024	http://farm8.staticflickr.com/7417/11272114556_c9e911667a_o.jpg	1016	1091
0	C. R. Barns	Switzler's Illustrated History of Missouri, from 1541 to 1877, etc. [Edited by C. R. Barns. From the larger work edited by him, entitled: “The Commonwealth of Missouri.”]	BARNS, Chancy R.		Saint Louis	000206134		1879	http://www.flickr.com/photos/britishlibrary/11272073845	1	000220	11272073845	http://farm6.staticflickr.com/5507/11272073845_b856a0a6cd_m.jpg	240	208	http://farm6.staticflickr.com/5507/11272073845_b856a0a6cd.jpg	500	434	http://farm6.staticflickr.com/5507/11272073845_b856a0a6cd_b.jpg	1024	889	http://farm6.staticflickr.com/5507/11272073845_bf8ef7c825_o.jpg	1402	1217
01	L. H. Everts	History of the Connecticut Valley in Massachusetts (by N. B. Sylvester), with illustrations and biographical sketches of some of its prominent men and pioneers [by other authors]	SYLVESTER, Nathaniel Bartlett.		Philadelphia	003562080		1879	http://www.flickr.com/photos/britishlibrary/11272137934	1	000312	11272137934	http://farm4.staticflickr.com/3730/11272137934_5fe418a487_m.jpg	240	214	http://farm4.staticflickr.com/3730/11272137934_5fe418a487.jpg	500	446	http://farm4.staticflickr.com/3730/11272137934_5fe418a487_b.jpg	1024	914	http://farm4.staticflickr.com/3730/11272137934_4d2326af78_o.jpg	1447	1291
0	Harper & Bros.	What Mr. Darwin saw in his Voyage round The World in the Ship “Beagle.” [Compiled and adapted from “Journal of Researches into the Geology and Natural History of the Various Countries visited by H.M.S. Beagle, etc.”]	Darwin, Charles	lsidyv3c8ea4b0	New York	000868098	ark:/81055/vdc_00000005BB84	1879	http://www.flickr.com/photos/britishlibrary/11272073275	1	000154	11272073275	http://farm3.staticflickr.com/2858/11272073275_a24f8911aa_m.jpg	240	212	http://farm3.staticflickr.com/2858/11272073275_a24f8911aa.jpg	500	442	http://farm3.staticflickr.com/2858/11272073275_a24f8911aa_b.jpg	1024	905	http://farm3.staticflickr.com/2858/11272073275_b3130efcc7_o.jpg	1331	1176
0	F. W. Bird	History of the Town of Douglas, Massachusetts, from the earliest period to the close of 1878	EMERSON, William Andrew.		Boston [Mass.]	001065911		1879	http://www.flickr.com/photos/britishlibrary/11272111956	2	000279	11272111956	http://farm4.staticflickr.com/3780/11272111956_cd16f1a9dd_m.jpg	180	240	http://farm4.staticflickr.com/3780/11272111956_cd16f1a9dd.jpg	375	500	http://farm4.staticflickr.com/3780/11272111956_cd16f1a9dd_b.jpg	767	1024	http://farm4.staticflickr.com/3780/11272111956_33f1d1df52_o.jpg	1143	1526
0		Monuments religieux, civils et militaires du Gatinais, ... depuis le XIe jusqu'au XVIIe siècle. ... Ouvrage accompagné de planches, etc	MICHEL, Edmond.		Lyon	002482448		1879	http://www.flickr.com/photos/britishlibrary/11272071935	1	000557	11272071935	http://farm4.staticflickr.com/3811/11272071935_e4c6c4fc66_m.jpg	240	106	http://farm4.staticflickr.com/3811/11272071935_e4c6c4fc66.jpg	500	221	http://farm4.staticflickr.com/3811/11272071935_e4c6c4fc66_b.jpg	1024	453	http://farm4.staticflickr.com/3811/11272071935_0bbd8061c2_o.jpg	1923	851
0	Religious Tract Society	English Pictures drawn with pen and pencil	MANNING, Samuel LL.D. and GREEN (Samuel Gosnell)	lsidyv3c492c1d	London	002369135	ark:/81055/vdc_000000059460	1879	http://www.flickr.com/photos/britishlibrary/11272071525	1	000036	11272071525	http://farm8.staticflickr.com/7374/11272071525_f62e56a6b1_m.jpg	240	194	http://farm8.staticflickr.com/7374/11272071525_f62e56a6b1.jpg	500	403	http://farm8.staticflickr.com/7374/11272071525_f62e56a6b1_b.jpg	1024	826	http://farm8.staticflickr.com/7374/11272071525_1cdd8eab8c_o.jpg	1565	1262
0		The Child's Hymnal. Edited by ... C. Rogers. [With illustrations.]	ROGERS, Charles D.D		London	003135671		1879	http://www.flickr.com/photos/britishlibrary/11272109596	1	000011	11272109596	http://farm4.staticflickr.com/3763/11272109596_2e6e12667f_m.jpg	174	240	http://farm4.staticflickr.com/3763/11272109596_2e6e12667f.jpg	363	500	http://farm4.staticflickr.com/3763/11272109596_2e6e12667f_b.jpg	744	1024	http://farm4.staticflickr.com/3763/11272109596_8bfbe673e6_o.jpg	921	1267
0	Houghton & Hammond	Some Account of Colton and of the De Wasteney's Family. [By F. P. Parker. With plates and a map.]	PARKER, Frederick Perrot.		Birmingham	000753966		1879	http://www.flickr.com/photos/britishlibrary/11272110526	1	000016	11272110526	http://farm3.staticflickr.com/2815/11272110526_d18af1c470_m.jpg	232	240	http://farm3.staticflickr.com/2815/11272110526_d18af1c470.jpg	482	500	http://farm3.staticflickr.com/2815/11272110526_d18af1c470_b.jpg	988	1024	http://farm3.staticflickr.com/2815/11272110526_b594024954_o.jpg	1407	1459
02	Tinsley Brothers	Berlin under the New Empire, its institutions, inhabitants, industry ... With ... engravings, etc	VIZETELLY, Henry.		London	003807524		1879	http://www.flickr.com/photos/britishlibrary/11272109566	1	000412	11272109566	http://farm4.staticflickr.com/3825/11272109566_ab1e1f4ed4_m.jpg	240	190	http://farm4.staticflickr.com/3825/11272109566_ab1e1f4ed4.jpg	500	396	http://farm4.staticflickr.com/3825/11272109566_ab1e1f4ed4_b.jpg	1024	810	http://farm4.staticflickr.com/3825/11272109566_df6b9a161a_o.jpg	1281	1013
0		Les Vieilles Villes de Suisse. Notes et souvenirs. Ouvrage illustré de 105 dessins à la plume par A. Robida reproduits en fac-simile	ROBIDA, Albert.		Paris	003121715		1879	http://www.flickr.com/photos/britishlibrary/11272068745	1	000159	11272068745	http://farm4.staticflickr.com/3731/11272068745_2b558cea27_m.jpg	240	202	http://farm4.staticflickr.com/3731/11272068745_2b558cea27.jpg	500	420	http://farm4.staticflickr.com/3731/11272068745_2b558cea27_b.jpg	1024	861	http://farm4.staticflickr.com/3731/11272068745_0f9daaa480_o.jpg	1526	1283
0		The Illustrated Guide to Sheffield and the surrounding district, etc	TAYLOR, John of Sheffield		Sheffield	003589731		1879	http://www.flickr.com/photos/britishlibrary/11272179583	1	000388	11272179583	http://farm8.staticflickr.com/7335/11272179583_0408b669f9_m.jpg	195	240	http://farm8.staticflickr.com/7335/11272179583_0408b669f9.jpg	405	500	http://farm8.staticflickr.com/7335/11272179583_0408b669f9_b.jpg	830	1024	http://farm8.staticflickr.com/7335/11272179583_41de2fc0c6_o.jpg	1146	1414
0		[Brazil and the Brazilians ... in historical and descriptive sketches ... Engravings.]	KIDDER, Daniel Parish and FLETCHER (James C.)		London	001961854		1879	http://www.flickr.com/photos/britishlibrary/11272108156	1	000136	11272108156	http://farm6.staticflickr.com/5537/11272108156_dcdb3337b3_m.jpg	222	240	http://farm6.staticflickr.com/5537/11272108156_dcdb3337b3.jpg	463	500	http://farm6.staticflickr.com/5537/11272108156_dcdb3337b3_b.jpg	949	1024	http://farm6.staticflickr.com/5537/11272108156_f826d9a9c0_o.jpg	1298	1400
0		A Dreamer's sketch-book ... [In verse.] With illustrations	WALTERS, Sophia Lydia.		London, Edinburgh [printed]	003845078		1879	http://www.flickr.com/photos/britishlibrary/11272106956	1	000079	11272106956	http://farm4.staticflickr.com/3789/11272106956_b4f529de9f_m.jpg	171	240	http://farm4.staticflickr.com/3789/11272106956_b4f529de9f.jpg	356	500	http://farm4.staticflickr.com/3789/11272106956_b4f529de9f_b.jpg	730	1024	http://farm4.staticflickr.com/3789/11272106956_edcc22c2d1_o.jpg	962	1350
0	Union Historical Co.	The History of Warren County ... Illustrated			Des Moines	003854638		1879	http://www.flickr.com/photos/britishlibrary/11272178123	2	000113	11272178123	http://farm3.staticflickr.com/2853/11272178123_816ed0bdfa_m.jpg	175	240	http://farm3.staticflickr.com/2853/11272178123_816ed0bdfa.jpg	365	500	http://farm3.staticflickr.com/2853/11272178123_816ed0bdfa_b.jpg	748	1024	http://farm3.staticflickr.com/2853/11272178123_dfc2b10110_o.jpg	1162	1590
0	Harper & Bros.	What Mr. Darwin saw in his Voyage round The World in the Ship “Beagle.” [Compiled and adapted from “Journal of Researches into the Geology and Natural History of the Various Countries visited by H.M.S. Beagle, etc.”]	Darwin, Charles	lsidyv3c8ea4b0	New York	000868098	ark:/81055/vdc_00000005BB84	1879	http://www.flickr.com/photos/britishlibrary/11272178263	1	000156	11272178263	http://farm8.staticflickr.com/7299/11272178263_ec6288217c_m.jpg	182	240	http://farm8.staticflickr.com/7299/11272178263_ec6288217c.jpg	379	500	http://farm8.staticflickr.com/7299/11272178263_ec6288217c_b.jpg	777	1024	http://farm8.staticflickr.com/7299/11272178263_bba73ba008_o.jpg	1065	1403
0		The Illustrated Guide to Sheffield and the surrounding district, etc	TAYLOR, John of Sheffield		Sheffield	003589731		1879	http://www.flickr.com/photos/britishlibrary/11272131034	1	000221	11272131034	http://farm4.staticflickr.com/3786/11272131034_9bef23f797_m.jpg	181	240	http://farm4.staticflickr.com/3786/11272131034_9bef23f797.jpg	376	500	http://farm4.staticflickr.com/3786/11272131034_9bef23f797_b.jpg	771	1024	http://farm4.staticflickr.com/3786/11272131034_48d85b2349_o.jpg	1065	1415
01		Sahărâ und Sûdân. Ergebnisse sechsjähriger Reisen in Afrika. (Thl. 3 herausgegeben von E. Groddeck.)	NACHTIGAL, Gustav.		Berlin	002599811		1879	http://www.flickr.com/photos/britishlibrary/11272103666	1	000280	11272103666	http://farm3.staticflickr.com/2836/11272103666_594eabdcdd_m.jpg	186	240	http://farm3.staticflickr.com/2836/11272103666_594eabdcdd.jpg	387	500	http://farm3.staticflickr.com/2836/11272103666_594eabdcdd_b.jpg	793	1024	http://farm3.staticflickr.com/2836/11272103666_080104757f_o.jpg	1153	1488
02	American News Company	Round the world with General Grant. A narrative of the visit of General U. S. Grant ... to various countries ... in 1877, 1878, 1879. To which are added certain conversations with General Grant on questions connected with American politics and history ... With ... illustrations	YOUNG, John Russell.		New York	004002305		1879	http://www.flickr.com/photos/britishlibrary/11272103136	1	000360	11272103136	http://farm3.staticflickr.com/2863/11272103136_c01d698248_m.jpg	240	170	http://farm3.staticflickr.com/2863/11272103136_c01d698248.jpg	500	354	http://farm3.staticflickr.com/2863/11272103136_c01d698248_b.jpg	1024	726	http://farm3.staticflickr.com/2863/11272103136_161ba206d1_o.jpg	1652	1172
0		The Wild Man at Home: or, pictures of life in savage lands ... With woodcuts ... and coloured illustrations	GREENWOOD, James Novelist	lsidyv2af6fa2f	London, Edinburgh	001503444	ark:/81055/vdc_0000000519A2	1879	http://www.flickr.com/photos/britishlibrary/11272129344	1	000119	11272129344	http://farm4.staticflickr.com/3710/11272129344_3a67ee5d35_m.jpg	232	240	http://farm4.staticflickr.com/3710/11272129344_3a67ee5d35.jpg	484	500	http://farm4.staticflickr.com/3710/11272129344_3a67ee5d35_b.jpg	991	1024	http://farm4.staticflickr.com/3710/11272129344_abf6a9cc5e_o.jpg	1338	1383
0	[Ward, Lock & Co.	[Charles O'Malley, the Irish Dragoon. Edited by Harry Lorrequer. [By C. J. L.]]	LEVER, Charles James.		London,] Perth [printed	002150760		1879	http://www.flickr.com/photos/britishlibrary/11272062995	1	000075	11272062995	http://farm8.staticflickr.com/7371/11272062995_e89f759960_m.jpg	130	240	http://farm8.staticflickr.com/7371/11272062995_e89f759960.jpg	270	500	http://farm8.staticflickr.com/7371/11272062995_e89f759960_b.jpg	553	1024	http://farm8.staticflickr.com/7371/11272062995_4ce672932a_o.jpg	778	1440
0		The Illustrated Guide to Sheffield and the surrounding district, etc	TAYLOR, John of Sheffield		Sheffield	003589731		1879	http://www.flickr.com/photos/britishlibrary/11272101206	1	000376	11272101206	http://farm3.staticflickr.com/2868/11272101206_6390530bcc_m.jpg	220	240	http://farm3.staticflickr.com/2868/11272101206_6390530bcc.jpg	458	500	http://farm3.staticflickr.com/2868/11272101206_6390530bcc_b.jpg	937	1024	http://farm3.staticflickr.com/2868/11272101206_b9f33f3385_o.jpg	1295	1415
0		A Dreamer's sketch-book ... [In verse.] With illustrations	WALTERS, Sophia Lydia.		London, Edinburgh [printed]	003845078		1879	http://www.flickr.com/photos/britishlibrary/11272174363	1	000100	11272174363	http://farm8.staticflickr.com/7367/11272174363_3e136f556f_m.jpg	227	240	http://farm8.staticflickr.com/7367/11272174363_3e136f556f.jpg	473	500	http://farm8.staticflickr.com/7367/11272174363_3e136f556f_b.jpg	968	1024	http://farm8.staticflickr.com/7367/11272174363_de2378fb37_o.jpg	1218	1288
01	Tinsley Brothers	Berlin under the New Empire, its institutions, inhabitants, industry ... With ... engravings, etc	VIZETELLY, Henry.		London	003807524		1879	http://www.flickr.com/photos/britishlibrary/11272173523	1	000232	11272173523	http://farm8.staticflickr.com/7414/11272173523_25c25ef00d_m.jpg	240	205	http://farm8.staticflickr.com/7414/11272173523_25c25ef00d.jpg	500	426	http://farm8.staticflickr.com/7414/11272173523_25c25ef00d_b.jpg	1024	873	http://farm8.staticflickr.com/7414/11272173523_75a0f75e32_o.jpg	1221	1041
0		The Illustrated Guide to Sheffield and the surrounding district, etc	TAYLOR, John of Sheffield		Sheffield	003589731		1879	http://www.flickr.com/photos/britishlibrary/11272099786	1	000350	11272099786	http://farm8.staticflickr.com/7371/11272099786_1bc242e1d4_m.jpg	179	240	http://farm8.staticflickr.com/7371/11272099786_1bc242e1d4.jpg	374	500	http://farm8.staticflickr.com/7371/11272099786_1bc242e1d4_b.jpg	765	1024	http://farm8.staticflickr.com/7371/11272099786_c65fe212be_o.jpg	1057	1415
02	Tinsley Brothers	Berlin under the New Empire, its institutions, inhabitants, industry ... With ... engravings, etc	VIZETELLY, Henry.		London	003807524		1879	http://www.flickr.com/photos/britishlibrary/11272059855	1	000480	11272059855	http://farm8.staticflickr.com/7301/11272059855_cc98f8fe13_m.jpg	240	176	http://farm8.staticflickr.com/7301/11272059855_cc98f8fe13.jpg	500	366	http://farm8.staticflickr.com/7301/11272059855_cc98f8fe13_b.jpg	1024	750	http://farm8.staticflickr.com/7301/11272059855_79bcb82b9c_o.jpg	1308	958
02	D. Appleton & Co.	[Appleton's European Guide Book illustrated. Including England, Scotland, and Ireland, France, Belgium, Holland, Northern and Southern Germany, Switzerland, Italy, Spain and Portugal, Russia, Denmark, Norway, and Sweden. Containing ... maps, etc.]	APPLETON, Daniel AND CO	lsidyv3cbe7355	New York; Longmans & Co	000100280	ark:/81055/vdc_00000005D9DE	1879	http://www.flickr.com/photos/britishlibrary/11272098866	1	000188	11272098866	http://farm4.staticflickr.com/3769/11272098866_d8053d9ba6_m.jpg	191	240	http://farm4.staticflickr.com/3769/11272098866_d8053d9ba6.jpg	398	500	http://farm4.staticflickr.com/3769/11272098866_d8053d9ba6_b.jpg	816	1024	http://farm4.staticflickr.com/3769/11272098866_b555d3e6cc_o.jpg	935	1173
0		The Child's Hymnal. Edited by ... C. Rogers. [With illustrations.]	ROGERS, Charles D.D		London	003135671		1879	http://www.flickr.com/photos/britishlibrary/11272171213	1	000187	11272171213	http://farm8.staticflickr.com/7434/11272171213_df570d0598_m.jpg	240	208	http://farm8.staticflickr.com/7434/11272171213_df570d0598.jpg	500	434	http://farm8.staticflickr.com/7434/11272171213_df570d0598_b.jpg	1024	889	http://farm8.staticflickr.com/7434/11272171213_6d017ee54d_o.jpg	1143	992
0		The Illustrated Guide to Sheffield and the surrounding district, etc	TAYLOR, John of Sheffield		Sheffield	003589731		1879	http://www.flickr.com/photos/britishlibrary/11272170533	1	000366	11272170533	http://farm6.staticflickr.com/5501/11272170533_72d1474516_m.jpg	240	140	http://farm6.staticflickr.com/5501/11272170533_72d1474516.jpg	500	291	http://farm6.staticflickr.com/5501/11272170533_72d1474516_b.jpg	1024	596	http://farm6.staticflickr.com/5501/11272170533_0cbdcd566a_o.jpg	1457	848
0		My desire, etc. [A novel.]	WARNER, Susan Bogert.		enk	003854100		1879	http://www.flickr.com/photos/britishlibrary/11272169983	1	000008	11272169983	http://farm4.staticflickr.com/3755/11272169983_97122b511e_m.jpg	240	152	http://farm4.staticflickr.com/3755/11272169983_97122b511e.jpg	500	316	http://farm4.staticflickr.com/3755/11272169983_97122b511e_b.jpg	1024	647	http://farm4.staticflickr.com/3755/11272169983_5291d3a260_o.jpg	1830	1157
0	C. R. Barns	Switzler's Illustrated History of Missouri, from 1541 to 1877, etc. [Edited by C. R. Barns. From the larger work edited by him, entitled: “The Commonwealth of Missouri.”]	BARNS, Chancy R.		Saint Louis	000206134		1879	http://www.flickr.com/photos/britishlibrary/11272121964	1	000206	11272121964	http://farm8.staticflickr.com/7362/11272121964_819c3e7204_m.jpg	187	240	http://farm8.staticflickr.com/7362/11272121964_819c3e7204.jpg	390	500	http://farm8.staticflickr.com/7362/11272121964_819c3e7204_b.jpg	798	1024	http://farm8.staticflickr.com/7362/11272121964_5f725f72aa_o.jpg	1057	1356
01		The Borders of the Tamar and the Tavy; their natural history, etc. A new edition	STOTHARD, afterwards BRAY, Anna Eliza.	lsidyv3c4640f3	London	003517963	ark:/81055/vdc_0000000591E4	1879	http://www.flickr.com/photos/britishlibrary/11272053885	1	000036	11272053885	http://farm8.staticflickr.com/7346/11272053885_756c085194_m.jpg	169	240	http://farm8.staticflickr.com/7346/11272053885_756c085194.jpg	351	500	http://farm8.staticflickr.com/7346/11272053885_756c085194_b.jpg	719	1024	http://farm8.staticflickr.com/7346/11272053885_50974916f9_o.jpg	873	1244
0	John Murray	[The Student's Manual of Modern Geography. Mathematical, physical, and descriptive.]	BEVAN, William Latham.	lsidyv3ca2f2a9	London	000307737	ark:/81055/vdc_00000005C7F6	1879	http://www.flickr.com/photos/britishlibrary/11272055655	1	000301	11272055655	http://farm3.staticflickr.com/2878/11272055655_52fa57f4dd_m.jpg	163	240	http://farm3.staticflickr.com/2878/11272055655_52fa57f4dd.jpg	339	500	http://farm3.staticflickr.com/2878/11272055655_52fa57f4dd_b.jpg	695	1024	http://farm3.staticflickr.com/2878/11272055655_1b46190d5b_o.jpg	831	1225
01	American News Company	Round the world with General Grant. A narrative of the visit of General U. S. Grant ... to various countries ... in 1877, 1878, 1879. To which are added certain conversations with General Grant on questions connected with American politics and history ... With ... illustrations	YOUNG, John Russell.		New York	004002305		1879	http://www.flickr.com/photos/britishlibrary/11272094496	1	000255	11272094496	http://farm4.staticflickr.com/3786/11272094496_0672bc77ed_m.jpg	157	240	http://farm4.staticflickr.com/3786/11272094496_0672bc77ed.jpg	327	500	http://farm4.staticflickr.com/3786/11272094496_0672bc77ed_b.jpg	669	1024	http://farm4.staticflickr.com/3786/11272094496_f48a0b47f1_o.jpg	1106	1692
0		Les Rues du vieux Paris. Galerie populaire et pittoresque ... Ouvrage illustré de 165 gravures sur bois	FOURNEL, Victor.		Paris	001279089		1879	http://www.flickr.com/photos/britishlibrary/11272093146	1	000527	11272093146	http://farm4.staticflickr.com/3763/11272093146_31f3ba15a4_m.jpg	196	240	http://farm4.staticflickr.com/3763/11272093146_31f3ba15a4.jpg	409	500	http://farm4.staticflickr.com/3763/11272093146_31f3ba15a4_b.jpg	838	1024	http://farm4.staticflickr.com/3763/11272093146_6e47596e74_o.jpg	1223	1494
0	Moses King	King's Handbook of Boston. Profusely illustrated. [With a map.]	KING, Moses.		Cambridge, Mass	001968594		1879	http://www.flickr.com/photos/britishlibrary/11272165773	1	000205	11272165773	http://farm3.staticflickr.com/2840/11272165773_6b12078ff8_m.jpg	240	152	http://farm3.staticflickr.com/2840/11272165773_6b12078ff8.jpg	500	317	http://farm3.staticflickr.com/2840/11272165773_6b12078ff8_b.jpg	1024	650	http://farm3.staticflickr.com/2840/11272165773_c8749b9793_o.jpg	1741	1105
02	Tinsley Brothers	Berlin under the New Empire, its institutions, inhabitants, industry ... With ... engravings, etc	VIZETELLY, Henry.		London	003807524		1879	http://www.flickr.com/photos/britishlibrary/11272051925	1	000314	11272051925	http://farm6.staticflickr.com/5543/11272051925_48ce9d0d7d_m.jpg	224	240	http://farm6.staticflickr.com/5543/11272051925_48ce9d0d7d.jpg	467	500	http://farm6.staticflickr.com/5543/11272051925_48ce9d0d7d_b.jpg	957	1024	http://farm6.staticflickr.com/5543/11272051925_38963c1823_o.jpg	1343	1437
02	D. Appleton & Co.	[Appleton's European Guide Book illustrated. Including England, Scotland, and Ireland, France, Belgium, Holland, Northern and Southern Germany, Switzerland, Italy, Spain and Portugal, Russia, Denmark, Norway, and Sweden. Containing ... maps, etc.]	APPLETON, Daniel AND CO	lsidyv3cbe7355	New York; Longmans & Co	000100280	ark:/81055/vdc_00000005D9DE	1879	http://www.flickr.com/photos/britishlibrary/11272117294	1	000600	11272117294	http://farm6.staticflickr.com/5509/11272117294_4b1c1dd3da_m.jpg	168	240	http://farm6.staticflickr.com/5509/11272117294_4b1c1dd3da.jpg	350	500	http://farm6.staticflickr.com/5509/11272117294_4b1c1dd3da_b.jpg	717	1024	http://farm6.staticflickr.com/5509/11272117294_416ec2bb4b_o.jpg	881	1258
08		[Histoire de la Révolution Française.]	Michelet, Jules		Paris	002483188		1879	http://www.flickr.com/photos/britishlibrary/11272117204	1	000002	11272117204	http://farm4.staticflickr.com/3765/11272117204_912cf45509_m.jpg	240	159	http://farm4.staticflickr.com/3765/11272117204_912cf45509.jpg	500	331	http://farm4.staticflickr.com/3765/11272117204_912cf45509_b.jpg	1024	677	http://farm4.staticflickr.com/3765/11272117204_9d317a99d8_o.jpg	1371	906
0	Netherton & Worth	[Peeps into the Haunts and Homes of the Rural Population of Cornwall. Being reminiscences of Cornish character and characteristics, etc.]	TREGELLAS, John Tabois.	lsidyv3c0f7179	Truro	003669474	ark:/81055/vdc_00000005644E	1879	http://www.flickr.com/photos/britishlibrary/11272162593	1	000025	11272162593	http://farm4.staticflickr.com/3815/11272162593_ca428e1eec_m.jpg	212	240	http://farm4.staticflickr.com/3815/11272162593_ca428e1eec.jpg	441	500	http://farm4.staticflickr.com/3815/11272162593_ca428e1eec_b.jpg	903	1024	http://farm4.staticflickr.com/3815/11272162593_7462a37404_o.jpg	1072	1215
0		A History of the Town of Franklin, Mass.; from its settlement to the completion of its first century, 2d March, 1878; with genealogical notices of its earliest families, sketches of its professional men, and a report of the centennial celebration. By Mortimer Blake	BLAKE, Mortimer.		Franklin	001311432		1879	http://www.flickr.com/photos/britishlibrary/11272162873	1	000344	11272162873	http://farm4.staticflickr.com/3682/11272162873_b9266bd1b1_m.jpg	240	215	http://farm4.staticflickr.com/3682/11272162873_b9266bd1b1.jpg	500	448	http://farm4.staticflickr.com/3682/11272162873_b9266bd1b1_b.jpg	1024	917	http://farm4.staticflickr.com/3682/11272162873_90306f09af_o.jpg	1458	1306
0		The Great Eastern Railway Company's Tourist-Guide to the Continent. ... With illustrations ... and a map	LINDLEY, Percy.	lsidyv3cad916f	London	002174468	ark:/81055/vdc_00000005CE44	1879	http://www.flickr.com/photos/britishlibrary/11272089266	1	000015	11272089266	http://farm4.staticflickr.com/3800/11272089266_05090b994f_m.jpg	177	240	http://farm4.staticflickr.com/3800/11272089266_05090b994f.jpg	368	500	http://farm4.staticflickr.com/3800/11272089266_05090b994f_b.jpg	754	1024	http://farm4.staticflickr.com/3800/11272089266_c80f8bb483_o.jpg	872	1185
0	Everts & Ensign	History of Toga, Chemung, Tompkins, and Schuyler Counties, New York. With illustrations and biographical sketches of some of its prominent men and pioneers	PEIRCE, Henry B. and HURD (Duane Hamilton)		Philadelphia	002810116		1879	http://www.flickr.com/photos/britishlibrary/11272088036	1	000409	11272088036	http://farm6.staticflickr.com/5504/11272088036_19e0bae9bc_m.jpg	240	224	http://farm6.staticflickr.com/5504/11272088036_19e0bae9bc.jpg	500	467	http://farm6.staticflickr.com/5504/11272088036_19e0bae9bc_b.jpg	1024	956	http://farm6.staticflickr.com/5504/11272088036_ce11972e65_o.jpg	1191	1112
0	Waterlow & Sons	Up the River from Westminster to Windsor and Oxford; a descriptive panorama of Thames Scenery			London	003606029		1879	http://www.flickr.com/photos/britishlibrary/11272047865	2	000128	11272047865	http://farm3.staticflickr.com/2865/11272047865_9815970857_m.jpg	178	240	http://farm3.staticflickr.com/2865/11272047865_9815970857.jpg	372	500	http://farm3.staticflickr.com/2865/11272047865_9815970857_b.jpg	761	1024	http://farm3.staticflickr.com/2865/11272047865_3419d8f0dd_o.jpg	953	1282
01	American News Company	Round the world with General Grant. A narrative of the visit of General U. S. Grant ... to various countries ... in 1877, 1878, 1879. To which are added certain conversations with General Grant on questions connected with American politics and history ... With ... illustrations	YOUNG, John Russell.		New York	004002305		1879	http://www.flickr.com/photos/britishlibrary/11272087456	1	000205	11272087456	http://farm6.staticflickr.com/5526/11272087456_fb698558c4_m.jpg	240	171	http://farm6.staticflickr.com/5526/11272087456_fb698558c4.jpg	500	356	http://farm6.staticflickr.com/5526/11272087456_fb698558c4_b.jpg	1024	729	http://farm6.staticflickr.com/5526/11272087456_46f72febc2_o.jpg	1376	980
0		Viaje á la Patagonia austral emprendido bajo los auspicios del Gobierno Nacional 1876-1877. tom. 1	MORENO, Francisco Josué Pascasio.		Buenos Aires	002546654		1879	http://www.flickr.com/photos/britishlibrary/11272086536	1	000007	11272086536	http://farm6.staticflickr.com/5493/11272086536_40cdc68205_m.jpg	143	240	http://farm6.staticflickr.com/5493/11272086536_40cdc68205.jpg	297	500	http://farm6.staticflickr.com/5493/11272086536_40cdc68205_b.jpg	609	1024	http://farm6.staticflickr.com/5493/11272086536_0b0169e337_o.jpg	935	1571
0		[Viaje á la Patagonia austral emprendido bajo los auspicios del Gobierno Nacional 1876-1877. tom. 1.]	MORENO, Francisco Josué Pascasio.		Buenos Aires	002546655		1879	http://www.flickr.com/photos/britishlibrary/11272085736	1	000172	11272085736	http://farm4.staticflickr.com/3825/11272085736_f482701fa6_m.jpg	161	240	http://farm4.staticflickr.com/3825/11272085736_f482701fa6.jpg	335	500	http://farm4.staticflickr.com/3825/11272085736_f482701fa6_b.jpg	686	1024	http://farm4.staticflickr.com/3825/11272085736_7b8664f9a3_o.jpg	1025	1530
0	John Murray	[The Student's Manual of Modern Geography. Mathematical, physical, and descriptive.]	BEVAN, William Latham.	lsidyv3ca2f2a9	London	000307737	ark:/81055/vdc_00000005C7F6	1879	http://www.flickr.com/photos/britishlibrary/11272046265	1	000535	11272046265	http://farm3.staticflickr.com/2863/11272046265_0301344c67_m.jpg	173	240	http://farm3.staticflickr.com/2863/11272046265_0301344c67.jpg	359	500	http://farm3.staticflickr.com/2863/11272046265_0301344c67_b.jpg	736	1024	http://farm3.staticflickr.com/2863/11272046265_a916471b21_o.jpg	880	1225
0	Waterlow & Sons	Up the River from Westminster to Windsor and Oxford; a descriptive panorama of Thames Scenery			London	003606029		1879	http://www.flickr.com/photos/britishlibrary/11272084806	2	000111	11272084806	http://farm8.staticflickr.com/7420/11272084806_651986b9c8_m.jpg	150	240	http://farm8.staticflickr.com/7420/11272084806_651986b9c8.jpg	312	500	http://farm8.staticflickr.com/7420/11272084806_651986b9c8_b.jpg	639	1024	http://farm8.staticflickr.com/7420/11272084806_a5a0c6f388_o.jpg	966	1548
02	L. H. Everts	History of the Connecticut Valley in Massachusetts (by N. B. Sylvester), with illustrations and biographical sketches of some of its prominent men and pioneers [by other authors]	SYLVESTER, Nathaniel Bartlett.		Philadelphia	003562080		1879	http://www.flickr.com/photos/britishlibrary/11272044055	1	000577	11272044055	http://farm6.staticflickr.com/5546/11272044055_63acb89275_m.jpg	148	240	http://farm6.staticflickr.com/5546/11272044055_63acb89275.jpg	308	500	http://farm6.staticflickr.com/5546/11272044055_63acb89275_b.jpg	631	1024	http://farm6.staticflickr.com/5546/11272044055_3219e84685_o.jpg	1157	1877
0	W. & R. Chambers	Story of St. Giles' Cathedral Church, Edinburgh. [With a plan.]	Chambers, William		Edinburgh	000655296		1879	http://www.flickr.com/photos/britishlibrary/11272109594	1	000025	11272109594	http://farm4.staticflickr.com/3716/11272109594_848255836f_m.jpg	240	200	http://farm4.staticflickr.com/3716/11272109594_848255836f.jpg	500	416	http://farm4.staticflickr.com/3716/11272109594_848255836f_b.jpg	1024	852	http://farm4.staticflickr.com/3716/11272109594_bdf6a9f46e_o.jpg	1212	1008
0		The Children's fairy geography, or a merry trip round Europe	WINSLOW, Forbes Edward.	lsidyv3c92d153	London	003952456	ark:/81055/vdc_00000005BE18	1879	http://www.flickr.com/photos/britishlibrary/11272155813	2	000282	11272155813	http://farm8.staticflickr.com/7459/11272155813_dd220fcf24_m.jpg	240	192	http://farm8.staticflickr.com/7459/11272155813_dd220fcf24.jpg	500	399	http://farm8.staticflickr.com/7459/11272155813_dd220fcf24_b.jpg	1024	818	http://farm8.staticflickr.com/7459/11272155813_421a9c8dc1_o.jpg	1158	925
01	American News Company	Round the world with General Grant. A narrative of the visit of General U. S. Grant ... to various countries ... in 1877, 1878, 1879. To which are added certain conversations with General Grant on questions connected with American politics and history ... With ... illustrations	YOUNG, John Russell.		New York	004002305		1879	http://www.flickr.com/photos/britishlibrary/11272108264	1	000382	11272108264	http://farm8.staticflickr.com/7444/11272108264_6c08fbc3a0_m.jpg	175	240	http://farm8.staticflickr.com/7444/11272108264_6c08fbc3a0.jpg	365	500	http://farm8.staticflickr.com/7444/11272108264_6c08fbc3a0_b.jpg	748	1024	http://farm8.staticflickr.com/7444/11272108264_90ff002f64_o.jpg	1185	1623
0		Les Vieilles Villes de Suisse. Notes et souvenirs. Ouvrage illustré de 105 dessins à la plume par A. Robida reproduits en fac-simile	ROBIDA, Albert.		Paris	003121715		1879	http://www.flickr.com/photos/britishlibrary/11272107584	1	000211	11272107584	http://farm6.staticflickr.com/5521/11272107584_1086961951_m.jpg	156	240	http://farm6.staticflickr.com/5521/11272107584_1086961951.jpg	325	500	http://farm6.staticflickr.com/5521/11272107584_1086961951_b.jpg	665	1024	http://farm6.staticflickr.com/5521/11272107584_29fd86a5f9_o.jpg	998	1537
02	American News Company	Round the world with General Grant. A narrative of the visit of General U. S. Grant ... to various countries ... in 1877, 1878, 1879. To which are added certain conversations with General Grant on questions connected with American politics and history ... With ... illustrations	YOUNG, John Russell.		New York	004002305		1879	http://www.flickr.com/photos/britishlibrary/11272153823	1	000424	11272153823	http://farm4.staticflickr.com/3680/11272153823_0d82b49b86_m.jpg	116	240	http://farm4.staticflickr.com/3680/11272153823_0d82b49b86.jpg	242	500	http://farm4.staticflickr.com/3680/11272153823_0d82b49b86_b.jpg	496	1024	http://farm4.staticflickr.com/3680/11272153823_e0d11a33f9_o.jpg	796	1642
0		The Great Eastern Railway Company's Tourist-Guide to the Continent. ... With illustrations ... and a map	LINDLEY, Percy.	lsidyv3cad916f	London	002174468	ark:/81055/vdc_00000005CE44	1879	http://www.flickr.com/photos/britishlibrary/11272040095	1	000061	11272040095	http://farm6.staticflickr.com/5546/11272040095_4c879df1f3_m.jpg	203	240	http://farm6.staticflickr.com/5546/11272040095_4c879df1f3.jpg	424	500	http://farm6.staticflickr.com/5546/11272040095_4c879df1f3_b.jpg	868	1024	http://farm6.staticflickr.com/5546/11272040095_cff1e38271_o.jpg	1020	1204
0	N. D. Thompson & Co.	A Pictorial History of Texas, from the earliest visits of European adventurers to A.D. 1879 ... Third edition, ... revised	THRALL, Homer S.		St. Louis, Mo	003632148		1879	http://www.flickr.com/photos/britishlibrary/11272152963	1	000877	11272152963	http://farm4.staticflickr.com/3763/11272152963_58297f6cc0_m.jpg	240	192	http://farm4.staticflickr.com/3763/11272152963_58297f6cc0.jpg	500	400	http://farm4.staticflickr.com/3763/11272152963_58297f6cc0_b.jpg	1024	819	http://farm4.staticflickr.com/3763/11272152963_e93922c754_o.jpg	1472	1178
0	Marcus Ward & Co.	Our Native Land, its scenery and associations. A series of 36 water-colour sketches after Rowbotham, Read, Needham, and other eminent artists. With descriptive notes. [The author of the text identified on the wrapper of pt. 1 as “the author of By Loch and by Land”, i.e. Jean L. Watson.]	WATSON, Jean L.		London	001140593		1879	http://www.flickr.com/photos/britishlibrary/11272152583	1	000346	11272152583	http://farm4.staticflickr.com/3734/11272152583_aa2c952886_m.jpg	240	163	http://farm4.staticflickr.com/3734/11272152583_aa2c952886.jpg	500	340	http://farm4.staticflickr.com/3734/11272152583_aa2c952886_b.jpg	1024	696	http://farm4.staticflickr.com/3734/11272152583_79549713b1_o.jpg	1788	1216
0	A. Williams & Co.	History of the town of Hollis, New Hampshire, from its first settlement to ... 1879. ... Illustrated, etc	WORCESTER, Samuel T.		Boston [Mass.]	003975907		1879	http://www.flickr.com/photos/britishlibrary/11272151733	1	000331	11272151733	http://farm8.staticflickr.com/7389/11272151733_5f2a8f15eb_m.jpg	240	201	http://farm8.staticflickr.com/7389/11272151733_5f2a8f15eb.jpg	500	418	http://farm8.staticflickr.com/7389/11272151733_5f2a8f15eb_b.jpg	1024	856	http://farm8.staticflickr.com/7389/11272151733_6b8203a620_o.jpg	1460	1220
01	Tinsley Brothers	Berlin under the New Empire, its institutions, inhabitants, industry ... With ... engravings, etc	VIZETELLY, Henry.		London	003807524		1879	http://www.flickr.com/photos/britishlibrary/11272104494	2	000158	11272104494	http://farm3.staticflickr.com/2823/11272104494_22fb702c30_m.jpg	194	240	http://farm3.staticflickr.com/2823/11272104494_22fb702c30.jpg	405	500	http://farm3.staticflickr.com/2823/11272104494_22fb702c30_b.jpg	829	1024	http://farm3.staticflickr.com/2823/11272104494_51e3cdd523_o.jpg	1150	1421
0		Reise nach West-Sibirien im Jahre 1876. Auf Veranstaltung des Vereins für die Deutsche Nordpolarfahrt in Bremen unternommen mit Dr. A. E. Brehm und Karl Graf v. Waldburg-Zeil-Trauchburg, von Dr. O. F., etc	Finsch, O. (Otto)		Berlin	001238638		1879	http://www.flickr.com/photos/britishlibrary/11272150613	1	000437	11272150613	http://farm8.staticflickr.com/7456/11272150613_68fb3549b3_m.jpg	165	240	http://farm8.staticflickr.com/7456/11272150613_68fb3549b3.jpg	343	500	http://farm8.staticflickr.com/7456/11272150613_68fb3549b3_b.jpg	703	1024	http://farm8.staticflickr.com/7456/11272150613_ab85c89d86_o.jpg	1052	1532
0		The Illustrated Guide to Sheffield and the surrounding district, etc	TAYLOR, John of Sheffield		Sheffield	003589731		1879	http://www.flickr.com/photos/britishlibrary/11272103894	1	000459	11272103894	http://farm4.staticflickr.com/3770/11272103894_d6481e1a0d_m.jpg	166	240	http://farm4.staticflickr.com/3770/11272103894_d6481e1a0d.jpg	347	500	http://farm4.staticflickr.com/3770/11272103894_d6481e1a0d_b.jpg	710	1024	http://farm4.staticflickr.com/3770/11272103894_915e648a43_o.jpg	981	1415
0	Western Historical Company	The history of Henry County, Iowa. ... Illustrated			Chicago	001653329		1879	http://www.flickr.com/photos/britishlibrary/11272102004	1	000465	11272102004	http://farm6.staticflickr.com/5497/11272102004_618f1283b9_m.jpg	240	226	http://farm6.staticflickr.com/5497/11272102004_618f1283b9.jpg	500	470	http://farm6.staticflickr.com/5497/11272102004_618f1283b9_b.jpg	1024	963	http://farm6.staticflickr.com/5497/11272102004_34d5c40e56_o.jpg	1398	1315
01	Tinsley Brothers	Berlin under the New Empire, its institutions, inhabitants, industry ... With ... engravings, etc	VIZETELLY, Henry.		London	003807524		1879	http://www.flickr.com/photos/britishlibrary/11272102364	1	000357	11272102364	http://farm4.staticflickr.com/3748/11272102364_63ac7a2ee6_m.jpg	240	177	http://farm4.staticflickr.com/3748/11272102364_63ac7a2ee6.jpg	500	369	http://farm4.staticflickr.com/3748/11272102364_63ac7a2ee6_b.jpg	1024	756	http://farm4.staticflickr.com/3748/11272102364_a36b5a2387_o.jpg	1401	1035
0	Cassell, Petter, Galpin & Co.	Morocco: its people and places ... Translated by C. Rollin-Tilton. With ... illustrations	AMICIS, Edmondo de.	lsidyv3c6b00d2	London	000070870	ark:/81055/vdc_00000005AC0C	1879	http://www.flickr.com/photos/britishlibrary/11272076206	1	000096	11272076206	http://farm6.staticflickr.com/5533/11272076206_d1a2e2739e_m.jpg	104	240	http://farm6.staticflickr.com/5533/11272076206_d1a2e2739e.jpg	217	500	http://farm6.staticflickr.com/5533/11272076206_d1a2e2739e_b.jpg	445	1024	http://farm6.staticflickr.com/5533/11272076206_5ab64dc81d_o.jpg	850	1957
0		The History of Russia from the earliest times to 1877 ... Translated by L. B. Lang [with additions and emendations by the author]. ... With illustrations	RAMBAUD, Alfred Nicolas.		London	003034307		1879	http://www.flickr.com/photos/britishlibrary/11272074336	1	000403	11272074336	http://farm6.staticflickr.com/5504/11272074336_88090db941_m.jpg	240	185	http://farm6.staticflickr.com/5504/11272074336_88090db941.jpg	500	385	http://farm6.staticflickr.com/5504/11272074336_88090db941_b.jpg	1024	789	http://farm6.staticflickr.com/5504/11272074336_5ed780b860_o.jpg	1535	1183
01	American News Company	Round the world with General Grant. A narrative of the visit of General U. S. Grant ... to various countries ... in 1877, 1878, 1879. To which are added certain conversations with General Grant on questions connected with American politics and history ... With ... illustrations	YOUNG, John Russell.		New York	004002305		1879	http://www.flickr.com/photos/britishlibrary/11272147693	1	000188	11272147693	http://farm4.staticflickr.com/3817/11272147693_178b793ff8_m.jpg	175	240	http://farm4.staticflickr.com/3817/11272147693_178b793ff8.jpg	365	500	http://farm4.staticflickr.com/3817/11272147693_178b793ff8_b.jpg	748	1024	http://farm4.staticflickr.com/3817/11272147693_5e29e9542b_o.jpg	1247	1708
02	L. H. Everts	History of the Connecticut Valley in Massachusetts (by N. B. Sylvester), with illustrations and biographical sketches of some of its prominent men and pioneers [by other authors]	SYLVESTER, Nathaniel Bartlett.		Philadelphia	003562080		1879	http://www.flickr.com/photos/britishlibrary/11272147443	1	000706	11272147443	http://farm4.staticflickr.com/3779/11272147443_d628671f1f_m.jpg	240	213	http://farm4.staticflickr.com/3779/11272147443_d628671f1f.jpg	500	443	http://farm4.staticflickr.com/3779/11272147443_d628671f1f_b.jpg	1024	907	http://farm4.staticflickr.com/3779/11272147443_595f3674f3_o.jpg	1436	1272
0	Cassell, Petter, Galpin & Co.	Morocco: its people and places ... Translated by C. Rollin-Tilton. With ... illustrations	AMICIS, Edmondo de.	lsidyv3c6b00d2	London	000070870	ark:/81055/vdc_00000005AC0C	1879	http://www.flickr.com/photos/britishlibrary/11272144503	1	000206	11272144503	http://farm8.staticflickr.com/7320/11272144503_0f3e27a6c4_m.jpg	119	240	http://farm8.staticflickr.com/7320/11272144503_0f3e27a6c4.jpg	248	500	http://farm8.staticflickr.com/7320/11272144503_0f3e27a6c4_b.jpg	507	1024	http://farm8.staticflickr.com/7320/11272144503_c0dce28d46_o.jpg	968	1957
0	Religious Tract Society	English Pictures drawn with pen and pencil	MANNING, Samuel LL.D. and GREEN (Samuel Gosnell)	lsidyv3c492c1d	London	002369135	ark:/81055/vdc_000000059460	1879	http://www.flickr.com/photos/britishlibrary/11272097114	1	000099	11272097114	http://farm8.staticflickr.com/7422/11272097114_cdc21198c7_m.jpg	240	235	http://farm8.staticflickr.com/7422/11272097114_cdc21198c7.jpg	500	489	http://farm8.staticflickr.com/7422/11272097114_cdc21198c7_b.jpg	1024	1001	http://farm8.staticflickr.com/7422/11272097114_12e68ac73b_o.jpg	1111	1086
0	Everts & Abbott	History of Hillsdale County, Michigan, with illustrations and biographical sketches of some of its prominent men, etc	Johnson, Crisfield.		Philadelphia	001884500		1879	http://www.flickr.com/photos/britishlibrary/11272145543	1	000237	11272145543	http://farm4.staticflickr.com/3793/11272145543_5fb0efaa20_m.jpg	227	240	http://farm4.staticflickr.com/3793/11272145543_5fb0efaa20.jpg	473	500	http://farm4.staticflickr.com/3793/11272145543_5fb0efaa20_b.jpg	968	1024	http://farm4.staticflickr.com/3793/11272145543_515cb336e3_o.jpg	1085	1148
02	American News Company	Round the world with General Grant. A narrative of the visit of General U. S. Grant ... to various countries ... in 1877, 1878, 1879. To which are added certain conversations with General Grant on questions connected with American politics and history ... With ... illustrations	YOUNG, John Russell.		New York	004002305		1879	http://www.flickr.com/photos/britishlibrary/11272031635	1	000437	11272031635	http://farm8.staticflickr.com/7453/11272031635_f2ed6874f2_m.jpg	118	240	http://farm8.staticflickr.com/7453/11272031635_f2ed6874f2.jpg	246	500	http://farm8.staticflickr.com/7453/11272031635_f2ed6874f2_b.jpg	503	1024	http://farm8.staticflickr.com/7453/11272031635_3c86f337ab_o.jpg	816	1661
01	Tinsley Brothers	Berlin under the New Empire, its institutions, inhabitants, industry ... With ... engravings, etc	VIZETELLY, Henry.		London	003807524		1879	http://www.flickr.com/photos/britishlibrary/11272069856	1	000392	11272069856	http://farm8.staticflickr.com/7424/11272069856_6b5df7d94b_m.jpg	240	182	http://farm8.staticflickr.com/7424/11272069856_6b5df7d94b.jpg	500	379	http://farm8.staticflickr.com/7424/11272069856_6b5df7d94b_b.jpg	1024	777	http://farm8.staticflickr.com/7424/11272069856_5d1e5678b1_o.jpg	1197	908
01	Tinsley Brothers	Berlin under the New Empire, its institutions, inhabitants, industry ... With ... engravings, etc	VIZETELLY, Henry.		London	003807524		1879	http://www.flickr.com/photos/britishlibrary/11272142463	1	000043	11272142463	http://farm6.staticflickr.com/5544/11272142463_c5676c7a67_m.jpg	240	197	http://farm6.staticflickr.com/5544/11272142463_c5676c7a67.jpg	500	410	http://farm6.staticflickr.com/5544/11272142463_c5676c7a67_b.jpg	1024	839	http://farm6.staticflickr.com/5544/11272142463_b5a2708ef2_o.jpg	1275	1045
0	Everts & Ensign	History of Toga, Chemung, Tompkins, and Schuyler Counties, New York. With illustrations and biographical sketches of some of its prominent men and pioneers	PEIRCE, Henry B. and HURD (Duane Hamilton)		Philadelphia	002810116		1879	http://www.flickr.com/photos/britishlibrary/11272095434	1	000964	11272095434	http://farm4.staticflickr.com/3814/11272095434_e0d8a416c1_m.jpg	240	169	http://farm4.staticflickr.com/3814/11272095434_e0d8a416c1.jpg	500	353	http://farm4.staticflickr.com/3814/11272095434_e0d8a416c1_b.jpg	1024	723	http://farm4.staticflickr.com/3814/11272095434_3e04ab4164_o.jpg	1441	1017
0	Edward Stanford	Life in Asiatic Turkey. A journal of travel in Cilicia-Pedias and Trachœa-Isauria, and parts of Lycaonia and Cappadocia ... Map and illustrations, from original drawings by the author and Mr. Ancketill	DAVIS, Edwin John M.A		London	000878911		1879	http://www.flickr.com/photos/britishlibrary/11272067606	1	000272	11272067606	http://farm8.staticflickr.com/7455/11272067606_1310f41fba_m.jpg	174	240	http://farm8.staticflickr.com/7455/11272067606_1310f41fba.jpg	362	500	http://farm8.staticflickr.com/7455/11272067606_1310f41fba_b.jpg	742	1024	http://farm8.staticflickr.com/7455/11272067606_e41ba830b0_o.jpg	980	1352
0	Union Historical Co.	The History of Madison County ... Illustrated			Des Moines	002336728		1879	http://www.flickr.com/photos/britishlibrary/11272067916	1	000427	11272067916	http://farm8.staticflickr.com/7343/11272067916_2845e64721_m.jpg	240	159	http://farm8.staticflickr.com/7343/11272067916_2845e64721.jpg	500	331	http://farm8.staticflickr.com/7343/11272067916_2845e64721_b.jpg	1024	678	http://farm8.staticflickr.com/7343/11272067916_89036e0825_o.jpg	1657	1097
0	Harper & Bros.	From Egypt to Palestine through Sinai, the Wilderness and the South Country. Observations of a journey made with special reference to the history of the Israelites ... With maps and illustrations	BARTLETT, Samuel Colcord.	lsidyv3c53baba	New York	000216339	ark:/81055/vdc_000000059CA0	1879	http://www.flickr.com/photos/britishlibrary/11272067686	1	000449	11272067686	http://farm4.staticflickr.com/3798/11272067686_d521d74b49_m.jpg	222	240	http://farm4.staticflickr.com/3798/11272067686_d521d74b49.jpg	462	500	http://farm4.staticflickr.com/3798/11272067686_d521d74b49_b.jpg	947	1024	http://farm4.staticflickr.com/3798/11272067686_f6223a6995_o.jpg	1143	1236
01		The Australian abroad. Branches from the Main Routes round the World. [Reprinted from the Melbourne “Argus.” With illustrations.] 2 series	HINGSTON, James.	lsidyv3cbf9abe	London	001689101	ark:/81055/vdc_00000005DA7A	1879	http://www.flickr.com/photos/britishlibrary/11272092504	1	000032	11272092504	http://farm8.staticflickr.com/7319/11272092504_fb585f4c5d_m.jpg	158	240	http://farm8.staticflickr.com/7319/11272092504_fb585f4c5d.jpg	330	500	http://farm8.staticflickr.com/7319/11272092504_fb585f4c5d_b.jpg	675	1024	http://farm8.staticflickr.com/7319/11272092504_fbb46e6a01_o.jpg	882	1339
0	Western Historical Company	The history of Lee County, Iowa. ... Illustrated				002109349		1879	http://www.flickr.com/photos/britishlibrary/11272025855	1	000098	11272025855	http://farm4.staticflickr.com/3741/11272025855_59ee33a49e_m.jpg	196	240	http://farm4.staticflickr.com/3741/11272025855_59ee33a49e.jpg	408	500	http://farm4.staticflickr.com/3741/11272025855_59ee33a49e_b.jpg	835	1024	http://farm4.staticflickr.com/3741/11272025855_6e5447a806_o.jpg	1283	1574
03		Paris à travers les siècles. Histoire nationale de Paris et des Parisiens depuis la fondation de Lutèce jusqu'à nos jours, etc	GOURDON DE GENOUILLAC, Nicolas Jules Henri.		Paris	001476975		1879	http://www.flickr.com/photos/britishlibrary/11272026565	2	000447	11272026565	http://farm3.staticflickr.com/2835/11272026565_78d31a350b_m.jpg	240	207	http://farm3.staticflickr.com/2835/11272026565_78d31a350b.jpg	500	432	http://farm3.staticflickr.com/2835/11272026565_78d31a350b_b.jpg	1024	884	http://farm3.staticflickr.com/2835/11272026565_95672d1f50_o.jpg	1201	1037
0	W. H. Luke	Illustrated Handbook to Plymouth, Stonehouse & Devonport, with a new map ... New and enlarged edition	WRIGHT, William Henry Kearley.		Plymouth	003985100		1879	http://www.flickr.com/photos/britishlibrary/11272024925	1	000107	11272024925	http://farm3.staticflickr.com/2891/11272024925_b73a91186a_m.jpg	182	240	http://farm3.staticflickr.com/2891/11272024925_b73a91186a.jpg	379	500	http://farm3.staticflickr.com/2891/11272024925_b73a91186a_b.jpg	777	1024	http://farm3.staticflickr.com/2891/11272024925_758b383a64_o.jpg	961	1266
0	Published by the Author	History of Grafton, Worcester County, Massachusetts ... Including the genealogies of seventy-nine of the older families	PEIRCE, Frederick Clifton.		Worcester [Mass.]	002810106		1879	http://www.flickr.com/photos/britishlibrary/11272064636	1	000383	11272064636	http://farm8.staticflickr.com/7293/11272064636_c28e82f1a5_m.jpg	177	240	http://farm8.staticflickr.com/7293/11272064636_c28e82f1a5.jpg	369	500	http://farm8.staticflickr.com/7293/11272064636_c28e82f1a5_b.jpg	755	1024	http://farm8.staticflickr.com/7293/11272064636_38a2e1db84_o.jpg	1045	1418
0	Waterlow & Sons	Up the River from Westminster to Windsor and Oxford; a descriptive panorama of Thames Scenery			London	003606029		1879	http://www.flickr.com/photos/britishlibrary/11272090084	1	000103	11272090084	http://farm4.staticflickr.com/3826/11272090084_bd005c3b60_m.jpg	188	240	http://farm4.staticflickr.com/3826/11272090084_bd005c3b60.jpg	392	500	http://farm4.staticflickr.com/3826/11272090084_bd005c3b60_b.jpg	802	1024	http://farm4.staticflickr.com/3826/11272090084_e48dae0606_o.jpg	1027	1311
0	Waterlow & Sons	Up the River from Westminster to Windsor and Oxford; a descriptive panorama of Thames Scenery			London	003606029		1879	http://www.flickr.com/photos/britishlibrary/11272062806	1	000106	11272062806	http://farm3.staticflickr.com/2809/11272062806_957efe782d_m.jpg	194	240	http://farm3.staticflickr.com/2809/11272062806_957efe782d.jpg	405	500	http://farm3.staticflickr.com/2809/11272062806_957efe782d_b.jpg	829	1024	http://farm3.staticflickr.com/2809/11272062806_119a565b16_o.jpg	948	1171
02	D. Appleton & Co.	[Appleton's European Guide Book illustrated. Including England, Scotland, and Ireland, France, Belgium, Holland, Northern and Southern Germany, Switzerland, Italy, Spain and Portugal, Russia, Denmark, Norway, and Sweden. Containing ... maps, etc.]	APPLETON, Daniel AND CO	lsidyv3cbe7355	New York; Longmans & Co	000100280	ark:/81055/vdc_00000005D9DE	1879	http://www.flickr.com/photos/britishlibrary/11272062896	1	000577	11272062896	http://farm3.staticflickr.com/2862/11272062896_3b462199ae_m.jpg	143	240	http://farm3.staticflickr.com/2862/11272062896_3b462199ae.jpg	297	500	http://farm3.staticflickr.com/2862/11272062896_3b462199ae_b.jpg	608	1024	http://farm3.staticflickr.com/2862/11272062896_4116a1c0fd_o.jpg	762	1284
02	American News Company	Round the world with General Grant. A narrative of the visit of General U. S. Grant ... to various countries ... in 1877, 1878, 1879. To which are added certain conversations with General Grant on questions connected with American politics and history ... With ... illustrations	YOUNG, John Russell.		New York	004002305		1879	http://www.flickr.com/photos/britishlibrary/11272134963	1	000157	11272134963	http://farm4.staticflickr.com/3681/11272134963_ba453952d1_m.jpg	178	240	http://farm4.staticflickr.com/3681/11272134963_ba453952d1.jpg	370	500	http://farm4.staticflickr.com/3681/11272134963_ba453952d1_b.jpg	758	1024	http://farm4.staticflickr.com/3681/11272134963_e6acffe32c_o.jpg	1193	1612
0		Les Vieilles Villes de Suisse. Notes et souvenirs. Ouvrage illustré de 105 dessins à la plume par A. Robida reproduits en fac-simile	ROBIDA, Albert.		Paris	003121715		1879	http://www.flickr.com/photos/britishlibrary/11272021705	1	000015	11272021705	http://farm8.staticflickr.com/7442/11272021705_ea26707304_m.jpg	240	221	http://farm8.staticflickr.com/7442/11272021705_ea26707304.jpg	500	461	http://farm8.staticflickr.com/7442/11272021705_ea26707304_b.jpg	1024	945	http://farm8.staticflickr.com/7442/11272021705_edfa8085b0_o.jpg	1117	1031
01	John Murray	Bedouin Tribes of the Euphrates ... Edited, with a preface and some account of the Arabs and their horses, by W. S. B. [i.e. W. S. Blunt] ... With map and sketches by the author	BLUNT, Anne Isabella Noel Baroness Wentworth	lsidyv3c8f4fb9	London	000382895	ark:/81055/vdc_00000005BBF6	1879	http://www.flickr.com/photos/britishlibrary/11272087464	1	000292	11272087464	http://farm4.staticflickr.com/3801/11272087464_30fe7e8d77_m.jpg	240	135	http://farm4.staticflickr.com/3801/11272087464_30fe7e8d77.jpg	500	282	http://farm4.staticflickr.com/3801/11272087464_30fe7e8d77_b.jpg	1024	578	http://farm4.staticflickr.com/3801/11272087464_8cb9b8b8cc_o.jpg	1695	957
0	Western Historical Company	The History of Muscatine County, Iowa ... Illustrated			Chicago	002592978		1879	http://www.flickr.com/photos/britishlibrary/11272020615	1	000079	11272020615	http://farm3.staticflickr.com/2857/11272020615_ac4f21814e_m.jpg	169	240	http://farm3.staticflickr.com/2857/11272020615_ac4f21814e.jpg	352	500	http://farm3.staticflickr.com/2857/11272020615_ac4f21814e_b.jpg	721	1024	http://farm3.staticflickr.com/2857/11272020615_ef48b9b98a_o.jpg	1116	1585
0		The Children's fairy geography, or a merry trip round Europe	WINSLOW, Forbes Edward.	lsidyv3c92d153	London	003952456	ark:/81055/vdc_00000005BE18	1879	http://www.flickr.com/photos/britishlibrary/11272059406	1	000313	11272059406	http://farm4.staticflickr.com/3692/11272059406_2d1ed6fb75_m.jpg	239	240	http://farm4.staticflickr.com/3692/11272059406_2d1ed6fb75.jpg	498	500	http://farm4.staticflickr.com/3692/11272059406_2d1ed6fb75_b.jpg	1020	1024	http://farm4.staticflickr.com/3692/11272059406_e4683ac517_o.jpg	1467	1473
03		A magyar nemzet története. I. kötet írta Bodon J. és Dr. Szalay J. (II.-IV.) kötet, írta Dr. Szalay J.) [With portraits.]	BODON, József and SZALAY (József)		Budapest	000389221		1879	http://www.flickr.com/photos/britishlibrary/11272085794	1	000421	11272085794	http://farm6.staticflickr.com/5543/11272085794_ee0a9a65c1_m.jpg	240	211	http://farm6.staticflickr.com/5543/11272085794_ee0a9a65c1.jpg	500	440	http://farm6.staticflickr.com/5543/11272085794_ee0a9a65c1_b.jpg	1024	902	http://farm6.staticflickr.com/5543/11272085794_1838914dde_o.jpg	1516	1336
0	Lewis, Peck & Co.	History of Steuben County, New York, with illustrations and biographical sketches of some of its prominent men and pioneers	CLAYTON, W. Woodford.		Philadelphia	000719876		1879	http://www.flickr.com/photos/britishlibrary/11272084974	1	000470	11272084974	http://farm6.staticflickr.com/5532/11272084974_64ccdf371a_m.jpg	240	176	http://farm6.staticflickr.com/5532/11272084974_64ccdf371a.jpg	500	367	http://farm6.staticflickr.com/5532/11272084974_64ccdf371a_b.jpg	1024	751	http://farm6.staticflickr.com/5532/11272084974_b3ee097178_o.jpg	1645	1206
0	Harper & Bros.	From Egypt to Palestine through Sinai, the Wilderness and the South Country. Observations of a journey made with special reference to the history of the Israelites ... With maps and illustrations	BARTLETT, Samuel Colcord.	lsidyv3c53baba	New York	000216339	ark:/81055/vdc_000000059CA0	1879	http://www.flickr.com/photos/britishlibrary/11272130393	1	000522	11272130393	http://farm4.staticflickr.com/3830/11272130393_87c41bc32f_m.jpg	240	160	http://farm4.staticflickr.com/3830/11272130393_87c41bc32f.jpg	500	333	http://farm4.staticflickr.com/3830/11272130393_87c41bc32f_b.jpg	1024	683	http://farm4.staticflickr.com/3830/11272130393_54ae322862_o.jpg	1736	1158
0		The Wild Man at Home: or, pictures of life in savage lands ... With woodcuts ... and coloured illustrations	GREENWOOD, James Novelist	lsidyv2af6fa2f	London, Edinburgh	001503444	ark:/81055/vdc_0000000519A2	1879	http://www.flickr.com/photos/britishlibrary/11272056896	1	000031	11272056896	http://farm4.staticflickr.com/3693/11272056896_6d70f5bf4c_m.jpg	207	240	http://farm4.staticflickr.com/3693/11272056896_6d70f5bf4c.jpg	432	500	http://farm4.staticflickr.com/3693/11272056896_6d70f5bf4c_b.jpg	885	1024	http://farm4.staticflickr.com/3693/11272056896_7836826d7b_o.jpg	1195	1383
0	Lee & Shepard	A summer jaunt through the old world: a record of an excursion made to and through Europe by the Tourgée educational party of 1878	HOLDEN, Luther L.	lsidyv3c9a5a21	Boston [Mass.]	001711043	ark:/81055/vdc_00000005C31C	1879	http://www.flickr.com/photos/britishlibrary/11272129193	1	000095	11272129193	http://farm6.staticflickr.com/5483/11272129193_4ef093b13e_m.jpg	240	166	http://farm6.staticflickr.com/5483/11272129193_4ef093b13e.jpg	500	347	http://farm6.staticflickr.com/5483/11272129193_4ef093b13e_b.jpg	1024	710	http://farm6.staticflickr.com/5483/11272129193_d54c6e3dac_o.jpg	1728	1198
0		[Viaje á la Patagonia austral emprendido bajo los auspicios del Gobierno Nacional 1876-1877. tom. 1.]	MORENO, Francisco Josué Pascasio.		Buenos Aires	002546655		1879	http://www.flickr.com/photos/britishlibrary/11272055656	1	000156	11272055656	http://farm8.staticflickr.com/7428/11272055656_b4c92605fa_m.jpg	168	240	http://farm8.staticflickr.com/7428/11272055656_b4c92605fa.jpg	349	500	http://farm8.staticflickr.com/7428/11272055656_b4c92605fa_b.jpg	715	1024	http://farm8.staticflickr.com/7428/11272055656_a25881e8c6_o.jpg	1037	1485
0	Religious Tract Society	The Lands of Scripture: comprising “Those Holy Fields”; “The Land of the Pharaohs” [both by S. M.]; “Pictures from Bible Lands” (edited by S. G. Green. The illustrations by E. Whymper, etc.)	MANNING, Samuel LL.D		London	002369128		1879	http://www.flickr.com/photos/britishlibrary/11272081854	2	000391	11272081854	http://farm6.staticflickr.com/5473/11272081854_c745882c3f_m.jpg	240	237	http://farm6.staticflickr.com/5473/11272081854_c745882c3f.jpg	500	495	http://farm6.staticflickr.com/5473/11272081854_c745882c3f_b.jpg	1024	1013	http://farm6.staticflickr.com/5473/11272081854_d660b78a07_o.jpg	1133	1121
0		[Carmarthen and its neighbourhood. Notes topographical and historical.]	Soutar, William		Carmarthen	003469593		1879	http://www.flickr.com/photos/britishlibrary/11272054586	1	000018	11272054586	http://farm8.staticflickr.com/7324/11272054586_878a4b757e_m.jpg	240	80	http://farm8.staticflickr.com/7324/11272054586_878a4b757e.jpg	500	167	http://farm8.staticflickr.com/7324/11272054586_878a4b757e_b.jpg	1024	342	http://farm8.staticflickr.com/7324/11272054586_843630c6d0_o.jpg	1945	650
0	Everts & Abbott	History of Hillsdale County, Michigan, with illustrations and biographical sketches of some of its prominent men, etc	Johnson, Crisfield.		Philadelphia	001884500		1879	http://www.flickr.com/photos/britishlibrary/11272080094	2	000362	11272080094	http://farm6.staticflickr.com/5499/11272080094_dd5817321d_m.jpg	240	188	http://farm6.staticflickr.com/5499/11272080094_dd5817321d.jpg	500	392	http://farm6.staticflickr.com/5499/11272080094_dd5817321d_b.jpg	1024	803	http://farm6.staticflickr.com/5499/11272080094_09fcaf48a0_o.jpg	1176	922
04		Old and New London, etc	Thornbury, Walter	lsidyv3c47ab1a	London	003628788	ark:/81055/vdc_000000059328	1879	http://www.flickr.com/photos/britishlibrary/11272053276	1	000350	11272053276	http://farm3.staticflickr.com/2814/11272053276_696916578c_m.jpg	240	195	http://farm3.staticflickr.com/2814/11272053276_696916578c.jpg	500	406	http://farm3.staticflickr.com/2814/11272053276_696916578c_b.jpg	1024	831	http://farm3.staticflickr.com/2814/11272053276_fd808da182_o.jpg	1515	1230
0		Saint-Pierre de Rome. Ouvrage illustré, etc	LORBAC, Charles de.		Rome	002259706		1879	http://www.flickr.com/photos/britishlibrary/11272079524	1	000104	11272079524	http://farm8.staticflickr.com/7319/11272079524_afc833233f_m.jpg	216	240	http://farm8.staticflickr.com/7319/11272079524_afc833233f.jpg	451	500	http://farm8.staticflickr.com/7319/11272079524_afc833233f_b.jpg	923	1024	http://farm8.staticflickr.com/7319/11272079524_0f90ee44b1_o.jpg	1128	1251
03		Old and New London, etc	Thornbury, Walter	lsidyv3c47ab1a	London	003628788	ark:/81055/vdc_000000059328	1879	http://www.flickr.com/photos/britishlibrary/11272012565	1	000144	11272012565	http://farm4.staticflickr.com/3786/11272012565_68e63bdbe8_m.jpg	240	145	http://farm4.staticflickr.com/3786/11272012565_68e63bdbe8.jpg	500	302	http://farm4.staticflickr.com/3786/11272012565_68e63bdbe8_b.jpg	1024	618	http://farm4.staticflickr.com/3786/11272012565_9a769a1043_o.jpg	1636	987
02		Sahărâ und Sûdân. Ergebnisse sechsjähriger Reisen in Afrika. (Thl. 3 herausgegeben von E. Groddeck.)	NACHTIGAL, Gustav.		Berlin	002599811		1879	http://www.flickr.com/photos/britishlibrary/11272123833	1	000556	11272123833	http://farm4.staticflickr.com/3832/11272123833_468f78282a_m.jpg	136	240	http://farm4.staticflickr.com/3832/11272123833_468f78282a.jpg	284	500	http://farm4.staticflickr.com/3832/11272123833_468f78282a_b.jpg	581	1024	http://farm4.staticflickr.com/3832/11272123833_8811379121_o.jpg	792	1395
01		The Australian abroad. Branches from the Main Routes round the World. [Reprinted from the Melbourne “Argus.” With illustrations.] 2 series	HINGSTON, James.	lsidyv3cbf9abe	London	001689101	ark:/81055/vdc_00000005DA7A	1879	http://www.flickr.com/photos/britishlibrary/11272077824	1	000408	11272077824	http://farm4.staticflickr.com/3797/11272077824_13b8def059_m.jpg	240	208	http://farm4.staticflickr.com/3797/11272077824_13b8def059.jpg	500	433	http://farm4.staticflickr.com/3797/11272077824_13b8def059_b.jpg	1024	887	http://farm4.staticflickr.com/3797/11272077824_8c32eec638_o.jpg	1121	971
0	Waterlow & Sons	Up the River from Westminster to Windsor and Oxford; a descriptive panorama of Thames Scenery			London	003606029		1879	http://www.flickr.com/photos/britishlibrary/11272077274	1	000155	11272077274	http://farm6.staticflickr.com/5500/11272077274_7f17588186_m.jpg	166	240	http://farm6.staticflickr.com/5500/11272077274_7f17588186.jpg	347	500	http://farm6.staticflickr.com/5500/11272077274_7f17588186_b.jpg	710	1024	http://farm6.staticflickr.com/5500/11272077274_d5c9aab37e_o.jpg	896	1292
0	J. A. & R. A. Reid	The Past and the Present. Narragansett sea and shore. An illustrated guide to Providence, Newport, Narragansett Pier, Block Island, Watch Hill, Rocky Point, Silver Spring, and all the famous sea-side resorts of Rhode Island, with a map of Narragansett Bay	DENISON, Frederic.		Providence	000908069		1879	http://www.flickr.com/photos/britishlibrary/11272075844	1	000096	11272075844	http://farm8.staticflickr.com/7346/11272075844_993b367848_m.jpg	240	150	http://farm8.staticflickr.com/7346/11272075844_993b367848.jpg	500	313	http://farm8.staticflickr.com/7346/11272075844_993b367848_b.jpg	1024	641	http://farm8.staticflickr.com/7346/11272075844_3f8a0392a7_o.jpg	1521	952
0	J. Tweed	The Annals of Dumfermline and vicinity ... 1069-1878. Interspersed with ... notes, ... and ... engravings	HENDERSON, Ebenezer LL.D., F.R.A.S		Glasgow	001648659		1879	http://www.flickr.com/photos/britishlibrary/11272010565	1	000136	11272010565	http://farm8.staticflickr.com/7341/11272010565_b46aedcbb1_m.jpg	133	240	http://farm8.staticflickr.com/7341/11272010565_b46aedcbb1.jpg	277	500	http://farm8.staticflickr.com/7341/11272010565_b46aedcbb1_b.jpg	567	1024	http://farm8.staticflickr.com/7341/11272010565_4162ec16c4_o.jpg	836	1511
0		The Black Forest, its people and legends. [With maps and illustrations.]	SÉGUIN, afterwards STRAHAN, Lisbeth Gooch.	lsidyv3bbdd558	London, Edinburgh	003328570	ark:/81055/vdc_000000053B26	1879	http://www.flickr.com/photos/britishlibrary/11272075744	1	000180	11272075744	http://farm4.staticflickr.com/3696/11272075744_acc056672e_m.jpg	240	207	http://farm4.staticflickr.com/3696/11272075744_acc056672e.jpg	500	432	http://farm4.staticflickr.com/3696/11272075744_acc056672e_b.jpg	1024	884	http://farm4.staticflickr.com/3696/11272075744_6879c5328c_o.jpg	1446	1248
0	W. Mullan & Son	Winifred Martin. A story of English family life ... With illustrations, etc	BROOK, afterwards ROSS, Ellen.		London & Belfast	000486054		1879	http://www.flickr.com/photos/britishlibrary/11272048286	1	000394	11272048286	http://farm6.staticflickr.com/5471/11272048286_d264a99059_m.jpg	240	212	http://farm6.staticflickr.com/5471/11272048286_d264a99059.jpg	500	442	http://farm6.staticflickr.com/5471/11272048286_d264a99059_b.jpg	1024	906	http://farm6.staticflickr.com/5471/11272048286_1064d5040b_o.jpg	1211	1072
0	Published by the Author	History of Grafton, Worcester County, Massachusetts ... Including the genealogies of seventy-nine of the older families	PEIRCE, Frederick Clifton.		Worcester [Mass.]	002810106		1879	http://www.flickr.com/photos/britishlibrary/11272007865	1	000634	11272007865	http://farm4.staticflickr.com/3743/11272007865_c1fbd03ff9_m.jpg	240	181	http://farm4.staticflickr.com/3743/11272007865_c1fbd03ff9.jpg	500	377	http://farm4.staticflickr.com/3743/11272007865_c1fbd03ff9_b.jpg	1024	772	http://farm4.staticflickr.com/3743/11272007865_74dfd58a4b_o.jpg	1257	948
0	W. Mullan & Son	Winifred Martin. A story of English family life ... With illustrations, etc	BROOK, afterwards ROSS, Ellen.		London & Belfast	000486054		1879	http://www.flickr.com/photos/britishlibrary/11272119853	1	000421	11272119853	http://farm4.staticflickr.com/3692/11272119853_6320c5e846_m.jpg	240	220	http://farm4.staticflickr.com/3692/11272119853_6320c5e846.jpg	500	458	http://farm4.staticflickr.com/3692/11272119853_6320c5e846_b.jpg	1024	937	http://farm4.staticflickr.com/3692/11272119853_34bcdd927f_o.jpg	1221	1117
0		A Dreamer's sketch-book ... [In verse.] With illustrations	WALTERS, Sophia Lydia.		London, Edinburgh [printed]	003845078		1879	http://www.flickr.com/photos/britishlibrary/11272047066	1	000085	11272047066	http://farm8.staticflickr.com/7380/11272047066_2b4cf36cea_m.jpg	161	240	http://farm8.staticflickr.com/7380/11272047066_2b4cf36cea.jpg	335	500	http://farm8.staticflickr.com/7380/11272047066_2b4cf36cea_b.jpg	687	1024	http://farm8.staticflickr.com/7380/11272047066_20e0e46a20_o.jpg	912	1360
0	Religious Tract Society	The Lands of Scripture: comprising “Those Holy Fields”; “The Land of the Pharaohs” [both by S. M.]; “Pictures from Bible Lands” (edited by S. G. Green. The illustrations by E. Whymper, etc.)	MANNING, Samuel LL.D		London	002369128		1879	http://www.flickr.com/photos/britishlibrary/11272046076	2	000303	11272046076	http://farm3.staticflickr.com/2859/11272046076_1a2decf5ab_m.jpg	240	139	http://farm3.staticflickr.com/2859/11272046076_1a2decf5ab.jpg	500	289	http://farm3.staticflickr.com/2859/11272046076_1a2decf5ab_b.jpg	1024	592	http://farm3.staticflickr.com/2859/11272046076_7d295c9bef_o.jpg	1822	1053
0	Everts & Abbott	History of Hillsdale County, Michigan, with illustrations and biographical sketches of some of its prominent men, etc	Johnson, Crisfield.		Philadelphia	001884500		1879	http://www.flickr.com/photos/britishlibrary/11272072214	1	000336	11272072214	http://farm8.staticflickr.com/7419/11272072214_afc4893acc_m.jpg	240	193	http://farm8.staticflickr.com/7419/11272072214_afc4893acc.jpg	500	402	http://farm8.staticflickr.com/7419/11272072214_afc4893acc_b.jpg	1024	824	http://farm8.staticflickr.com/7419/11272072214_f7b02b5e60_o.jpg	1268	1020
0	Waterlow & Sons	Up the River from Westminster to Windsor and Oxford; a descriptive panorama of Thames Scenery			London	003606029		1879	http://www.flickr.com/photos/britishlibrary/11272117483	2	000091	11272117483	http://farm3.staticflickr.com/2837/11272117483_d0538dea1f_m.jpg	107	240	http://farm3.staticflickr.com/2837/11272117483_d0538dea1f.jpg	224	500	http://farm3.staticflickr.com/2837/11272117483_d0538dea1f_b.jpg	458	1024	http://farm3.staticflickr.com/2837/11272117483_1f878cfb2e_o.jpg	693	1548
02	D. Appleton & Co.	[Appleton's European Guide Book illustrated. Including England, Scotland, and Ireland, France, Belgium, Holland, Northern and Southern Germany, Switzerland, Italy, Spain and Portugal, Russia, Denmark, Norway, and Sweden. Containing ... maps, etc.]	APPLETON, Daniel AND CO	lsidyv3cbe7355	New York; Longmans & Co	000100280	ark:/81055/vdc_00000005D9DE	1879	http://www.flickr.com/photos/britishlibrary/11272004995	1	000631	11272004995	http://farm6.staticflickr.com/5507/11272004995_415e666ff0_m.jpg	151	240	http://farm6.staticflickr.com/5507/11272004995_415e666ff0.jpg	315	500	http://farm6.staticflickr.com/5507/11272004995_415e666ff0_b.jpg	646	1024	http://farm6.staticflickr.com/5507/11272004995_edc957ac34_o.jpg	810	1284
0		The Children's fairy geography, or a merry trip round Europe	WINSLOW, Forbes Edward.	lsidyv3c92d153	London	003952456	ark:/81055/vdc_00000005BE18	1879	http://www.flickr.com/photos/britishlibrary/11272070904	1	000050	11272070904	http://farm4.staticflickr.com/3797/11272070904_e3df2471f6_m.jpg	119	240	http://farm4.staticflickr.com/3797/11272070904_e3df2471f6.jpg	248	500	http://farm4.staticflickr.com/3797/11272070904_e3df2471f6_b.jpg	507	1024	http://farm4.staticflickr.com/3797/11272070904_5ff5ca5f78_o.jpg	803	1621
04		Geschiedenis van Amsterdam	GOUW, Jan ter.		Amsterdam	001477539		1879	http://www.flickr.com/photos/britishlibrary/11272115383	1	000012	11272115383	http://farm8.staticflickr.com/7338/11272115383_eefd58268d_m.jpg	240	176	http://farm8.staticflickr.com/7338/11272115383_eefd58268d.jpg	500	366	http://farm8.staticflickr.com/7338/11272115383_eefd58268d_b.jpg	1024	750	http://farm8.staticflickr.com/7338/11272115383_eec3f56a99_o.jpg	1531	1121
0		Worsborough; its historical associations and rural attractions	WILKINSON, Joseph of Barnsley		London, Barnsley [printed	003927300		1879	http://www.flickr.com/photos/britishlibrary/11272114033	1	000362	11272114033	http://farm4.staticflickr.com/3732/11272114033_4b7c3792bb_m.jpg	240	199	http://farm4.staticflickr.com/3732/11272114033_4b7c3792bb.jpg	500	414	http://farm4.staticflickr.com/3732/11272114033_4b7c3792bb_b.jpg	1024	847	http://farm4.staticflickr.com/3732/11272114033_2556c9e6df_o.jpg	1438	1189
0		The Great Eastern Railway Company's Tourist-Guide to the Continent. ... With illustrations ... and a map	LINDLEY, Percy.	lsidyv3cad916f	London	002174468	ark:/81055/vdc_00000005CE44	1879	http://www.flickr.com/photos/britishlibrary/11272003285	1	000093	11272003285	http://farm8.staticflickr.com/7312/11272003285_4d4bbff2ed_m.jpg	240	184	http://farm8.staticflickr.com/7312/11272003285_4d4bbff2ed.jpg	500	383	http://farm8.staticflickr.com/7312/11272003285_4d4bbff2ed_b.jpg	1024	785	http://farm8.staticflickr.com/7312/11272003285_0dcc849582_o.jpg	1570	1204
0	Ward, Lock & Co.	Brave Old Ballads. Illustrated with coloured engravings from drawings by John Gilbert	Gilbert, John Sir		London	000183576		1879	http://www.flickr.com/photos/britishlibrary/11272041716	1	000159	11272041716	http://farm6.staticflickr.com/5514/11272041716_b76729ddc3_m.jpg	162	240	http://farm6.staticflickr.com/5514/11272041716_b76729ddc3.jpg	338	500	http://farm6.staticflickr.com/5514/11272041716_b76729ddc3_b.jpg	692	1024	http://farm6.staticflickr.com/5514/11272041716_45b2d67858_o.jpg	951	1407
01	American News Company	Round the world with General Grant. A narrative of the visit of General U. S. Grant ... to various countries ... in 1877, 1878, 1879. To which are added certain conversations with General Grant on questions connected with American politics and history ... With ... illustrations	YOUNG, John Russell.		New York	004002305		1879	http://www.flickr.com/photos/britishlibrary/11272112623	1	000511	11272112623	http://farm4.staticflickr.com/3817/11272112623_cb641a822f_m.jpg	159	240	http://farm4.staticflickr.com/3817/11272112623_cb641a822f.jpg	331	500	http://farm4.staticflickr.com/3817/11272112623_cb641a822f_b.jpg	678	1024	http://farm4.staticflickr.com/3817/11272112623_0f9326871b_o.jpg	1113	1681
0	[Ward, Lock & Co.	[Charles O'Malley, the Irish Dragoon. Edited by Harry Lorrequer. [By C. J. L.]]	LEVER, Charles James.		London,] Perth [printed	002150760		1879	http://www.flickr.com/photos/britishlibrary/11272067054	1	000105	11272067054	http://farm6.staticflickr.com/5522/11272067054_688b41e27a_m.jpg	231	240	http://farm6.staticflickr.com/5522/11272067054_688b41e27a.jpg	481	500	http://farm6.staticflickr.com/5522/11272067054_688b41e27a_b.jpg	985	1024	http://farm6.staticflickr.com/5522/11272067054_dec78fc447_o.jpg	1017	1057
02	Tinsley Brothers	Berlin under the New Empire, its institutions, inhabitants, industry ... With ... engravings, etc	VIZETELLY, Henry.		London	003807524		1879	http://www.flickr.com/photos/britishlibrary/11272111603	1	000048	11272111603	http://farm4.staticflickr.com/3801/11272111603_6bd2db210e_m.jpg	213	240	http://farm4.staticflickr.com/3801/11272111603_6bd2db210e.jpg	444	500	http://farm4.staticflickr.com/3801/11272111603_6bd2db210e_b.jpg	909	1024	http://farm4.staticflickr.com/3801/11272111603_a5d6f51689_o.jpg	985	1110
0		The Complete Guide to Clevedon and its vicinity ... with notes on the natural history of the neighbourhood. By R. S. S. Illustrated	S., R. S.		Clevedon	003213996		1879	http://www.flickr.com/photos/britishlibrary/11272038616	1	000160	11272038616	http://farm4.staticflickr.com/3691/11272038616_0797f6f74d_m.jpg	240	188	http://farm4.staticflickr.com/3691/11272038616_0797f6f74d.jpg	500	393	http://farm4.staticflickr.com/3691/11272038616_0797f6f74d_b.jpg	1024	804	http://farm4.staticflickr.com/3691/11272038616_604c5c518e_o.jpg	1611	1265
02	American News Company	Round the world with General Grant. A narrative of the visit of General U. S. Grant ... to various countries ... in 1877, 1878, 1879. To which are added certain conversations with General Grant on questions connected with American politics and history ... With ... illustrations	YOUNG, John Russell.		New York	004002305		1879	http://www.flickr.com/photos/britishlibrary/11272110033	1	000238	11272110033	http://farm4.staticflickr.com/3755/11272110033_3f9e49417e_m.jpg	187	240	http://farm4.staticflickr.com/3755/11272110033_3f9e49417e.jpg	390	500	http://farm4.staticflickr.com/3755/11272110033_3f9e49417e_b.jpg	798	1024	http://farm4.staticflickr.com/3755/11272110033_4ca255c1b8_o.jpg	1286	1650
01	Tinsley Brothers	Berlin under the New Empire, its institutions, inhabitants, industry ... With ... engravings, etc	VIZETELLY, Henry.		London	003807524		1879	http://www.flickr.com/photos/britishlibrary/11272065134	1	000455	11272065134	http://farm6.staticflickr.com/5479/11272065134_9a5963677c_m.jpg	237	240	http://farm6.staticflickr.com/5479/11272065134_9a5963677c.jpg	494	500	http://farm6.staticflickr.com/5479/11272065134_9a5963677c_b.jpg	1011	1024	http://farm6.staticflickr.com/5479/11272065134_f808087652_o.jpg	1040	1053
0	W. Mullan & Son	Winifred Martin. A story of English family life ... With illustrations, etc	BROOK, afterwards ROSS, Ellen.		London & Belfast	000486054		1879	http://www.flickr.com/photos/britishlibrary/11272063654	1	000192	11272063654	http://farm8.staticflickr.com/7455/11272063654_3d0713ca4d_m.jpg	219	240	http://farm8.staticflickr.com/7455/11272063654_3d0713ca4d.jpg	457	500	http://farm8.staticflickr.com/7455/11272063654_3d0713ca4d_b.jpg	936	1024	http://farm8.staticflickr.com/7455/11272063654_91d1909b93_o.jpg	1058	1158
0		Saint-Pierre de Rome. Ouvrage illustré, etc	LORBAC, Charles de.		Rome	002259706		1879	http://www.flickr.com/photos/britishlibrary/11272036916	1	000085	11272036916	http://farm8.staticflickr.com/7290/11272036916_5bcc298348_m.jpg	240	228	http://farm8.staticflickr.com/7290/11272036916_5bcc298348.jpg	500	475	http://farm8.staticflickr.com/7290/11272036916_5bcc298348_b.jpg	1024	972	http://farm8.staticflickr.com/7290/11272036916_68ff7e92a1_o.jpg	1227	1165
0	Murray Williamson & Phelps	The History of Adams County, Illinois ... Illustrated			Chicago	000014468		1879	http://www.flickr.com/photos/britishlibrary/11272063084	1	001109	11272063084	http://farm8.staticflickr.com/7422/11272063084_5d4993abba_m.jpg	240	211	http://farm8.staticflickr.com/7422/11272063084_5d4993abba.jpg	500	440	http://farm8.staticflickr.com/7422/11272063084_5d4993abba_b.jpg	1024	902	http://farm8.staticflickr.com/7422/11272063084_df49b6d2ea_o.jpg	1426	1256
01		Old and New London, etc	Thornbury, Walter	lsidyv3c47ab1a	London	003628788	ark:/81055/vdc_000000059328	1879	http://www.flickr.com/photos/britishlibrary/11272061974	1	000578	11272061974	http://farm4.staticflickr.com/3722/11272061974_620fb877a6_m.jpg	224	240	http://farm4.staticflickr.com/3722/11272061974_620fb877a6.jpg	467	500	http://farm4.staticflickr.com/3722/11272061974_620fb877a6_b.jpg	956	1024	http://farm4.staticflickr.com/3722/11272061974_395b945224_o.jpg	1375	1473
0	Wesleyan Conference Office	Rambles in Bible Lands	NEWTON, Richard D.D., Rector of St. Paul's Church, Philadelphia	lsidyv3ca35e3a	London	002646495	ark:/81055/vdc_00000005C826	1879	http://www.flickr.com/photos/britishlibrary/11271996615	1	000262	11271996615	http://farm4.staticflickr.com/3731/11271996615_28ae31ffbf_m.jpg	240	240	http://farm4.staticflickr.com/3731/11271996615_28ae31ffbf.jpg	499	500	http://farm4.staticflickr.com/3731/11271996615_28ae31ffbf_b.jpg	1022	1024	http://farm4.staticflickr.com/3731/11271996615_500d1e6ff8_o.jpg	1235	1237
02		Sahărâ und Sûdân. Ergebnisse sechsjähriger Reisen in Afrika. (Thl. 3 herausgegeben von E. Groddeck.)	NACHTIGAL, Gustav.		Berlin	002599811		1879	http://www.flickr.com/photos/britishlibrary/11272035236	1	000598	11272035236	http://farm8.staticflickr.com/7395/11272035236_1ef8d14692_m.jpg	240	114	http://farm8.staticflickr.com/7395/11272035236_1ef8d14692.jpg	500	238	http://farm8.staticflickr.com/7395/11272035236_1ef8d14692_b.jpg	1024	487	http://farm8.staticflickr.com/7395/11272035236_56ba21f339_o.jpg	1551	737
01		Paris à travers les siècles. Histoire nationale de Paris et des Parisiens depuis la fondation de Lutèce jusqu'à nos jours, etc	GOURDON DE GENOUILLAC, Nicolas Jules Henri.		Paris	001476975		1879	http://www.flickr.com/photos/britishlibrary/11272104603	1	000306	11272104603	http://farm4.staticflickr.com/3831/11272104603_3bb43049a6_m.jpg	240	192	http://farm4.staticflickr.com/3831/11272104603_3bb43049a6.jpg	500	401	http://farm4.staticflickr.com/3831/11272104603_3bb43049a6_b.jpg	1024	821	http://farm4.staticflickr.com/3831/11272104603_e14188a430_o.jpg	1481	1187
01	American News Company	Round the world with General Grant. A narrative of the visit of General U. S. Grant ... to various countries ... in 1877, 1878, 1879. To which are added certain conversations with General Grant on questions connected with American politics and history ... With ... illustrations	YOUNG, John Russell.		New York	004002305		1879	http://www.flickr.com/photos/britishlibrary/11271995045	1	000439	11271995045	http://farm8.staticflickr.com/7331/11271995045_106d59be5a_m.jpg	240	169	http://farm8.staticflickr.com/7331/11271995045_106d59be5a.jpg	500	352	http://farm8.staticflickr.com/7331/11271995045_106d59be5a_b.jpg	1024	720	http://farm8.staticflickr.com/7331/11271995045_ed54ebaff7_o.jpg	1423	1000
0	A. Williams & Co.	History of the town of Hollis, New Hampshire, from its first settlement to ... 1879. ... Illustrated, etc	WORCESTER, Samuel T.		Boston [Mass.]	003975907		1879	http://www.flickr.com/photos/britishlibrary/11272059674	2	000231	11272059674	http://farm6.staticflickr.com/5538/11272059674_0906831746_m.jpg	197	240	http://farm6.staticflickr.com/5538/11272059674_0906831746.jpg	411	500	http://farm6.staticflickr.com/5538/11272059674_0906831746_b.jpg	842	1024	http://farm6.staticflickr.com/5538/11272059674_d975d3991e_o.jpg	1146	1393
0		The Children's fairy geography, or a merry trip round Europe	WINSLOW, Forbes Edward.	lsidyv3c92d153	London	003952456	ark:/81055/vdc_00000005BE18	1879	http://www.flickr.com/photos/britishlibrary/11271993105	1	000228	11271993105	http://farm6.staticflickr.com/5546/11271993105_2039f8f51b_m.jpg	102	240	http://farm6.staticflickr.com/5546/11271993105_2039f8f51b.jpg	213	500	http://farm6.staticflickr.com/5546/11271993105_2039f8f51b_b.jpg	437	1024	http://farm6.staticflickr.com/5546/11271993105_e1b31ed762_o.jpg	758	1775
0	John Murray	[The Student's Manual of Modern Geography. Mathematical, physical, and descriptive.]	BEVAN, William Latham.	lsidyv3ca2f2a9	London	000307737	ark:/81055/vdc_00000005C7F6	1879	http://www.flickr.com/photos/britishlibrary/11271992605	1	000611	11271992605	http://farm8.staticflickr.com/7450/11271992605_a1743947a9_m.jpg	218	240	http://farm8.staticflickr.com/7450/11271992605_a1743947a9.jpg	454	500	http://farm8.staticflickr.com/7450/11271992605_a1743947a9_b.jpg	930	1024	http://farm8.staticflickr.com/7450/11271992605_cb5a4d5f71_o.jpg	1112	1225
01	William Mackenzie	The National Burns. Edited by Rev. George Gilfillan, including the airs of all the songs, and an original life of Burns by the editor. [With plates, including portraits.]	Burns, Robert		Glasgow	000543200		1879	http://www.flickr.com/photos/britishlibrary/11272057324	1	000402	11272057324	http://farm8.staticflickr.com/7357/11272057324_42f6204252_m.jpg	240	213	http://farm8.staticflickr.com/7357/11272057324_42f6204252.jpg	500	443	http://farm8.staticflickr.com/7357/11272057324_42f6204252_b.jpg	1024	907	http://farm8.staticflickr.com/7357/11272057324_1e9fb41dda_o.jpg	1248	1105
0	Western Historical Co.	The History of Clinton County, Iowa ... Illustrated			Chicago	000726414		1879	http://www.flickr.com/photos/britishlibrary/11272030566	1	000367	11272030566	http://farm4.staticflickr.com/3801/11272030566_5f1bfd9d59_m.jpg	240	220	http://farm4.staticflickr.com/3801/11272030566_5f1bfd9d59.jpg	500	458	http://farm4.staticflickr.com/3801/11272030566_5f1bfd9d59_b.jpg	1024	938	http://farm4.staticflickr.com/3801/11272030566_55f1c1d0b9_o.jpg	1225	1122
0	Waterlow & Sons	Up the River from Westminster to Windsor and Oxford; a descriptive panorama of Thames Scenery			London	003606029		1879	http://www.flickr.com/photos/britishlibrary/11272100663	1	000028	11272100663	http://farm8.staticflickr.com/7445/11272100663_abe8771fc8_m.jpg	148	240	http://farm8.staticflickr.com/7445/11272100663_abe8771fc8.jpg	309	500	http://farm8.staticflickr.com/7445/11272100663_abe8771fc8_b.jpg	632	1024	http://farm8.staticflickr.com/7445/11272100663_e9b19e727c_o.jpg	956	1548
0	Macmillan and Co.	The Arctic Voyages of A. E. Nordenskiöld. 1858-1879. With illustrations and maps	LESLIE, Alexander of Aberdeen		London	002142895		1879	http://www.flickr.com/photos/britishlibrary/11271989955	1	000123	11271989955	http://farm4.staticflickr.com/3755/11271989955_1066df6d67_m.jpg	187	240	http://farm4.staticflickr.com/3755/11271989955_1066df6d67.jpg	390	500	http://farm4.staticflickr.com/3755/11271989955_1066df6d67_b.jpg	798	1024	http://farm4.staticflickr.com/3755/11271989955_37b261b9f3_o.jpg	1182	1517
02		Memorials of the Civil War between King Charles I. and the Parliament of England as it affected Herefordshire and the adjacent counties ... Edited and completed by ... T. W. Webb ... with an appendix of documents. [With illustrations.]	WEBB, John Rector of Tretyre, Herefordshire		London	003870802		1879	http://www.flickr.com/photos/britishlibrary/11272100393	1	000097	11272100393	http://farm3.staticflickr.com/2823/11272100393_29e136e9dd_m.jpg	240	123	http://farm3.staticflickr.com/2823/11272100393_29e136e9dd.jpg	500	257	http://farm3.staticflickr.com/2823/11272100393_29e136e9dd_b.jpg	1024	526	http://farm3.staticflickr.com/2823/11272100393_702b8a8e21_o.jpg	2023	1040
0	Western Historical Company	The History of Jackson County, Iowa ... Illustrated			Chicago	001833692		1879	http://www.flickr.com/photos/britishlibrary/11272099143	1	000527	11272099143	http://farm4.staticflickr.com/3824/11272099143_cf12504c42_m.jpg	240	204	http://farm4.staticflickr.com/3824/11272099143_cf12504c42.jpg	500	425	http://farm4.staticflickr.com/3824/11272099143_cf12504c42_b.jpg	1024	870	http://farm4.staticflickr.com/3824/11272099143_9fbef2aa5a_o.jpg	1521	1292
0		Les Rues du vieux Paris. Galerie populaire et pittoresque ... Ouvrage illustré de 165 gravures sur bois	FOURNEL, Victor.		Paris	001279089		1879	http://www.flickr.com/photos/britishlibrary/11271987145	1	000364	11271987145	http://farm8.staticflickr.com/7388/11271987145_05b214b21c_m.jpg	209	240	http://farm8.staticflickr.com/7388/11271987145_05b214b21c.jpg	436	500	http://farm8.staticflickr.com/7388/11271987145_05b214b21c_b.jpg	892	1024	http://farm8.staticflickr.com/7388/11271987145_a3b8a9572c_o.jpg	1031	1183
01	Tinsley Brothers	Berlin under the New Empire, its institutions, inhabitants, industry ... With ... engravings, etc	VIZETELLY, Henry.		London	003807524		1879	http://www.flickr.com/photos/britishlibrary/11271987175	1	000217	11271987175	http://farm4.staticflickr.com/3813/11271987175_e339099612_m.jpg	240	183	http://farm4.staticflickr.com/3813/11271987175_e339099612.jpg	500	380	http://farm4.staticflickr.com/3813/11271987175_e339099612_b.jpg	1024	779	http://farm4.staticflickr.com/3813/11271987175_b63666f13f_o.jpg	1673	1272
0		Mœurs et caractères des peuples, Asie-Amérique-Océanie. Morceaux extraits de divers auteurs. [With illustrations.]	CORTAMBERT, Richard.		Paris	000791358		1879	http://www.flickr.com/photos/britishlibrary/11271986515	1	000043	11271986515	http://farm3.staticflickr.com/2871/11271986515_144293393e_m.jpg	195	240	http://farm3.staticflickr.com/2871/11271986515_144293393e.jpg	405	500	http://farm3.staticflickr.com/2871/11271986515_144293393e_b.jpg	830	1024	http://farm3.staticflickr.com/2871/11271986515_d72af0a803_o.jpg	1213	1496
01	Tinsley Brothers	Berlin under the New Empire, its institutions, inhabitants, industry ... With ... engravings, etc	VIZETELLY, Henry.		London	003807524		1879	http://www.flickr.com/photos/britishlibrary/11272050964	2	000287	11272050964	http://farm6.staticflickr.com/5547/11272050964_cd4682dc5b_m.jpg	210	240	http://farm6.staticflickr.com/5547/11272050964_cd4682dc5b.jpg	438	500	http://farm6.staticflickr.com/5547/11272050964_cd4682dc5b_b.jpg	898	1024	http://farm6.staticflickr.com/5547/11272050964_effd35a33b_o.jpg	1041	1187
01		A magyar nemzet története. I. kötet írta Bodon J. és Dr. Szalay J. (II.-IV.) kötet, írta Dr. Szalay J.) [With portraits.]	BODON, József and SZALAY (József)		Budapest	000389221		1879	http://www.flickr.com/photos/britishlibrary/11272095833	1	000253	11272095833	http://farm4.staticflickr.com/3715/11272095833_5b1c21571e_m.jpg	240	180	http://farm4.staticflickr.com/3715/11272095833_5b1c21571e.jpg	500	374	http://farm4.staticflickr.com/3715/11272095833_5b1c21571e_b.jpg	1024	766	http://farm4.staticflickr.com/3715/11272095833_b070db4872_o.jpg	1527	1143
0	Marcus Ward & Co.	Our Native Land, its scenery and associations. A series of 36 water-colour sketches after Rowbotham, Read, Needham, and other eminent artists. With descriptive notes. [The author of the text identified on the wrapper of pt. 1 as “the author of By Loch and by Land”, i.e. Jean L. Watson.]	WATSON, Jean L.		London	001140593		1879	http://www.flickr.com/photos/britishlibrary/11272023946	1	000253	11272023946	http://farm4.staticflickr.com/3820/11272023946_d26273ec54_m.jpg	123	240	http://farm4.staticflickr.com/3820/11272023946_d26273ec54.jpg	256	500	http://farm4.staticflickr.com/3820/11272023946_d26273ec54_b.jpg	525	1024	http://farm4.staticflickr.com/3820/11272023946_077c3d2396_o.jpg	957	1865
0	[Ward, Lock & Co.	[Charles O'Malley, the Irish Dragoon. Edited by Harry Lorrequer. [By C. J. L.]]	LEVER, Charles James.		London,] Perth [printed	002150760		1879	http://www.flickr.com/photos/britishlibrary/11272094163	1	000134	11272094163	http://farm4.staticflickr.com/3788/11272094163_0f9072649d_m.jpg	240	158	http://farm4.staticflickr.com/3788/11272094163_0f9072649d.jpg	500	329	http://farm4.staticflickr.com/3788/11272094163_0f9072649d_b.jpg	1024	674	http://farm4.staticflickr.com/3788/11272094163_056b8c9f90_o.jpg	1400	922
0		[Guerra del Pacífico.] Chile. Episodias maritimos. Las dos Esmeraldas	VICUÑA MACKENNA, Benjamín.		Santiago	003787772		1879	http://www.flickr.com/photos/britishlibrary/11272022396	1	000357	11272022396	http://farm4.staticflickr.com/3721/11272022396_62b8a4750f_m.jpg	240	215	http://farm4.staticflickr.com/3721/11272022396_62b8a4750f.jpg	500	447	http://farm4.staticflickr.com/3721/11272022396_62b8a4750f_b.jpg	1024	916	http://farm4.staticflickr.com/3721/11272022396_992e380ca2_o.jpg	1377	1232
0	C. R. Barns	Switzler's Illustrated History of Missouri, from 1541 to 1877, etc. [Edited by C. R. Barns. From the larger work edited by him, entitled: “The Commonwealth of Missouri.”]	BARNS, Chancy R.		Saint Louis	000206134		1879	http://www.flickr.com/photos/britishlibrary/11272021626	1	000116	11272021626	http://farm8.staticflickr.com/7295/11272021626_b04ebee5c4_m.jpg	240	199	http://farm8.staticflickr.com/7295/11272021626_b04ebee5c4.jpg	500	415	http://farm8.staticflickr.com/7295/11272021626_b04ebee5c4_b.jpg	1024	850	http://farm8.staticflickr.com/7295/11272021626_f6d1b0c5d1_o.jpg	1175	975
01	American News Company	Round the world with General Grant. A narrative of the visit of General U. S. Grant ... to various countries ... in 1877, 1878, 1879. To which are added certain conversations with General Grant on questions connected with American politics and history ... With ... illustrations	YOUNG, John Russell.		New York	004002305		1879	http://www.flickr.com/photos/britishlibrary/11272046744	1	000317	11272046744	http://farm4.staticflickr.com/3807/11272046744_8d600e3185_m.jpg	240	169	http://farm4.staticflickr.com/3807/11272046744_8d600e3185.jpg	500	352	http://farm4.staticflickr.com/3807/11272046744_8d600e3185_b.jpg	1024	720	http://farm4.staticflickr.com/3807/11272046744_54f52470dc_o.jpg	1430	1005
02	D. Appleton & Co.	[Appleton's European Guide Book illustrated. Including England, Scotland, and Ireland, France, Belgium, Holland, Northern and Southern Germany, Switzerland, Italy, Spain and Portugal, Russia, Denmark, Norway, and Sweden. Containing ... maps, etc.]	APPLETON, Daniel AND CO	lsidyv3cbe7355	New York; Longmans & Co	000100280	ark:/81055/vdc_00000005D9DE	1879	http://www.flickr.com/photos/britishlibrary/11271981315	1	000683	11271981315	http://farm6.staticflickr.com/5475/11271981315_49d3b43ac1_m.jpg	190	240	http://farm6.staticflickr.com/5475/11271981315_49d3b43ac1.jpg	396	500	http://farm6.staticflickr.com/5475/11271981315_49d3b43ac1_b.jpg	811	1024	http://farm6.staticflickr.com/5475/11271981315_0f88b023bd_o.jpg	1015	1281
0	Marcus Ward & Co.	Our Native Land, its scenery and associations. A series of 36 water-colour sketches after Rowbotham, Read, Needham, and other eminent artists. With descriptive notes. [The author of the text identified on the wrapper of pt. 1 as “the author of By Loch and by Land”, i.e. Jean L. Watson.]	WATSON, Jean L.		London	001140593		1879	http://www.flickr.com/photos/britishlibrary/11272020256	1	000198	11272020256	http://farm6.staticflickr.com/5488/11272020256_fc842fb5b6_m.jpg	64	240	http://farm6.staticflickr.com/5488/11272020256_fc842fb5b6.jpg	134	500	http://farm6.staticflickr.com/5488/11272020256_fc842fb5b6_b.jpg	275	1024	http://farm6.staticflickr.com/5488/11272020256_0bc2c31147_o.jpg	552	2054
0	Religious Tract Society	The Lands of Scripture: comprising “Those Holy Fields”; “The Land of the Pharaohs” [both by S. M.]; “Pictures from Bible Lands” (edited by S. G. Green. The illustrations by E. Whymper, etc.)	MANNING, Samuel LL.D		London	002369128		1879	http://www.flickr.com/photos/britishlibrary/11272018946	1	000457	11272018946	http://farm4.staticflickr.com/3803/11272018946_4c2e104c39_m.jpg	240	167	http://farm4.staticflickr.com/3803/11272018946_4c2e104c39.jpg	500	348	http://farm4.staticflickr.com/3803/11272018946_4c2e104c39_b.jpg	1024	713	http://farm4.staticflickr.com/3803/11272018946_498e7cf6e7_o.jpg	1598	1112
02		Danmarks og Norges Historie i Slutningen af det 16de Aarhundrede	TROELS-LUND, Troels Frederik.		Kjøbenhavn	003677661		1879	http://www.flickr.com/photos/britishlibrary/11272089443	1	000443	11272089443	http://farm4.staticflickr.com/3692/11272089443_e4e153ea31_m.jpg	240	200	http://farm4.staticflickr.com/3692/11272089443_e4e153ea31.jpg	500	416	http://farm4.staticflickr.com/3692/11272089443_e4e153ea31_b.jpg	1024	852	http://farm4.staticflickr.com/3692/11272089443_4e8bda8d57_o.jpg	1421	1183
0	Union Historical Co.	The History of Warren County ... Illustrated			Des Moines	003854638		1879	http://www.flickr.com/photos/britishlibrary/11271979025	1	000113	11271979025	http://farm6.staticflickr.com/5526/11271979025_5473587880_m.jpg	158	240	http://farm6.staticflickr.com/5526/11271979025_5473587880.jpg	329	500	http://farm6.staticflickr.com/5526/11271979025_5473587880_b.jpg	674	1024	http://farm6.staticflickr.com/5526/11271979025_deec951993_o.jpg	1047	1590
0	Lee & Shepard	A summer jaunt through the old world: a record of an excursion made to and through Europe by the Tourgée educational party of 1878	HOLDEN, Luther L.	lsidyv3c9a5a21	Boston [Mass.]	001711043	ark:/81055/vdc_00000005C31C	1879	http://www.flickr.com/photos/britishlibrary/11272042874	1	000008	11272042874	http://farm6.staticflickr.com/5498/11272042874_3dd0d77a35_m.jpg	240	196	http://farm6.staticflickr.com/5498/11272042874_3dd0d77a35.jpg	500	408	http://farm6.staticflickr.com/5498/11272042874_3dd0d77a35_b.jpg	1024	836	http://farm6.staticflickr.com/5498/11272042874_ae23fe42a9_o.jpg	1386	1131
0	Published by the Author	History of Grafton, Worcester County, Massachusetts ... Including the genealogies of seventy-nine of the older families	PEIRCE, Frederick Clifton.		Worcester [Mass.]	002810106		1879	http://www.flickr.com/photos/britishlibrary/11272042994	1	000431	11272042994	http://farm8.staticflickr.com/7453/11272042994_fba0135fa9_m.jpg	136	240	http://farm8.staticflickr.com/7453/11272042994_fba0135fa9.jpg	283	500	http://farm8.staticflickr.com/7453/11272042994_fba0135fa9_b.jpg	579	1024	http://farm8.staticflickr.com/7453/11272042994_1fdd807d4a_o.jpg	857	1515
0		[Brazil and the Brazilians ... in historical and descriptive sketches ... Engravings.]	KIDDER, Daniel Parish and FLETCHER (James C.)		London	001961854		1879	http://www.flickr.com/photos/britishlibrary/11272087993	1	000051	11272087993	http://farm6.staticflickr.com/5545/11272087993_47338463cb_m.jpg	150	240	http://farm6.staticflickr.com/5545/11272087993_47338463cb.jpg	312	500	http://farm6.staticflickr.com/5545/11272087993_47338463cb_b.jpg	639	1024	http://farm6.staticflickr.com/5545/11272087993_f9b6e6dac6_o.jpg	855	1371
01	D. Appleton & Co.	[Appleton's European Guide Book illustrated. Including England, Scotland, and Ireland, France, Belgium, Holland, Northern and Southern Germany, Switzerland, Italy, Spain and Portugal, Russia, Denmark, Norway, and Sweden. Containing ... maps, etc.]	APPLETON, Daniel AND CO	lsidyv3cbe7355	New York; Longmans & Co	000100280	ark:/81055/vdc_00000005D9DE	1879	http://www.flickr.com/photos/britishlibrary/11272041004	1	000700	11272041004	http://farm3.staticflickr.com/2890/11272041004_4768a0f2f6_m.jpg	181	240	http://farm3.staticflickr.com/2890/11272041004_4768a0f2f6.jpg	377	500	http://farm3.staticflickr.com/2890/11272041004_4768a0f2f6_b.jpg	773	1024	http://farm3.staticflickr.com/2890/11272041004_266aac18cc_o.jpg	931	1233
01	American News Company	Round the world with General Grant. A narrative of the visit of General U. S. Grant ... to various countries ... in 1877, 1878, 1879. To which are added certain conversations with General Grant on questions connected with American politics and history ... With ... illustrations	YOUNG, John Russell.		New York	004002305		1879	http://www.flickr.com/photos/britishlibrary/11271975385	1	000229	11271975385	http://farm4.staticflickr.com/3786/11271975385_564f322a49_m.jpg	173	240	http://farm4.staticflickr.com/3786/11271975385_564f322a49.jpg	359	500	http://farm4.staticflickr.com/3786/11271975385_564f322a49_b.jpg	736	1024	http://farm4.staticflickr.com/3786/11271975385_3760fd91f8_o.jpg	1201	1670
0	Religious Tract Society	English Pictures drawn with pen and pencil	MANNING, Samuel LL.D. and GREEN (Samuel Gosnell)	lsidyv3c492c1d	London	002369135	ark:/81055/vdc_000000059460	1879	http://www.flickr.com/photos/britishlibrary/11271975495	2	000019	11271975495	http://farm4.staticflickr.com/3809/11271975495_089649a41b_m.jpg	240	206	http://farm4.staticflickr.com/3809/11271975495_089649a41b.jpg	500	429	http://farm4.staticflickr.com/3809/11271975495_089649a41b_b.jpg	1024	879	http://farm4.staticflickr.com/3809/11271975495_d9e65aa7d3_o.jpg	1360	1167
01		Knaresborough Castle Yard. (The Microcosm: and, Malcolm, a holiday-walk. A few occasional pieces.) [In verse.]			London, Bristol [printed]	001987484		1879	http://www.flickr.com/photos/britishlibrary/11272084673	1	000081	11272084673	http://farm8.staticflickr.com/7415/11272084673_69423dbdcb_m.jpg	240	156	http://farm8.staticflickr.com/7415/11272084673_69423dbdcb.jpg	500	324	http://farm8.staticflickr.com/7415/11272084673_69423dbdcb_b.jpg	1024	664	http://farm8.staticflickr.com/7415/11272084673_329268ff59_o.jpg	1515	983
0	F. W. Bird	History of the Town of Douglas, Massachusetts, from the earliest period to the close of 1878	EMERSON, William Andrew.		Boston [Mass.]	001065911		1879	http://www.flickr.com/photos/britishlibrary/11272084453	1	000122	11272084453	http://farm4.staticflickr.com/3834/11272084453_90b2cf2864_m.jpg	175	240	http://farm4.staticflickr.com/3834/11272084453_90b2cf2864.jpg	365	500	http://farm4.staticflickr.com/3834/11272084453_90b2cf2864_b.jpg	748	1024	http://farm4.staticflickr.com/3834/11272084453_5cee264f3c_o.jpg	1135	1554
0	F. W. Bird	History of the Town of Douglas, Massachusetts, from the earliest period to the close of 1878	EMERSON, William Andrew.		Boston [Mass.]	001065911		1879	http://www.flickr.com/photos/britishlibrary/11272039514	1	000279	11272039514	http://farm6.staticflickr.com/5545/11272039514_e4c30ef33a_m.jpg	170	240	http://farm6.staticflickr.com/5545/11272039514_e4c30ef33a.jpg	354	500	http://farm6.staticflickr.com/5545/11272039514_e4c30ef33a_b.jpg	725	1024	http://farm6.staticflickr.com/5545/11272039514_7b5b615433_o.jpg	1067	1507
0		Saint-Pierre de Rome. Ouvrage illustré, etc	LORBAC, Charles de.		Rome	002259706		1879	http://www.flickr.com/photos/britishlibrary/11272037774	1	000063	11272037774	http://farm6.staticflickr.com/5517/11272037774_00f98ed4c4_m.jpg	240	210	http://farm6.staticflickr.com/5517/11272037774_00f98ed4c4.jpg	500	438	http://farm6.staticflickr.com/5517/11272037774_00f98ed4c4_b.jpg	1024	898	http://farm6.staticflickr.com/5517/11272037774_f23d540368_o.jpg	1182	1037
01		Paris à travers les siècles. Histoire nationale de Paris et des Parisiens depuis la fondation de Lutèce jusqu'à nos jours, etc	GOURDON DE GENOUILLAC, Nicolas Jules Henri.		Paris	001476975		1879	http://www.flickr.com/photos/britishlibrary/11272037984	1	000819	11272037984	http://farm4.staticflickr.com/3696/11272037984_4a8b3fed91_m.jpg	240	171	http://farm4.staticflickr.com/3696/11272037984_4a8b3fed91.jpg	500	356	http://farm4.staticflickr.com/3696/11272037984_4a8b3fed91_b.jpg	1024	729	http://farm4.staticflickr.com/3696/11272037984_fa9c3b4283_o.jpg	1552	1105
0	[Ward, Lock & Co.	[Charles O'Malley, the Irish Dragoon. Edited by Harry Lorrequer. [By C. J. L.]]	LEVER, Charles James.		London,] Perth [printed	002150760		1879	http://www.flickr.com/photos/britishlibrary/11271972165	1	000072	11271972165	http://farm6.staticflickr.com/5490/11271972165_755bb0847d_m.jpg	240	170	http://farm6.staticflickr.com/5490/11271972165_755bb0847d.jpg	500	354	http://farm6.staticflickr.com/5490/11271972165_755bb0847d_b.jpg	1024	726	http://farm6.staticflickr.com/5490/11271972165_344ed85974_o.jpg	1306	926
0	Blades, East and Blades	A lecture on Pre-Adamite London, given in the Theatre of Merchant Taylors' School, ... 13th February, 1879. (Map indicating the extent of the Eocene Strata as given by Dr. A. C. Ramsey.)	NASH, Edwin.	lsidyv3ce6ecc3	enk	002607910	ark:/81055/vdc_00000005EC98	1879	http://www.flickr.com/photos/britishlibrary/11271971155	1	000033	11271971155	http://farm8.staticflickr.com/7364/11271971155_1c6c741a2c_m.jpg	239	240	http://farm8.staticflickr.com/7364/11271971155_1c6c741a2c.jpg	499	500	http://farm8.staticflickr.com/7364/11271971155_1c6c741a2c_b.jpg	1021	1024	http://farm8.staticflickr.com/7364/11271971155_98b6f05020_o.jpg	1381	1385
0	Everts & Ensign	History of Toga, Chemung, Tompkins, and Schuyler Counties, New York. With illustrations and biographical sketches of some of its prominent men and pioneers	PEIRCE, Henry B. and HURD (Duane Hamilton)		Philadelphia	002810116		1879	http://www.flickr.com/photos/britishlibrary/11272010006	2	000935	11272010006	http://farm6.staticflickr.com/5509/11272010006_a4d8f9ca6c_m.jpg	240	169	http://farm6.staticflickr.com/5509/11272010006_a4d8f9ca6c.jpg	500	352	http://farm6.staticflickr.com/5509/11272010006_a4d8f9ca6c_b.jpg	1024	721	http://farm6.staticflickr.com/5509/11272010006_d3ea26a148_o.jpg	1526	1075
0	John Murray	[The Student's Manual of Modern Geography. Mathematical, physical, and descriptive.]	BEVAN, William Latham.	lsidyv3ca2f2a9	London	000307737	ark:/81055/vdc_00000005C7F6	1879	http://www.flickr.com/photos/britishlibrary/11272009906	1	000306	11272009906	http://farm8.staticflickr.com/7336/11272009906_71f7752283_m.jpg	181	240	http://farm8.staticflickr.com/7336/11272009906_71f7752283.jpg	377	500	http://farm8.staticflickr.com/7336/11272009906_71f7752283_b.jpg	772	1024	http://farm8.staticflickr.com/7336/11272009906_8c664f29cd_o.jpg	923	1225
01	American News Company	Round the world with General Grant. A narrative of the visit of General U. S. Grant ... to various countries ... in 1877, 1878, 1879. To which are added certain conversations with General Grant on questions connected with American politics and history ... With ... illustrations	YOUNG, John Russell.		New York	004002305		1879	http://www.flickr.com/photos/britishlibrary/11272008776	1	000355	11272008776	http://farm3.staticflickr.com/2849/11272008776_a5c0cb9ed8_m.jpg	240	153	http://farm3.staticflickr.com/2849/11272008776_a5c0cb9ed8.jpg	500	319	http://farm3.staticflickr.com/2849/11272008776_a5c0cb9ed8_b.jpg	1024	654	http://farm3.staticflickr.com/2849/11272008776_43857ee31b_o.jpg	1280	817
02	American News Company	Round the world with General Grant. A narrative of the visit of General U. S. Grant ... to various countries ... in 1877, 1878, 1879. To which are added certain conversations with General Grant on questions connected with American politics and history ... With ... illustrations	YOUNG, John Russell.		New York	004002305		1879	http://www.flickr.com/photos/britishlibrary/11272034324	1	000330	11272034324	http://farm8.staticflickr.com/7303/11272034324_13d2bd88a7_m.jpg	182	240	http://farm8.staticflickr.com/7303/11272034324_13d2bd88a7.jpg	378	500	http://farm8.staticflickr.com/7303/11272034324_13d2bd88a7_b.jpg	775	1024	http://farm8.staticflickr.com/7303/11272034324_64218dd0c4_o.jpg	1250	1651
0	Marcus Ward & Co.	Our Native Land, its scenery and associations. A series of 36 water-colour sketches after Rowbotham, Read, Needham, and other eminent artists. With descriptive notes. [The author of the text identified on the wrapper of pt. 1 as “the author of By Loch and by Land”, i.e. Jean L. Watson.]	WATSON, Jean L.		London	001140593		1879	http://www.flickr.com/photos/britishlibrary/11272033894	1	000228	11272033894	http://farm8.staticflickr.com/7415/11272033894_7cea3f20f5_m.jpg	128	240	http://farm8.staticflickr.com/7415/11272033894_7cea3f20f5.jpg	266	500	http://farm8.staticflickr.com/7415/11272033894_7cea3f20f5_b.jpg	544	1024	http://farm8.staticflickr.com/7415/11272033894_3124b30553_o.jpg	746	1403
0		The Illustrated Guide to Sheffield and the surrounding district, etc	TAYLOR, John of Sheffield		Sheffield	003589731		1879	http://www.flickr.com/photos/britishlibrary/11272006836	1	000175	11272006836	http://farm4.staticflickr.com/3775/11272006836_edeb421b1c_m.jpg	164	240	http://farm4.staticflickr.com/3775/11272006836_edeb421b1c.jpg	342	500	http://farm4.staticflickr.com/3775/11272006836_edeb421b1c_b.jpg	701	1024	http://farm4.staticflickr.com/3775/11272006836_0ec1edb124_o.jpg	968	1415
0		[Brazil and the Brazilians ... in historical and descriptive sketches ... Engravings.]	KIDDER, Daniel Parish and FLETCHER (James C.)		London	001961854		1879	http://www.flickr.com/photos/britishlibrary/11272006656	1	000583	11272006656	http://farm4.staticflickr.com/3751/11272006656_cf1d33bf7b_m.jpg	240	155	http://farm4.staticflickr.com/3751/11272006656_cf1d33bf7b.jpg	500	324	http://farm4.staticflickr.com/3751/11272006656_cf1d33bf7b_b.jpg	1024	663	http://farm4.staticflickr.com/3751/11272006656_274eccbf0d_o.jpg	1346	871
01	American News Company	Round the world with General Grant. A narrative of the visit of General U. S. Grant ... to various countries ... in 1877, 1878, 1879. To which are added certain conversations with General Grant on questions connected with American politics and history ... With ... illustrations	YOUNG, John Russell.		New York	004002305		1879	http://www.flickr.com/photos/britishlibrary/11272077583	1	000245	11272077583	http://farm4.staticflickr.com/3727/11272077583_c8b5831569_m.jpg	146	240	http://farm4.staticflickr.com/3727/11272077583_c8b5831569.jpg	304	500	http://farm4.staticflickr.com/3727/11272077583_c8b5831569_b.jpg	623	1024	http://farm4.staticflickr.com/3727/11272077583_e92fc2e06e_o.jpg	1043	1713
02	L. H. Everts	History of the Connecticut Valley in Massachusetts (by N. B. Sylvester), with illustrations and biographical sketches of some of its prominent men and pioneers [by other authors]	SYLVESTER, Nathaniel Bartlett.		Philadelphia	003562080		1879	http://www.flickr.com/photos/britishlibrary/11272005506	1	000433	11272005506	http://farm8.staticflickr.com/7345/11272005506_64e379d780_m.jpg	240	203	http://farm8.staticflickr.com/7345/11272005506_64e379d780.jpg	500	424	http://farm8.staticflickr.com/7345/11272005506_64e379d780_b.jpg	1024	868	http://farm8.staticflickr.com/7345/11272005506_52807029ef_o.jpg	1458	1236
0		Up the Amazon and Madeira Rivers, through Bolivia and Peru	MATHEWS, Edward Davis.		London	002421157		1879	http://www.flickr.com/photos/britishlibrary/11271966215	1	000053	11271966215	http://farm8.staticflickr.com/7351/11271966215_22c658f718_m.jpg	176	240	http://farm8.staticflickr.com/7351/11271966215_22c658f718.jpg	367	500	http://farm8.staticflickr.com/7351/11271966215_22c658f718_b.jpg	751	1024	http://farm8.staticflickr.com/7351/11271966215_e8e385950a_o.jpg	980	1337
0	Macmillan and Co.	The Arctic Voyages of A. E. Nordenskiöld. 1858-1879. With illustrations and maps	LESLIE, Alexander of Aberdeen		London	002142895		1879	http://www.flickr.com/photos/britishlibrary/11271966075	1	000076	11271966075	http://farm8.staticflickr.com/7456/11271966075_9d42d2d4de_m.jpg	156	240	http://farm8.staticflickr.com/7456/11271966075_9d42d2d4de.jpg	326	500	http://farm8.staticflickr.com/7456/11271966075_9d42d2d4de_b.jpg	667	1024	http://farm8.staticflickr.com/7456/11271966075_5aa13621f3_o.jpg	835	1281
0	Everts & Ensign	History of Toga, Chemung, Tompkins, and Schuyler Counties, New York. With illustrations and biographical sketches of some of its prominent men and pioneers	PEIRCE, Henry B. and HURD (Duane Hamilton)		Philadelphia	002810116		1879	http://www.flickr.com/photos/britishlibrary/11272004066	1	000562	11272004066	http://farm6.staticflickr.com/5478/11272004066_ecbc02df1d_m.jpg	240	186	http://farm6.staticflickr.com/5478/11272004066_ecbc02df1d.jpg	500	387	http://farm6.staticflickr.com/5478/11272004066_ecbc02df1d_b.jpg	1024	793	http://farm6.staticflickr.com/5478/11272004066_e4e9d80380_o.jpg	1262	977
02	D. Appleton & Co.	[Appleton's European Guide Book illustrated. Including England, Scotland, and Ireland, France, Belgium, Holland, Northern and Southern Germany, Switzerland, Italy, Spain and Portugal, Russia, Denmark, Norway, and Sweden. Containing ... maps, etc.]	APPLETON, Daniel AND CO	lsidyv3cbe7355	New York; Longmans & Co	000100280	ark:/81055/vdc_00000005D9DE	1879	http://www.flickr.com/photos/britishlibrary/11271964815	1	000633	11271964815	http://farm3.staticflickr.com/2816/11271964815_1774005718_m.jpg	184	240	http://farm3.staticflickr.com/2816/11271964815_1774005718.jpg	382	500	http://farm3.staticflickr.com/2816/11271964815_1774005718_b.jpg	783	1024	http://farm3.staticflickr.com/2816/11271964815_6535600b8c_o.jpg	982	1284
01	Tinsley Brothers	Berlin under the New Empire, its institutions, inhabitants, industry ... With ... engravings, etc	VIZETELLY, Henry.		London	003807524		1879	http://www.flickr.com/photos/britishlibrary/11272029694	1	000193	11272029694	http://farm6.staticflickr.com/5537/11272029694_aeb1ce946e_m.jpg	240	211	http://farm6.staticflickr.com/5537/11272029694_aeb1ce946e.jpg	500	439	http://farm6.staticflickr.com/5537/11272029694_aeb1ce946e_b.jpg	1024	899	http://farm6.staticflickr.com/5537/11272029694_5f892d7789_o.jpg	1167	1025
01	Tinsley Brothers	Berlin under the New Empire, its institutions, inhabitants, industry ... With ... engravings, etc	VIZETELLY, Henry.		London	003807524		1879	http://www.flickr.com/photos/britishlibrary/11272002416	1	000434	11272002416	http://farm3.staticflickr.com/2846/11272002416_2814881be1_m.jpg	240	194	http://farm3.staticflickr.com/2846/11272002416_2814881be1.jpg	500	404	http://farm3.staticflickr.com/2846/11272002416_2814881be1_b.jpg	1024	828	http://farm3.staticflickr.com/2846/11272002416_c69c28f1a1_o.jpg	1163	940
0	[Ward, Lock & Co.	[Charles O'Malley, the Irish Dragoon. Edited by Harry Lorrequer. [By C. J. L.]]	LEVER, Charles James.		London,] Perth [printed	002150760		1879	http://www.flickr.com/photos/britishlibrary/11272001356	1	000249	11272001356	http://farm8.staticflickr.com/7397/11272001356_c37028e7fb_m.jpg	135	240	http://farm8.staticflickr.com/7397/11272001356_c37028e7fb.jpg	280	500	http://farm8.staticflickr.com/7397/11272001356_c37028e7fb_b.jpg	574	1024	http://farm8.staticflickr.com/7397/11272001356_6c24e1751a_o.jpg	772	1378
0	Everts & Ensign	History of Toga, Chemung, Tompkins, and Schuyler Counties, New York. With illustrations and biographical sketches of some of its prominent men and pioneers	PEIRCE, Henry B. and HURD (Duane Hamilton)		Philadelphia	002810116		1879	http://www.flickr.com/photos/britishlibrary/11272072533	1	000215	11272072533	http://farm6.staticflickr.com/5498/11272072533_9b87675e1f_m.jpg	203	240	http://farm6.staticflickr.com/5498/11272072533_9b87675e1f.jpg	423	500	http://farm6.staticflickr.com/5498/11272072533_9b87675e1f_b.jpg	867	1024	http://farm6.staticflickr.com/5498/11272072533_aeaf1803fd_o.jpg	1300	1535
0	[Ward, Lock & Co.	[Charles O'Malley, the Irish Dragoon. Edited by Harry Lorrequer. [By C. J. L.]]	LEVER, Charles James.		London,] Perth [printed	002150760		1879	http://www.flickr.com/photos/britishlibrary/11272071823	1	000334	11272071823	http://farm8.staticflickr.com/7392/11272071823_67eb460152_m.jpg	240	176	http://farm8.staticflickr.com/7392/11272071823_67eb460152.jpg	500	367	http://farm8.staticflickr.com/7392/11272071823_67eb460152_b.jpg	1024	751	http://farm8.staticflickr.com/7392/11272071823_3a4eec43ca_o.jpg	1195	876
01	William Mackenzie	The National Burns. Edited by Rev. George Gilfillan, including the airs of all the songs, and an original life of Burns by the editor. [With plates, including portraits.]	Burns, Robert		Glasgow	000543200		1879	http://www.flickr.com/photos/britishlibrary/11272070883	1	000310	11272070883	http://farm3.staticflickr.com/2860/11272070883_3c9fe0c2a1_m.jpg	240	240	http://farm3.staticflickr.com/2860/11272070883_3c9fe0c2a1.jpg	500	500	http://farm3.staticflickr.com/2860/11272070883_3c9fe0c2a1_b.jpg	1023	1024	http://farm3.staticflickr.com/2860/11272070883_16b1181169_o.jpg	1465	1467
0	E. Marlborough & Co.	Popular Guide up the Thames, to Kew, Richmond, Twickenham and Hampton Court			London	003605985		1879	http://www.flickr.com/photos/britishlibrary/11271999996	1	000028	11271999996	http://farm6.staticflickr.com/5506/11271999996_8d4d23dcdc_m.jpg	224	240	http://farm6.staticflickr.com/5506/11271999996_8d4d23dcdc.jpg	467	500	http://farm6.staticflickr.com/5506/11271999996_8d4d23dcdc_b.jpg	957	1024	http://farm6.staticflickr.com/5506/11271999996_0577e62e63_o.jpg	1063	1137
0		Trois Voyages dans l'Afrique Occidentale ... Ouvrage contenant 24 gravures et une carte	MARCHE, Alfred.		Paris	002377164		1879	http://www.flickr.com/photos/britishlibrary/11271961125	1	000145	11271961125	http://farm4.staticflickr.com/3815/11271961125_1bb5b00d94_m.jpg	240	230	http://farm4.staticflickr.com/3815/11271961125_1bb5b00d94.jpg	500	479	http://farm4.staticflickr.com/3815/11271961125_1bb5b00d94_b.jpg	1024	980	http://farm4.staticflickr.com/3815/11271961125_d44d98f3a1_o.jpg	1098	1051
02	L. H. Everts	History of the Connecticut Valley in Massachusetts (by N. B. Sylvester), with illustrations and biographical sketches of some of its prominent men and pioneers [by other authors]	SYLVESTER, Nathaniel Bartlett.		Philadelphia	003562080		1879	http://www.flickr.com/photos/britishlibrary/11272069723	1	000726	11272069723	http://farm6.staticflickr.com/5474/11272069723_c5819699c0_m.jpg	240	203	http://farm6.staticflickr.com/5474/11272069723_c5819699c0.jpg	500	423	http://farm6.staticflickr.com/5474/11272069723_c5819699c0_b.jpg	1024	866	http://farm6.staticflickr.com/5474/11272069723_047170897e_o.jpg	1443	1220
0	Union Historical Co.	The History of Warren County ... Illustrated			Des Moines	003854638		1879	http://www.flickr.com/photos/britishlibrary/11272024424	1	000305	11272024424	http://farm4.staticflickr.com/3722/11272024424_4e37c40614_m.jpg	240	180	http://farm4.staticflickr.com/3722/11272024424_4e37c40614.jpg	500	376	http://farm4.staticflickr.com/3722/11272024424_4e37c40614_b.jpg	1024	770	http://farm4.staticflickr.com/3722/11272024424_d0dd700c09_o.jpg	1696	1275
0	Published by the Author	History of Grafton, Worcester County, Massachusetts ... Including the genealogies of seventy-nine of the older families	PEIRCE, Frederick Clifton.		Worcester [Mass.]	002810106		1879	http://www.flickr.com/photos/britishlibrary/11271997576	1	000385	11271997576	http://farm6.staticflickr.com/5524/11271997576_5bacf81504_m.jpg	174	240	http://farm6.staticflickr.com/5524/11271997576_5bacf81504.jpg	362	500	http://farm6.staticflickr.com/5524/11271997576_5bacf81504_b.jpg	742	1024	http://farm6.staticflickr.com/5524/11271997576_17afec01c4_o.jpg	1091	1505
02		Histoire générale des peuples anciens et modernes	GIGAULT DE LA BÉDOLLIÈRE, Émile.		Paris	001419243		1879	http://www.flickr.com/photos/britishlibrary/11272023544	1	000089	11272023544	http://farm4.staticflickr.com/3740/11272023544_c33fffd456_m.jpg	240	224	http://farm4.staticflickr.com/3740/11272023544_c33fffd456.jpg	500	466	http://farm4.staticflickr.com/3740/11272023544_c33fffd456_b.jpg	1024	954	http://farm4.staticflickr.com/3740/11272023544_d3c39c87db_o.jpg	1422	1325
0	C. R. Barns	Switzler's Illustrated History of Missouri, from 1541 to 1877, etc. [Edited by C. R. Barns. From the larger work edited by him, entitled: “The Commonwealth of Missouri.”]	BARNS, Chancy R.		Saint Louis	000206134		1879	http://www.flickr.com/photos/britishlibrary/11271995866	1	000042	11271995866	http://farm6.staticflickr.com/5480/11271995866_aa85f1738e_m.jpg	184	240	http://farm6.staticflickr.com/5480/11271995866_aa85f1738e.jpg	384	500	http://farm6.staticflickr.com/5480/11271995866_aa85f1738e_b.jpg	787	1024	http://farm6.staticflickr.com/5480/11271995866_de7f986b9e_o.jpg	1216	1582
02		Sahărâ und Sûdân. Ergebnisse sechsjähriger Reisen in Afrika. (Thl. 3 herausgegeben von E. Groddeck.)	NACHTIGAL, Gustav.		Berlin	002599811		1879	http://www.flickr.com/photos/britishlibrary/11271958125	1	000592	11271958125	http://farm4.staticflickr.com/3691/11271958125_a9058d5b1e_m.jpg	240	238	http://farm4.staticflickr.com/3691/11271958125_a9058d5b1e.jpg	500	496	http://farm4.staticflickr.com/3691/11271958125_a9058d5b1e_b.jpg	1024	1015	http://farm4.staticflickr.com/3691/11271958125_708223ba5a_o.jpg	1103	1093
0	Netherton & Worth	[Peeps into the Haunts and Homes of the Rural Population of Cornwall. Being reminiscences of Cornish character and characteristics, etc.]	TREGELLAS, John Tabois.	lsidyv3c0f7179	Truro	003669474	ark:/81055/vdc_00000005644E	1879	http://www.flickr.com/photos/britishlibrary/11272065683	2	000099	11272065683	http://farm4.staticflickr.com/3804/11272065683_74fbb2ec1f_m.jpg	240	212	http://farm4.staticflickr.com/3804/11272065683_74fbb2ec1f.jpg	500	442	http://farm4.staticflickr.com/3804/11272065683_74fbb2ec1f_b.jpg	1024	906	http://farm4.staticflickr.com/3804/11272065683_d214022d1b_o.jpg	1198	1060
02	American News Company	Round the world with General Grant. A narrative of the visit of General U. S. Grant ... to various countries ... in 1877, 1878, 1879. To which are added certain conversations with General Grant on questions connected with American politics and history ... With ... illustrations	YOUNG, John Russell.		New York	004002305		1879	http://www.flickr.com/photos/britishlibrary/11272065543	1	000128	11272065543	http://farm6.staticflickr.com/5529/11272065543_849d079fa2_m.jpg	164	240	http://farm6.staticflickr.com/5529/11272065543_849d079fa2.jpg	342	500	http://farm6.staticflickr.com/5529/11272065543_849d079fa2_b.jpg	701	1024	http://farm6.staticflickr.com/5529/11272065543_8b7f439e25_o.jpg	1095	1599
01	American News Company	Round the world with General Grant. A narrative of the visit of General U. S. Grant ... to various countries ... in 1877, 1878, 1879. To which are added certain conversations with General Grant on questions connected with American politics and history ... With ... illustrations	YOUNG, John Russell.		New York	004002305		1879	http://www.flickr.com/photos/britishlibrary/11271994466	1	000517	11271994466	http://farm6.staticflickr.com/5487/11271994466_58ab90a5f2_m.jpg	240	197	http://farm6.staticflickr.com/5487/11271994466_58ab90a5f2.jpg	500	411	http://farm6.staticflickr.com/5487/11271994466_58ab90a5f2_b.jpg	1024	842	http://farm6.staticflickr.com/5487/11271994466_406b02f9b0_o.jpg	1408	1158
01		A magyar nemzet története. I. kötet írta Bodon J. és Dr. Szalay J. (II.-IV.) kötet, írta Dr. Szalay J.) [With portraits.]	BODON, József and SZALAY (József)		Budapest	000389221		1879	http://www.flickr.com/photos/britishlibrary/11271954385	1	000061	11271954385	http://farm6.staticflickr.com/5492/11271954385_2cdaa2b1c7_m.jpg	240	223	http://farm6.staticflickr.com/5492/11271954385_2cdaa2b1c7.jpg	500	464	http://farm6.staticflickr.com/5492/11271954385_2cdaa2b1c7_b.jpg	1024	951	http://farm6.staticflickr.com/5492/11271954385_cbb4c06249_o.jpg	1358	1261
0		The Wild Man at Home: or, pictures of life in savage lands ... With woodcuts ... and coloured illustrations	GREENWOOD, James Novelist	lsidyv2af6fa2f	London, Edinburgh	001503444	ark:/81055/vdc_0000000519A2	1879	http://www.flickr.com/photos/britishlibrary/11271993116	1	000441	11271993116	http://farm6.staticflickr.com/5535/11271993116_b6dd403eb1_m.jpg	240	171	http://farm6.staticflickr.com/5535/11271993116_b6dd403eb1.jpg	500	356	http://farm6.staticflickr.com/5535/11271993116_b6dd403eb1_b.jpg	1024	729	http://farm6.staticflickr.com/5535/11271993116_a502d9fa9f_o.jpg	1365	972
01		The Australian abroad. Branches from the Main Routes round the World. [Reprinted from the Melbourne “Argus.” With illustrations.] 2 series	HINGSTON, James.	lsidyv3cbf9abe	London	001689101	ark:/81055/vdc_00000005DA7A	1879	http://www.flickr.com/photos/britishlibrary/11271954045	1	000235	11271954045	http://farm4.staticflickr.com/3710/11271954045_c48500848b_m.jpg	148	240	http://farm4.staticflickr.com/3710/11271954045_c48500848b.jpg	309	500	http://farm4.staticflickr.com/3710/11271954045_c48500848b_b.jpg	633	1024	http://farm4.staticflickr.com/3710/11271954045_237eef75f4_o.jpg	866	1400
02	William Mackenzie	The National Burns. Edited by Rev. George Gilfillan, including the airs of all the songs, and an original life of Burns by the editor. [With plates, including portraits.]	Burns, Robert		Glasgow	000543200		1879	http://www.flickr.com/photos/britishlibrary/11272017244	1	000047	11272017244	http://farm8.staticflickr.com/7334/11272017244_4490d50b2d_m.jpg	240	201	http://farm8.staticflickr.com/7334/11272017244_4490d50b2d.jpg	500	419	http://farm8.staticflickr.com/7334/11272017244_4490d50b2d_b.jpg	1024	858	http://farm8.staticflickr.com/7334/11272017244_f3cc45aa9a_o.jpg	1570	1315
0	W. Le Baron, Jr., & Co.	The history of McLean County, Illinois, containing a history of the County [by C. P. Merriman], its cities, towns, etc. [by J. H. Burnham, H. H. Hill, and A. W. Kellogg]	HILL, H. H. Historian		Chicago	002326542		1879	http://www.flickr.com/photos/britishlibrary/11271952425	1	000018	11271952425	http://farm8.staticflickr.com/7399/11271952425_7155ce4a8e_m.jpg	238	240	http://farm8.staticflickr.com/7399/11271952425_7155ce4a8e.jpg	496	500	http://farm8.staticflickr.com/7399/11271952425_7155ce4a8e_b.jpg	1015	1024	http://farm8.staticflickr.com/7399/11271952425_cc294e1496_o.jpg	1180	1190
02	Tinsley Brothers	Berlin under the New Empire, its institutions, inhabitants, industry ... With ... engravings, etc	VIZETELLY, Henry.		London	003807524		1879	http://www.flickr.com/photos/britishlibrary/11272018134	1	000011	11272018134	http://farm4.staticflickr.com/3734/11272018134_72146e1df0_m.jpg	240	229	http://farm4.staticflickr.com/3734/11272018134_72146e1df0.jpg	500	477	http://farm4.staticflickr.com/3734/11272018134_72146e1df0_b.jpg	1024	977	http://farm4.staticflickr.com/3734/11272018134_ed30466f72_o.jpg	1277	1218
0		A Dreamer's sketch-book ... [In verse.] With illustrations	WALTERS, Sophia Lydia.		London, Edinburgh [printed]	003845078		1879	http://www.flickr.com/photos/britishlibrary/11271989236	1	000025	11271989236	http://farm4.staticflickr.com/3700/11271989236_bb114bbe12_m.jpg	192	240	http://farm4.staticflickr.com/3700/11271989236_bb114bbe12.jpg	400	500	http://farm4.staticflickr.com/3700/11271989236_bb114bbe12_b.jpg	820	1024	http://farm4.staticflickr.com/3700/11271989236_f144500eb7_o.jpg	1100	1373
0	Religious Tract Society	The Lands of Scripture: comprising “Those Holy Fields”; “The Land of the Pharaohs” [both by S. M.]; “Pictures from Bible Lands” (edited by S. G. Green. The illustrations by E. Whymper, etc.)	MANNING, Samuel LL.D		London	002369128		1879	http://www.flickr.com/photos/britishlibrary/11272060203	1	000221	11272060203	http://farm4.staticflickr.com/3786/11272060203_e665bcd114_m.jpg	69	240	http://farm4.staticflickr.com/3786/11272060203_e665bcd114.jpg	144	500	http://farm4.staticflickr.com/3786/11272060203_e665bcd114_b.jpg	294	1024	http://farm4.staticflickr.com/3786/11272060203_6308faae57_o.jpg	577	2008
0		Sahara & Sahel. I. Un Été dans le Sahara. II. Une Année dans le Sahel. Édition illustrée d'eaux fortes ... et de quarante-cinq gravures, etc	Fromentin, Eugène		Paris	001334608		1879	http://www.flickr.com/photos/britishlibrary/11272015584	1	000383	11272015584	http://farm4.staticflickr.com/3747/11272015584_32014ff49a_m.jpg	159	240	http://farm4.staticflickr.com/3747/11272015584_32014ff49a.jpg	331	500	http://farm4.staticflickr.com/3747/11272015584_32014ff49a_b.jpg	677	1024	http://farm4.staticflickr.com/3747/11272015584_4fcdeaa837_o.jpg	1106	1673
01	American News Company	Round the world with General Grant. A narrative of the visit of General U. S. Grant ... to various countries ... in 1877, 1878, 1879. To which are added certain conversations with General Grant on questions connected with American politics and history ... With ... illustrations	YOUNG, John Russell.		New York	004002305		1879	http://www.flickr.com/photos/britishlibrary/11272014524	1	000233	11272014524	http://farm3.staticflickr.com/2835/11272014524_cd6f63801c_m.jpg	174	240	http://farm3.staticflickr.com/2835/11272014524_cd6f63801c.jpg	362	500	http://farm3.staticflickr.com/2835/11272014524_cd6f63801c_b.jpg	742	1024	http://farm3.staticflickr.com/2835/11272014524_30832d7101_o.jpg	1248	1723
0	N. D. Thompson & Co.	A Pictorial History of Texas, from the earliest visits of European adventurers to A.D. 1879 ... Third edition, ... revised	THRALL, Homer S.		St. Louis, Mo	003632148		1879	http://www.flickr.com/photos/britishlibrary/11271985846	1	000591	11271985846	http://farm6.staticflickr.com/5524/11271985846_53f6bf2b69_m.jpg	240	217	http://farm6.staticflickr.com/5524/11271985846_53f6bf2b69.jpg	500	452	http://farm6.staticflickr.com/5524/11271985846_53f6bf2b69_b.jpg	1024	925	http://farm6.staticflickr.com/5524/11271985846_eda560cae0_o.jpg	1486	1343
01	Tinsley Brothers	Berlin under the New Empire, its institutions, inhabitants, industry ... With ... engravings, etc	VIZETELLY, Henry.		London	003807524		1879	http://www.flickr.com/photos/britishlibrary/11272014324	1	000119	11272014324	http://farm4.staticflickr.com/3797/11272014324_a082b9f1a9_m.jpg	144	240	http://farm4.staticflickr.com/3797/11272014324_a082b9f1a9.jpg	299	500	http://farm4.staticflickr.com/3797/11272014324_a082b9f1a9_b.jpg	613	1024	http://farm4.staticflickr.com/3797/11272014324_545987ae15_o.jpg	827	1381
0	Waterlow & Sons	Up the River from Westminster to Windsor and Oxford; a descriptive panorama of Thames Scenery			London	003606029		1879	http://www.flickr.com/photos/britishlibrary/11271986166	1	000132	11271986166	http://farm6.staticflickr.com/5535/11271986166_6e9973d033_m.jpg	140	240	http://farm6.staticflickr.com/5535/11271986166_6e9973d033.jpg	292	500	http://farm6.staticflickr.com/5535/11271986166_6e9973d033_b.jpg	597	1024	http://farm6.staticflickr.com/5535/11271986166_6e36119753_o.jpg	861	1476
0	Waterlow & Sons	Up the River from Westminster to Windsor and Oxford; a descriptive panorama of Thames Scenery			London	003606029		1879	http://www.flickr.com/photos/britishlibrary/11272057183	1	000158	11272057183	http://farm4.staticflickr.com/3732/11272057183_2efb31d209_m.jpg	240	238	http://farm4.staticflickr.com/3732/11272057183_2efb31d209.jpg	500	496	http://farm4.staticflickr.com/3732/11272057183_2efb31d209_b.jpg	1024	1015	http://farm4.staticflickr.com/3732/11272057183_98e778dcaa_o.jpg	1273	1262
0	John Murray	[The Student's Manual of Modern Geography. Mathematical, physical, and descriptive.]	BEVAN, William Latham.	lsidyv3ca2f2a9	London	000307737	ark:/81055/vdc_00000005C7F6	1879	http://www.flickr.com/photos/britishlibrary/11271945975	1	000482	11271945975	http://farm4.staticflickr.com/3764/11271945975_be5f3c5475_m.jpg	188	240	http://farm4.staticflickr.com/3764/11271945975_be5f3c5475.jpg	391	500	http://farm4.staticflickr.com/3764/11271945975_be5f3c5475_b.jpg	800	1024	http://farm4.staticflickr.com/3764/11271945975_75e9559eec_o.jpg	957	1225
01		Paris à travers les siècles. Histoire nationale de Paris et des Parisiens depuis la fondation de Lutèce jusqu'à nos jours, etc	GOURDON DE GENOUILLAC, Nicolas Jules Henri.		Paris	001476975		1879	http://www.flickr.com/photos/britishlibrary/11272055333	1	000096	11272055333	http://farm3.staticflickr.com/2826/11272055333_de110875f4_m.jpg	240	191	http://farm3.staticflickr.com/2826/11272055333_de110875f4.jpg	500	397	http://farm3.staticflickr.com/2826/11272055333_de110875f4_b.jpg	1024	814	http://farm3.staticflickr.com/2826/11272055333_27a6e3f1e3_o.jpg	1476	1173
0	John Murray	[The Student's Manual of Modern Geography. Mathematical, physical, and descriptive.]	BEVAN, William Latham.	lsidyv3ca2f2a9	London	000307737	ark:/81055/vdc_00000005C7F6	1879	http://www.flickr.com/photos/britishlibrary/11272010864	1	000433	11272010864	http://farm8.staticflickr.com/7340/11272010864_358474da4d_m.jpg	177	240	http://farm8.staticflickr.com/7340/11272010864_358474da4d.jpg	368	500	http://farm8.staticflickr.com/7340/11272010864_358474da4d_b.jpg	754	1024	http://farm8.staticflickr.com/7340/11272010864_f4ef81127d_o.jpg	902	1225
01	D. Appleton & Co.	[Appleton's European Guide Book illustrated. Including England, Scotland, and Ireland, France, Belgium, Holland, Northern and Southern Germany, Switzerland, Italy, Spain and Portugal, Russia, Denmark, Norway, and Sweden. Containing ... maps, etc.]	APPLETON, Daniel AND CO	lsidyv3cbe7355	New York; Longmans & Co	000100280	ark:/81055/vdc_00000005D9DE	1879	http://www.flickr.com/photos/britishlibrary/11272054163	1	000624	11272054163	http://farm6.staticflickr.com/5488/11272054163_e5e98fc2e3_m.jpg	165	240	http://farm6.staticflickr.com/5488/11272054163_e5e98fc2e3.jpg	344	500	http://farm6.staticflickr.com/5488/11272054163_e5e98fc2e3_b.jpg	704	1024	http://farm6.staticflickr.com/5488/11272054163_0ef9e8eeb8_o.jpg	848	1233
02		The Borders of the Tamar and the Tavy; their natural history, etc. A new edition	STOTHARD, afterwards BRAY, Anna Eliza.	lsidyv3c4640f3	London	003517963	ark:/81055/vdc_0000000591E4	1879	http://www.flickr.com/photos/britishlibrary/11272053703	1	000421	11272053703	http://farm6.staticflickr.com/5481/11272053703_a9c3298a06_m.jpg	167	240	http://farm6.staticflickr.com/5481/11272053703_a9c3298a06.jpg	347	500	http://farm6.staticflickr.com/5481/11272053703_a9c3298a06_b.jpg	711	1024	http://farm6.staticflickr.com/5481/11272053703_641c5a662a_o.jpg	855	1232
02	American News Company	Round the world with General Grant. A narrative of the visit of General U. S. Grant ... to various countries ... in 1877, 1878, 1879. To which are added certain conversations with General Grant on questions connected with American politics and history ... With ... illustrations	YOUNG, John Russell.		New York	004002305		1879	http://www.flickr.com/photos/britishlibrary/11271982156	1	000260	11271982156	http://farm8.staticflickr.com/7448/11271982156_178232eb17_m.jpg	179	240	http://farm8.staticflickr.com/7448/11271982156_178232eb17.jpg	373	500	http://farm8.staticflickr.com/7448/11271982156_178232eb17_b.jpg	764	1024	http://farm8.staticflickr.com/7448/11271982156_1fc2cbb017_o.jpg	1245	1668
01		A magyar nemzet története. I. kötet írta Bodon J. és Dr. Szalay J. (II.-IV.) kötet, írta Dr. Szalay J.) [With portraits.]	BODON, József and SZALAY (József)		Budapest	000389221		1879	http://www.flickr.com/photos/britishlibrary/11272007744	1	000080	11272007744	http://farm8.staticflickr.com/7344/11272007744_74daa4aa04_m.jpg	240	206	http://farm8.staticflickr.com/7344/11272007744_74daa4aa04.jpg	500	430	http://farm8.staticflickr.com/7344/11272007744_74daa4aa04_b.jpg	1024	880	http://farm8.staticflickr.com/7344/11272007744_50857bedf2_o.jpg	1397	1200
01	American News Company	Round the world with General Grant. A narrative of the visit of General U. S. Grant ... to various countries ... in 1877, 1878, 1879. To which are added certain conversations with General Grant on questions connected with American politics and history ... With ... illustrations	YOUNG, John Russell.		New York	004002305		1879	http://www.flickr.com/photos/britishlibrary/11272008214	1	000449	11272008214	http://farm3.staticflickr.com/2868/11272008214_5e14fe0ba9_m.jpg	240	188	http://farm3.staticflickr.com/2868/11272008214_5e14fe0ba9.jpg	500	391	http://farm3.staticflickr.com/2868/11272008214_5e14fe0ba9_b.jpg	1024	801	http://farm3.staticflickr.com/2868/11272008214_65c28468f9_o.jpg	1325	1036
0		The Wild Man at Home: or, pictures of life in savage lands ... With woodcuts ... and coloured illustrations	GREENWOOD, James Novelist	lsidyv2af6fa2f	London, Edinburgh	001503444	ark:/81055/vdc_0000000519A2	1879	http://www.flickr.com/photos/britishlibrary/11271942385	1	000175	11271942385	http://farm4.staticflickr.com/3821/11271942385_f2748f440e_m.jpg	219	240	http://farm4.staticflickr.com/3821/11271942385_f2748f440e.jpg	456	500	http://farm4.staticflickr.com/3821/11271942385_f2748f440e_b.jpg	934	1024	http://farm4.staticflickr.com/3821/11271942385_48d1042298_o.jpg	1261	1383
01	American News Company	Round the world with General Grant. A narrative of the visit of General U. S. Grant ... to various countries ... in 1877, 1878, 1879. To which are added certain conversations with General Grant on questions connected with American politics and history ... With ... illustrations	YOUNG, John Russell.		New York	004002305		1879	http://www.flickr.com/photos/britishlibrary/11272050623	1	000483	11272050623	http://farm4.staticflickr.com/3691/11272050623_9340a8653f_m.jpg	240	172	http://farm4.staticflickr.com/3691/11272050623_9340a8653f.jpg	500	359	http://farm4.staticflickr.com/3691/11272050623_9340a8653f_b.jpg	1024	735	http://farm4.staticflickr.com/3691/11272050623_c3e26c4dac_o.jpg	1716	1232
0	Waterlow & Sons	Up the River from Westminster to Windsor and Oxford; a descriptive panorama of Thames Scenery			London	003606029		1879	http://www.flickr.com/photos/britishlibrary/11271978686	2	000144	11271978686	http://farm3.staticflickr.com/2871/11271978686_a1ce0498b5_m.jpg	188	240	http://farm3.staticflickr.com/2871/11271978686_a1ce0498b5.jpg	392	500	http://farm3.staticflickr.com/2871/11271978686_a1ce0498b5_b.jpg	803	1024	http://farm3.staticflickr.com/2871/11271978686_13104f538a_o.jpg	925	1179
0	W. Le Baron, Jr., & Co.	The history of McLean County, Illinois, containing a history of the County [by C. P. Merriman], its cities, towns, etc. [by J. H. Burnham, H. H. Hill, and A. W. Kellogg]	HILL, H. H. Historian		Chicago	002326542		1879	http://www.flickr.com/photos/britishlibrary/11272049653	1	000515	11272049653	http://farm6.staticflickr.com/5483/11272049653_ab7ef7be17_m.jpg	240	234	http://farm6.staticflickr.com/5483/11272049653_ab7ef7be17.jpg	500	487	http://farm6.staticflickr.com/5483/11272049653_ab7ef7be17_b.jpg	1024	998	http://farm6.staticflickr.com/5483/11272049653_1cb091ae7e_o.jpg	1442	1406
02	Tinsley Brothers	Berlin under the New Empire, its institutions, inhabitants, industry ... With ... engravings, etc	VIZETELLY, Henry.		London	003807524		1879	http://www.flickr.com/photos/britishlibrary/11272004384	1	000046	11272004384	http://farm3.staticflickr.com/2846/11272004384_36140e7f60_m.jpg	137	240	http://farm3.staticflickr.com/2846/11272004384_36140e7f60.jpg	286	500	http://farm3.staticflickr.com/2846/11272004384_36140e7f60_b.jpg	586	1024	http://farm3.staticflickr.com/2846/11272004384_b47168431a_o.jpg	816	1425
02	John Wiley & Sons	The Middle Kingdom; a survey of the geography, government, education, social life, arts, religion, &c. of the Chinese Empire and its inhabitants. With a new map of the Empire	WILLIAMS, Samuel Wells.		New York	003936389		1879	http://www.flickr.com/photos/britishlibrary/11271977276	1	000157	11271977276	http://farm6.staticflickr.com/5547/11271977276_53026b9db9_m.jpg	160	240	http://farm6.staticflickr.com/5547/11271977276_53026b9db9.jpg	333	500	http://farm6.staticflickr.com/5547/11271977276_53026b9db9_b.jpg	683	1024	http://farm6.staticflickr.com/5547/11271977276_1e6a999536_o.jpg	870	1304
0	Western Historical Company	The History of Jackson County, Iowa ... Illustrated			Chicago	001833692		1879	http://www.flickr.com/photos/britishlibrary/11271938755	1	000367	11271938755	http://farm6.staticflickr.com/5521/11271938755_29627b22a6_m.jpg	240	230	http://farm6.staticflickr.com/5521/11271938755_29627b22a6.jpg	500	479	http://farm6.staticflickr.com/5521/11271938755_29627b22a6_b.jpg	1024	980	http://farm6.staticflickr.com/5521/11271938755_a46e337dc2_o.jpg	1440	1378
0	Cassell, Petter, Galpin & Co.	Morocco: its people and places ... Translated by C. Rollin-Tilton. With ... illustrations	AMICIS, Edmondo de.	lsidyv3c6b00d2	London	000070870	ark:/81055/vdc_00000005AC0C	1879	http://www.flickr.com/photos/britishlibrary/11271938255	1	000070	11271938255	http://farm4.staticflickr.com/3729/11271938255_89695fb342_m.jpg	154	240	http://farm4.staticflickr.com/3729/11271938255_89695fb342.jpg	320	500	http://farm4.staticflickr.com/3729/11271938255_89695fb342_b.jpg	655	1024	http://farm4.staticflickr.com/3729/11271938255_2835fe061c_o.jpg	907	1417
0	[Ward, Lock & Co.	[Charles O'Malley, the Irish Dragoon. Edited by Harry Lorrequer. [By C. J. L.]]	LEVER, Charles James.		London,] Perth [printed	002150760		1879	http://www.flickr.com/photos/britishlibrary/11271974956	1	000074	11271974956	http://farm3.staticflickr.com/2847/11271974956_fd62884484_m.jpg	165	240	http://farm3.staticflickr.com/2847/11271974956_fd62884484.jpg	345	500	http://farm3.staticflickr.com/2847/11271974956_fd62884484_b.jpg	706	1024	http://farm3.staticflickr.com/2847/11271974956_7fe9087fef_o.jpg	901	1307
0	Macmillan and Co.	The Arctic Voyages of A. E. Nordenskiöld. 1858-1879. With illustrations and maps	LESLIE, Alexander of Aberdeen		London	002142895		1879	http://www.flickr.com/photos/britishlibrary/11272002634	1	000225	11272002634	http://farm8.staticflickr.com/7320/11272002634_dc7faeed32_m.jpg	167	240	http://farm8.staticflickr.com/7320/11272002634_dc7faeed32.jpg	347	500	http://farm8.staticflickr.com/7320/11272002634_dc7faeed32_b.jpg	711	1024	http://farm8.staticflickr.com/7320/11272002634_0b8c035255_o.jpg	1053	1517
02	American News Company	Round the world with General Grant. A narrative of the visit of General U. S. Grant ... to various countries ... in 1877, 1878, 1879. To which are added certain conversations with General Grant on questions connected with American politics and history ... With ... illustrations	YOUNG, John Russell.		New York	004002305		1879	http://www.flickr.com/photos/britishlibrary/11271974376	1	000479	11271974376	http://farm8.staticflickr.com/7323/11271974376_387daa5b57_m.jpg	240	206	http://farm8.staticflickr.com/7323/11271974376_387daa5b57.jpg	500	430	http://farm8.staticflickr.com/7323/11271974376_387daa5b57_b.jpg	1024	880	http://farm8.staticflickr.com/7323/11271974376_9039db78e8_o.jpg	1113	957
0	N. D. Thompson & Co.	A Pictorial History of Texas, from the earliest visits of European adventurers to A.D. 1879 ... Third edition, ... revised	THRALL, Homer S.		St. Louis, Mo	003632148		1879	http://www.flickr.com/photos/britishlibrary/11272001244	1	000799	11272001244	http://farm8.staticflickr.com/7382/11272001244_42664ce0ed_m.jpg	233	240	http://farm8.staticflickr.com/7382/11272001244_42664ce0ed.jpg	485	500	http://farm8.staticflickr.com/7382/11272001244_42664ce0ed_b.jpg	993	1024	http://farm8.staticflickr.com/7382/11272001244_b5392cac34_o.jpg	1145	1181
01	American News Company	Round the world with General Grant. A narrative of the visit of General U. S. Grant ... to various countries ... in 1877, 1878, 1879. To which are added certain conversations with General Grant on questions connected with American politics and history ... With ... illustrations	YOUNG, John Russell.		New York	004002305		1879	http://www.flickr.com/photos/britishlibrary/11271935425	1	000069	11271935425	http://farm8.staticflickr.com/7307/11271935425_ec909ebf56_m.jpg	143	240	http://farm8.staticflickr.com/7307/11271935425_ec909ebf56.jpg	298	500	http://farm8.staticflickr.com/7307/11271935425_ec909ebf56_b.jpg	610	1024	http://farm8.staticflickr.com/7307/11271935425_fec5fa0392_o.jpg	1008	1692
02	D. Appleton & Co.	[Appleton's European Guide Book illustrated. Including England, Scotland, and Ireland, France, Belgium, Holland, Northern and Southern Germany, Switzerland, Italy, Spain and Portugal, Russia, Denmark, Norway, and Sweden. Containing ... maps, etc.]	APPLETON, Daniel AND CO	lsidyv3cbe7355	New York; Longmans & Co	000100280	ark:/81055/vdc_00000005D9DE	1879	http://www.flickr.com/photos/britishlibrary/11271972566	1	000668	11271972566	http://farm3.staticflickr.com/2835/11271972566_9a8e213520_m.jpg	165	240	http://farm3.staticflickr.com/2835/11271972566_9a8e213520.jpg	345	500	http://farm3.staticflickr.com/2835/11271972566_9a8e213520_b.jpg	706	1024	http://farm3.staticflickr.com/2835/11271972566_041055ccf4_o.jpg	885	1284
01	Tinsley Brothers	Berlin under the New Empire, its institutions, inhabitants, industry ... With ... engravings, etc	VIZETELLY, Henry.		London	003807524		1879	http://www.flickr.com/photos/britishlibrary/11272043843	2	000163	11272043843	http://farm3.staticflickr.com/2875/11272043843_481bda333b_m.jpg	240	182	http://farm3.staticflickr.com/2875/11272043843_481bda333b.jpg	500	380	http://farm3.staticflickr.com/2875/11272043843_481bda333b_b.jpg	1024	778	http://farm3.staticflickr.com/2875/11272043843_497b2ce78c_o.jpg	1205	916
0		Saint-Pierre de Rome. Ouvrage illustré, etc	LORBAC, Charles de.		Rome	002259706		1879	http://www.flickr.com/photos/britishlibrary/11271934125	1	000235	11271934125	http://farm4.staticflickr.com/3670/11271934125_a5aa2a3281_m.jpg	240	213	http://farm4.staticflickr.com/3670/11271934125_a5aa2a3281.jpg	500	443	http://farm4.staticflickr.com/3670/11271934125_a5aa2a3281_b.jpg	1024	908	http://farm4.staticflickr.com/3670/11271934125_67d1afb217_o.jpg	1282	1137
0		Saint-Pierre de Rome. Ouvrage illustré, etc	LORBAC, Charles de.		Rome	002259706		1879	http://www.flickr.com/photos/britishlibrary/11271933225	1	000133	11271933225	http://farm4.staticflickr.com/3759/11271933225_39f71db55a_m.jpg	161	240	http://farm4.staticflickr.com/3759/11271933225_39f71db55a.jpg	336	500	http://farm4.staticflickr.com/3759/11271933225_39f71db55a_b.jpg	688	1024	http://farm4.staticflickr.com/3759/11271933225_5d8a5c4633_o.jpg	940	1400
03	London Printing & Publishing Co.	[History of the Russian Empire from its foundation by Ruric the Pirate to the accession of the Emperor Alexander II ... With ... engravings.]	TYRRELL, Henry Teacher of Elocution		London	003699637		1879	http://www.flickr.com/photos/britishlibrary/11271998184	1	000234	11271998184	http://farm8.staticflickr.com/7424/11271998184_5c2b4b8416_m.jpg	240	173	http://farm8.staticflickr.com/7424/11271998184_5c2b4b8416.jpg	500	361	http://farm8.staticflickr.com/7424/11271998184_5c2b4b8416_b.jpg	1024	739	http://farm8.staticflickr.com/7424/11271998184_10031074e4_o.jpg	1297	936
0	W. Le Baron, Jr., & Co.	The history of McLean County, Illinois, containing a history of the County [by C. P. Merriman], its cities, towns, etc. [by J. H. Burnham, H. H. Hill, and A. W. Kellogg]	HILL, H. H. Historian		Chicago	002326542		1879	http://www.flickr.com/photos/britishlibrary/11271997874	1	000082	11271997874	http://farm4.staticflickr.com/3722/11271997874_2e21024bf0_m.jpg	240	86	http://farm4.staticflickr.com/3722/11271997874_2e21024bf0.jpg	500	180	http://farm4.staticflickr.com/3722/11271997874_2e21024bf0_b.jpg	1024	369	http://farm4.staticflickr.com/3722/11271997874_1f47cec74e_o.jpg	2436	877
0	Wesleyan Conference Office	Rambles in Bible Lands	NEWTON, Richard D.D., Rector of St. Paul's Church, Philadelphia	lsidyv3ca35e3a	London	002646495	ark:/81055/vdc_00000005C826	1879	http://www.flickr.com/photos/britishlibrary/11271996854	1	000239	11271996854	http://farm4.staticflickr.com/3760/11271996854_80be53c5fa_m.jpg	240	236	http://farm4.staticflickr.com/3760/11271996854_80be53c5fa.jpg	500	491	http://farm4.staticflickr.com/3760/11271996854_80be53c5fa_b.jpg	1024	1005	http://farm4.staticflickr.com/3760/11271996854_aa10a653f3_o.jpg	1282	1258
01		Old and New London, etc	Thornbury, Walter	lsidyv3c47ab1a	London	003628788	ark:/81055/vdc_000000059328	1879	http://www.flickr.com/photos/britishlibrary/11272040663	1	000170	11272040663	http://farm4.staticflickr.com/3820/11272040663_fb8c8d71e8_m.jpg	240	95	http://farm4.staticflickr.com/3820/11272040663_fb8c8d71e8.jpg	500	197	http://farm4.staticflickr.com/3820/11272040663_fb8c8d71e8_b.jpg	1024	404	http://farm4.staticflickr.com/3820/11272040663_93875ce7ab_o.jpg	1813	716
0	Everts & Abbott	History of Hillsdale County, Michigan, with illustrations and biographical sketches of some of its prominent men, etc	Johnson, Crisfield.		Philadelphia	001884500		1879	http://www.flickr.com/photos/britishlibrary/11271968736	1	000207	11271968736	http://farm8.staticflickr.com/7319/11271968736_68a863aefa_m.jpg	240	185	http://farm8.staticflickr.com/7319/11271968736_68a863aefa.jpg	500	386	http://farm8.staticflickr.com/7319/11271968736_68a863aefa_b.jpg	1024	791	http://farm8.staticflickr.com/7319/11271968736_a7ccaf43e2_o.jpg	1202	928
0	Cassell, Petter, Galpin & Co.	Morocco: its people and places ... Translated by C. Rollin-Tilton. With ... illustrations	AMICIS, Edmondo de.	lsidyv3c6b00d2	London	000070870	ark:/81055/vdc_00000005AC0C	1879	http://www.flickr.com/photos/britishlibrary/11271995064	1	000099	11271995064	http://farm3.staticflickr.com/2825/11271995064_02c8b47ba2_m.jpg	240	139	http://farm3.staticflickr.com/2825/11271995064_02c8b47ba2.jpg	500	291	http://farm3.staticflickr.com/2825/11271995064_02c8b47ba2_b.jpg	1024	595	http://farm3.staticflickr.com/2825/11271995064_95babc6fb0_o.jpg	1905	1107
02		Sahărâ und Sûdân. Ergebnisse sechsjähriger Reisen in Afrika. (Thl. 3 herausgegeben von E. Groddeck.)	NACHTIGAL, Gustav.		Berlin	002599811		1879	http://www.flickr.com/photos/britishlibrary/11271994864	1	000551	11271994864	http://farm6.staticflickr.com/5474/11271994864_6d07c96960_m.jpg	240	110	http://farm6.staticflickr.com/5474/11271994864_6d07c96960.jpg	500	230	http://farm6.staticflickr.com/5474/11271994864_6d07c96960_b.jpg	1024	471	http://farm6.staticflickr.com/5474/11271994864_07e1c71b78_o.jpg	1600	736
01	William Mackenzie	The National Burns. Edited by Rev. George Gilfillan, including the airs of all the songs, and an original life of Burns by the editor. [With plates, including portraits.]	Burns, Robert		Glasgow	000543200		1879	http://www.flickr.com/photos/britishlibrary/11271929195	1	000350	11271929195	http://farm8.staticflickr.com/7336/11271929195_8da043e2a8_m.jpg	240	197	http://farm8.staticflickr.com/7336/11271929195_8da043e2a8.jpg	500	410	http://farm8.staticflickr.com/7336/11271929195_8da043e2a8_b.jpg	1024	839	http://farm8.staticflickr.com/7336/11271929195_49ae685a92_o.jpg	1571	1287
0	Wesleyan Conference Office	Rambles in Bible Lands	NEWTON, Richard D.D., Rector of St. Paul's Church, Philadelphia	lsidyv3ca35e3a	London	002646495	ark:/81055/vdc_00000005C826	1879	http://www.flickr.com/photos/britishlibrary/11271965886	1	000023	11271965886	http://farm8.staticflickr.com/7448/11271965886_34ce2c9014_m.jpg	240	216	http://farm8.staticflickr.com/7448/11271965886_34ce2c9014.jpg	500	450	http://farm8.staticflickr.com/7448/11271965886_34ce2c9014_b.jpg	1024	922	http://farm8.staticflickr.com/7448/11271965886_51c48df7f8_o.jpg	1528	1376
01		A magyar nemzet története. I. kötet írta Bodon J. és Dr. Szalay J. (II.-IV.) kötet, írta Dr. Szalay J.) [With portraits.]	BODON, József and SZALAY (József)		Budapest	000389221		1879	http://www.flickr.com/photos/britishlibrary/11271965866	1	000152	11271965866	http://farm6.staticflickr.com/5520/11271965866_a21460a0c8_m.jpg	240	200	http://farm6.staticflickr.com/5520/11271965866_a21460a0c8.jpg	500	416	http://farm6.staticflickr.com/5520/11271965866_a21460a0c8_b.jpg	1024	852	http://farm6.staticflickr.com/5520/11271965866_5561c78592_o.jpg	1338	1113
0	Blackie & Son	A Thousand Miles' Cruise in the Silver Cloud: from Dundee to France and back in a small boat ... Second edition	FORWELL, William.	lsidyv3c9cb959	Glasgow	001274687	ark:/81055/vdc_00000005C4CC	1879	http://www.flickr.com/photos/britishlibrary/11271965726	1	000173	11271965726	http://farm8.staticflickr.com/7301/11271965726_f1810c129c_m.jpg	189	240	http://farm8.staticflickr.com/7301/11271965726_f1810c129c.jpg	393	500	http://farm8.staticflickr.com/7301/11271965726_f1810c129c_b.jpg	805	1024	http://farm8.staticflickr.com/7301/11271965726_0096306edd_o.jpg	923	1174
01	American News Company	Round the world with General Grant. A narrative of the visit of General U. S. Grant ... to various countries ... in 1877, 1878, 1879. To which are added certain conversations with General Grant on questions connected with American politics and history ... With ... illustrations	YOUNG, John Russell.		New York	004002305		1879	http://www.flickr.com/photos/britishlibrary/11271964366	1	000412	11271964366	http://farm8.staticflickr.com/7385/11271964366_b9672ea7af_m.jpg	240	179	http://farm8.staticflickr.com/7385/11271964366_b9672ea7af.jpg	500	372	http://farm8.staticflickr.com/7385/11271964366_b9672ea7af_b.jpg	1024	762	http://farm8.staticflickr.com/7385/11271964366_eeaf0ed40c_o.jpg	1326	987
0	John Murray	[The Student's Manual of Modern Geography. Mathematical, physical, and descriptive.]	BEVAN, William Latham.	lsidyv3ca2f2a9	London	000307737	ark:/81055/vdc_00000005C7F6	1879	http://www.flickr.com/photos/britishlibrary/11271964566	1	000477	11271964566	http://farm4.staticflickr.com/3731/11271964566_d28225b37c_m.jpg	178	240	http://farm4.staticflickr.com/3731/11271964566_d28225b37c.jpg	371	500	http://farm4.staticflickr.com/3731/11271964566_d28225b37c_b.jpg	759	1024	http://farm4.staticflickr.com/3731/11271964566_fe7a858f63_o.jpg	908	1225
0	F. W. Bird	History of the Town of Douglas, Massachusetts, from the earliest period to the close of 1878	EMERSON, William Andrew.		Boston [Mass.]	001065911		1879	http://www.flickr.com/photos/britishlibrary/11271925725	1	000085	11271925725	http://farm8.staticflickr.com/7308/11271925725_a1a65b17dc_m.jpg	240	191	http://farm8.staticflickr.com/7308/11271925725_a1a65b17dc.jpg	500	398	http://farm8.staticflickr.com/7308/11271925725_a1a65b17dc_b.jpg	1024	815	http://farm8.staticflickr.com/7308/11271925725_a0bcbf19ff_o.jpg	1423	1132
02		Danmarks og Norges Historie i Slutningen af det 16de Aarhundrede	TROELS-LUND, Troels Frederik.		Kjøbenhavn	003677661		1879	http://www.flickr.com/photos/britishlibrary/11271962916	1	000477	11271962916	http://farm4.staticflickr.com/3716/11271962916_5d40f5a77a_m.jpg	240	170	http://farm4.staticflickr.com/3716/11271962916_5d40f5a77a.jpg	500	354	http://farm4.staticflickr.com/3716/11271962916_5d40f5a77a_b.jpg	1024	725	http://farm4.staticflickr.com/3716/11271962916_2b01cda980_o.jpg	1440	1020
0		The Life of Charles Dickens ... With forty illustrations	FORSTER, John Barrister-at-Law, of the Inner Temple		Chapman & Hall, London	001272474		1879	http://www.flickr.com/photos/britishlibrary/11271990974	1	000312	11271990974	http://farm8.staticflickr.com/7388/11271990974_37d69a71b6_m.jpg	240	157	http://farm8.staticflickr.com/7388/11271990974_37d69a71b6.jpg	500	327	http://farm8.staticflickr.com/7388/11271990974_37d69a71b6_b.jpg	1024	669	http://farm8.staticflickr.com/7388/11271990974_a0143f0759_o.jpg	1518	991
0	Western Historical Company	The history of Lee County, Iowa. ... Illustrated				002109349		1879	http://www.flickr.com/photos/britishlibrary/11272033473	1	000686	11272033473	http://farm4.staticflickr.com/3741/11272033473_1b37f374df_m.jpg	240	139	http://farm4.staticflickr.com/3741/11272033473_1b37f374df.jpg	500	289	http://farm4.staticflickr.com/3741/11272033473_1b37f374df_b.jpg	1024	591	http://farm4.staticflickr.com/3741/11272033473_075ffa518b_o.jpg	1772	1023
01	D. Appleton & Co.	[Appleton's European Guide Book illustrated. Including England, Scotland, and Ireland, France, Belgium, Holland, Northern and Southern Germany, Switzerland, Italy, Spain and Portugal, Russia, Denmark, Norway, and Sweden. Containing ... maps, etc.]	APPLETON, Daniel AND CO	lsidyv3cbe7355	New York; Longmans & Co	000100280	ark:/81055/vdc_00000005D9DE	1879	http://www.flickr.com/photos/britishlibrary/11271960806	1	000004	11271960806	http://farm6.staticflickr.com/5521/11271960806_36b79fd0f1_m.jpg	172	240	http://farm6.staticflickr.com/5521/11271960806_36b79fd0f1.jpg	357	500	http://farm6.staticflickr.com/5521/11271960806_36b79fd0f1_b.jpg	732	1024	http://farm6.staticflickr.com/5521/11271960806_258a0a79d2_o.jpg	881	1233
0		The Great Eastern Railway Company's Tourist-Guide to the Continent. ... With illustrations ... and a map	LINDLEY, Percy.	lsidyv3cad916f	London	002174468	ark:/81055/vdc_00000005CE44	1879	http://www.flickr.com/photos/britishlibrary/11271988994	1	000119	11271988994	http://farm4.staticflickr.com/3719/11271988994_6a61f5f71e_m.jpg	240	213	http://farm4.staticflickr.com/3719/11271988994_6a61f5f71e.jpg	500	443	http://farm4.staticflickr.com/3719/11271988994_6a61f5f71e_b.jpg	1024	908	http://farm4.staticflickr.com/3719/11271988994_106573aa3f_o.jpg	1345	1193
02	L. H. Everts	History of the Connecticut Valley in Massachusetts (by N. B. Sylvester), with illustrations and biographical sketches of some of its prominent men and pioneers [by other authors]	SYLVESTER, Nathaniel Bartlett.		Philadelphia	003562080		1879	http://www.flickr.com/photos/britishlibrary/11271922665	1	000705	11271922665	http://farm8.staticflickr.com/7451/11271922665_cf8899d423_m.jpg	240	182	http://farm8.staticflickr.com/7451/11271922665_cf8899d423.jpg	500	379	http://farm8.staticflickr.com/7451/11271922665_cf8899d423_b.jpg	1024	776	http://farm8.staticflickr.com/7451/11271922665_738b82ea29_o.jpg	1691	1282
01	John Wiley & Sons	The Middle Kingdom; a survey of the geography, government, education, social life, arts, religion, &c. of the Chinese Empire and its inhabitants. With a new map of the Empire	WILLIAMS, Samuel Wells.		New York	003936389		1879	http://www.flickr.com/photos/britishlibrary/11272029193	1	000099	11272029193	http://farm8.staticflickr.com/7336/11272029193_238c13b05b_m.jpg	240	207	http://farm8.staticflickr.com/7336/11272029193_238c13b05b.jpg	500	431	http://farm8.staticflickr.com/7336/11272029193_238c13b05b_b.jpg	1024	882	http://farm8.staticflickr.com/7336/11272029193_6e3acea803_o.jpg	1445	1244
0	Wesleyan Conference Office	Rambles in Bible Lands	NEWTON, Richard D.D., Rector of St. Paul's Church, Philadelphia	lsidyv3ca35e3a	London	002646495	ark:/81055/vdc_00000005C826	1879	http://www.flickr.com/photos/britishlibrary/11271959506	1	000079	11271959506	http://farm4.staticflickr.com/3800/11271959506_3f297bd854_m.jpg	240	207	http://farm4.staticflickr.com/3800/11271959506_3f297bd854.jpg	500	431	http://farm4.staticflickr.com/3800/11271959506_3f297bd854_b.jpg	1024	883	http://farm4.staticflickr.com/3800/11271959506_8202e1b462_o.jpg	1568	1352
0	Cassell, Petter, Galpin & Co.	Morocco: its people and places ... Translated by C. Rollin-Tilton. With ... illustrations	AMICIS, Edmondo de.	lsidyv3c6b00d2	London	000070870	ark:/81055/vdc_00000005AC0C	1879	http://www.flickr.com/photos/britishlibrary/11272030653	1	000031	11272030653	http://farm6.staticflickr.com/5529/11272030653_026c80a52e_m.jpg	240	112	http://farm6.staticflickr.com/5529/11272030653_026c80a52e.jpg	500	233	http://farm6.staticflickr.com/5529/11272030653_026c80a52e_b.jpg	1024	478	http://farm6.staticflickr.com/5529/11272030653_a8e26858fa_o.jpg	1603	748
0	D. W. Ensign & Co.	History of Columbiana County, Ohio, with illustrations and biographical sketches of its prominent men and pioneers	MACK, Horace.		Philadelphia	002319445		1879	http://www.flickr.com/photos/britishlibrary/11271958216	1	000201	11271958216	http://farm4.staticflickr.com/3827/11271958216_d8fe9daafe_m.jpg	240	188	http://farm4.staticflickr.com/3827/11271958216_d8fe9daafe.jpg	500	391	http://farm4.staticflickr.com/3827/11271958216_d8fe9daafe_b.jpg	1024	800	http://farm4.staticflickr.com/3827/11271958216_09904113e5_o.jpg	1283	1002
02	American News Company	Round the world with General Grant. A narrative of the visit of General U. S. Grant ... to various countries ... in 1877, 1878, 1879. To which are added certain conversations with General Grant on questions connected with American politics and history ... With ... illustrations	YOUNG, John Russell.		New York	004002305		1879	http://www.flickr.com/photos/britishlibrary/11272029453	1	000668	11272029453	http://farm3.staticflickr.com/2827/11272029453_759d783ac1_m.jpg	158	240	http://farm3.staticflickr.com/2827/11272029453_759d783ac1.jpg	330	500	http://farm3.staticflickr.com/2827/11272029453_759d783ac1_b.jpg	676	1024	http://farm3.staticflickr.com/2827/11272029453_d4467558e6_o.jpg	1078	1633
0	Jarrold & Sons	John Snow's Wife; and other temperance stories. By the Rev. C. Courtenay ... and other writers	COURTENAY, Charles.		London	000801566		1879	http://www.flickr.com/photos/britishlibrary/11271918275	1	000090	11271918275	http://farm6.staticflickr.com/5544/11271918275_f7e04aa6d2_m.jpg	240	166	http://farm6.staticflickr.com/5544/11271918275_f7e04aa6d2.jpg	500	345	http://farm6.staticflickr.com/5544/11271918275_f7e04aa6d2_b.jpg	1024	707	http://farm6.staticflickr.com/5544/11271918275_38da646d86_o.jpg	1748	1207
02		The Australian abroad. Branches from the Main Routes round the World. [Reprinted from the Melbourne “Argus.” With illustrations.] 2 series	HINGSTON, James.	lsidyv3cbf9abe	London	001689101	ark:/81055/vdc_00000005DA7A	1879	http://www.flickr.com/photos/britishlibrary/11272027793	1	000236	11272027793	http://farm6.staticflickr.com/5473/11272027793_598cfab6de_m.jpg	177	240	http://farm6.staticflickr.com/5473/11272027793_598cfab6de.jpg	368	500	http://farm6.staticflickr.com/5473/11272027793_598cfab6de_b.jpg	754	1024	http://farm6.staticflickr.com/5473/11272027793_1a4605b8f8_o.jpg	1038	1410
02	American News Company	Round the world with General Grant. A narrative of the visit of General U. S. Grant ... to various countries ... in 1877, 1878, 1879. To which are added certain conversations with General Grant on questions connected with American politics and history ... With ... illustrations	YOUNG, John Russell.		New York	004002305		1879	http://www.flickr.com/photos/britishlibrary/11271918065	1	000182	11271918065	http://farm8.staticflickr.com/7371/11271918065_49e22a1953_m.jpg	105	240	http://farm8.staticflickr.com/7371/11271918065_49e22a1953.jpg	219	500	http://farm8.staticflickr.com/7371/11271918065_49e22a1953_b.jpg	448	1024	http://farm8.staticflickr.com/7371/11271918065_214d263ef6_o.jpg	723	1652
0	Western Historical Company	The History of Des Moines County, Iowa, containing a history of the county ... a biographical directory of citizens ... portraits of early settlers and prominent men ... history of Iowa, map of Des Moines County ... Illustrated			Chicago	000916004		1879	http://www.flickr.com/photos/britishlibrary/11271983114	2	000092	11271983114	http://farm3.staticflickr.com/2840/11271983114_7c560817b1_m.jpg	153	240	http://farm3.staticflickr.com/2840/11271983114_7c560817b1.jpg	319	500	http://farm3.staticflickr.com/2840/11271983114_7c560817b1_b.jpg	654	1024	http://farm3.staticflickr.com/2840/11271983114_2573ba54fc_o.jpg	1042	1632
0	E. C. Osborne	The Principles and Practice of Colliery Ventilation, etc	BAGOT, Alan.	lsidyv2c282f3d	Birmingham	000169294	ark:/81055/vdc_000000051BA0	1879	http://www.flickr.com/photos/britishlibrary/11271916915	1	000062	11271916915	http://farm8.staticflickr.com/7399/11271916915_68c958bb04_m.jpg	240	139	http://farm8.staticflickr.com/7399/11271916915_68c958bb04.jpg	500	289	http://farm8.staticflickr.com/7399/11271916915_68c958bb04_b.jpg	1024	591	http://farm8.staticflickr.com/7399/11271916915_823a6a572b_o.jpg	1598	922
0		The Illustrated Guide to Sheffield and the surrounding district, etc	TAYLOR, John of Sheffield		Sheffield	003589731		1879	http://www.flickr.com/photos/britishlibrary/11272026033	1	000159	11272026033	http://farm3.staticflickr.com/2862/11272026033_6703bd22a6_m.jpg	171	240	http://farm3.staticflickr.com/2862/11272026033_6703bd22a6.jpg	356	500	http://farm3.staticflickr.com/2862/11272026033_6703bd22a6_b.jpg	729	1024	http://farm3.staticflickr.com/2862/11272026033_7f67580b12_o.jpg	1008	1415
0	Wesleyan Conference Office	Rambles in Bible Lands	NEWTON, Richard D.D., Rector of St. Paul's Church, Philadelphia	lsidyv3ca35e3a	London	002646495	ark:/81055/vdc_00000005C826	1879	http://www.flickr.com/photos/britishlibrary/11271980804	1	000107	11271980804	http://farm6.staticflickr.com/5497/11271980804_19e76b7bd0_m.jpg	240	188	http://farm6.staticflickr.com/5497/11271980804_19e76b7bd0.jpg	500	392	http://farm6.staticflickr.com/5497/11271980804_19e76b7bd0_b.jpg	1024	803	http://farm6.staticflickr.com/5497/11271980804_99a1d9d03d_o.jpg	1546	1212
0	Macmillan and Co.	The Arctic Voyages of A. E. Nordenskiöld. 1858-1879. With illustrations and maps	LESLIE, Alexander of Aberdeen		London	002142895		1879	http://www.flickr.com/photos/britishlibrary/11271914745	1	000243	11271914745	http://farm4.staticflickr.com/3730/11271914745_93b3a0fe36_m.jpg	197	240	http://farm4.staticflickr.com/3730/11271914745_93b3a0fe36.jpg	410	500	http://farm4.staticflickr.com/3730/11271914745_93b3a0fe36_b.jpg	839	1024	http://farm4.staticflickr.com/3730/11271914745_ef6bbc2427_o.jpg	1243	1517
0	Religious Tract Society	English Pictures drawn with pen and pencil	MANNING, Samuel LL.D. and GREEN (Samuel Gosnell)	lsidyv3c492c1d	London	002369135	ark:/81055/vdc_000000059460	1879	http://www.flickr.com/photos/britishlibrary/11271979254	1	000202	11271979254	http://farm3.staticflickr.com/2820/11271979254_b8e7b4a585_m.jpg	240	188	http://farm3.staticflickr.com/2820/11271979254_b8e7b4a585.jpg	500	393	http://farm3.staticflickr.com/2820/11271979254_b8e7b4a585_b.jpg	1024	804	http://farm3.staticflickr.com/2820/11271979254_3770bf52b1_o.jpg	1645	1292
0		[Brazil and the Brazilians ... in historical and descriptive sketches ... Engravings.]	KIDDER, Daniel Parish and FLETCHER (James C.)		London	001961854		1879	http://www.flickr.com/photos/britishlibrary/11271979124	1	000160	11271979124	http://farm4.staticflickr.com/3668/11271979124_73bf869204_m.jpg	240	162	http://farm4.staticflickr.com/3668/11271979124_73bf869204.jpg	500	338	http://farm4.staticflickr.com/3668/11271979124_73bf869204_b.jpg	1024	693	http://farm4.staticflickr.com/3668/11271979124_201ca831fa_o.jpg	1265	856
02	Tinsley Brothers	Berlin under the New Empire, its institutions, inhabitants, industry ... With ... engravings, etc	VIZETELLY, Henry.		London	003807524		1879	http://www.flickr.com/photos/britishlibrary/11272022883	1	000387	11272022883	http://farm3.staticflickr.com/2879/11272022883_5e154ff8b1_m.jpg	175	240	http://farm3.staticflickr.com/2879/11272022883_5e154ff8b1.jpg	365	500	http://farm3.staticflickr.com/2879/11272022883_5e154ff8b1_b.jpg	747	1024	http://farm3.staticflickr.com/2879/11272022883_12f9608779_o.jpg	1023	1403
02	Tinsley Brothers	Berlin under the New Empire, its institutions, inhabitants, industry ... With ... engravings, etc	VIZETELLY, Henry.		London	003807524		1879	http://www.flickr.com/photos/britishlibrary/11271977554	1	000316	11271977554	http://farm4.staticflickr.com/3787/11271977554_e3ce58037e_m.jpg	240	239	http://farm4.staticflickr.com/3787/11271977554_e3ce58037e.jpg	500	499	http://farm4.staticflickr.com/3787/11271977554_e3ce58037e_b.jpg	1024	1021	http://farm4.staticflickr.com/3787/11271977554_01559f631c_o.jpg	1326	1322
01	Tinsley Brothers	Berlin under the New Empire, its institutions, inhabitants, industry ... With ... engravings, etc	VIZETELLY, Henry.		London	003807524		1879	http://www.flickr.com/photos/britishlibrary/11271950046	1	000151	11271950046	http://farm4.staticflickr.com/3712/11271950046_00e077edf3_m.jpg	240	184	http://farm4.staticflickr.com/3712/11271950046_00e077edf3.jpg	500	384	http://farm4.staticflickr.com/3712/11271950046_00e077edf3_b.jpg	1024	787	http://farm4.staticflickr.com/3712/11271950046_d8b019307a_o.jpg	1180	907
0	D. W. Ensign & Co.	History of Columbiana County, Ohio, with illustrations and biographical sketches of its prominent men and pioneers	MACK, Horace.		Philadelphia	002319445		1879	http://www.flickr.com/photos/britishlibrary/11271976664	1	000171	11271976664	http://farm3.staticflickr.com/2853/11271976664_046f83ce4b_m.jpg	240	173	http://farm3.staticflickr.com/2853/11271976664_046f83ce4b.jpg	500	360	http://farm3.staticflickr.com/2853/11271976664_046f83ce4b_b.jpg	1024	737	http://farm3.staticflickr.com/2853/11271976664_3e2ca734cd_o.jpg	1705	1227
0		Les Vieilles Villes de Suisse. Notes et souvenirs. Ouvrage illustré de 105 dessins à la plume par A. Robida reproduits en fac-simile	ROBIDA, Albert.		Paris	003121715		1879	http://www.flickr.com/photos/britishlibrary/11271975224	1	000203	11271975224	http://farm8.staticflickr.com/7317/11271975224_383123f42f_m.jpg	167	240	http://farm8.staticflickr.com/7317/11271975224_383123f42f.jpg	347	500	http://farm8.staticflickr.com/7317/11271975224_383123f42f_b.jpg	711	1024	http://farm8.staticflickr.com/7317/11271975224_9774440745_o.jpg	1061	1528
02	John Wiley & Sons	The Middle Kingdom; a survey of the geography, government, education, social life, arts, religion, &c. of the Chinese Empire and its inhabitants. With a new map of the Empire	WILLIAMS, Samuel Wells.		New York	003936389		1879	http://www.flickr.com/photos/britishlibrary/11271947206	1	000002	11271947206	http://farm3.staticflickr.com/2879/11271947206_bc63c4a920_m.jpg	240	191	http://farm3.staticflickr.com/2879/11271947206_bc63c4a920.jpg	500	399	http://farm3.staticflickr.com/2879/11271947206_bc63c4a920_b.jpg	1024	817	http://farm3.staticflickr.com/2879/11271947206_da1bde9ce5_o.jpg	1201	958
02	Tinsley Brothers	Berlin under the New Empire, its institutions, inhabitants, industry ... With ... engravings, etc	VIZETELLY, Henry.		London	003807524		1879	http://www.flickr.com/photos/britishlibrary/11271974864	1	000106	11271974864	http://farm8.staticflickr.com/7439/11271974864_b58d57482b_m.jpg	240	211	http://farm8.staticflickr.com/7439/11271974864_b58d57482b.jpg	500	440	http://farm8.staticflickr.com/7439/11271974864_b58d57482b_b.jpg	1024	901	http://farm8.staticflickr.com/7439/11271974864_eb16978281_o.jpg	1162	1022
0		Les Vieilles Villes de Suisse. Notes et souvenirs. Ouvrage illustré de 105 dessins à la plume par A. Robida reproduits en fac-simile	ROBIDA, Albert.		Paris	003121715		1879	http://www.flickr.com/photos/britishlibrary/11271945776	1	000299	11271945776	http://farm3.staticflickr.com/2830/11271945776_fe6d179dae_m.jpg	134	240	http://farm3.staticflickr.com/2830/11271945776_fe6d179dae.jpg	279	500	http://farm3.staticflickr.com/2830/11271945776_fe6d179dae_b.jpg	572	1024	http://farm3.staticflickr.com/2830/11271945776_cc61b11e59_o.jpg	907	1623
02	American News Company	Round the world with General Grant. A narrative of the visit of General U. S. Grant ... to various countries ... in 1877, 1878, 1879. To which are added certain conversations with General Grant on questions connected with American politics and history ... With ... illustrations	YOUNG, John Russell.		New York	004002305		1879	http://www.flickr.com/photos/britishlibrary/11271907965	1	000276	11271907965	http://farm6.staticflickr.com/5504/11271907965_ab96b882d2_m.jpg	240	175	http://farm6.staticflickr.com/5504/11271907965_ab96b882d2.jpg	500	364	http://farm6.staticflickr.com/5504/11271907965_ab96b882d2_b.jpg	1024	745	http://farm6.staticflickr.com/5504/11271907965_0aeb36754d_o.jpg	1665	1211
0		My desire, etc. [A novel.]	WARNER, Susan Bogert.		enk	003854100		1879	http://www.flickr.com/photos/britishlibrary/11271973654	1	000161	11271973654	http://farm6.staticflickr.com/5537/11271973654_583d05e98f_m.jpg	240	149	http://farm6.staticflickr.com/5537/11271973654_583d05e98f.jpg	500	310	http://farm6.staticflickr.com/5537/11271973654_583d05e98f_b.jpg	1024	635	http://farm6.staticflickr.com/5537/11271973654_9cb3d737b1_o.jpg	1813	1125
0	Moses King	King's Handbook of Boston. Profusely illustrated. [With a map.]	KING, Moses.		Cambridge, Mass	001968594		1879	http://www.flickr.com/photos/britishlibrary/11271944746	1	000012	11271944746	http://farm6.staticflickr.com/5472/11271944746_1ff8c15227_m.jpg	240	188	http://farm6.staticflickr.com/5472/11271944746_1ff8c15227.jpg	500	391	http://farm6.staticflickr.com/5472/11271944746_1ff8c15227_b.jpg	1024	801	http://farm6.staticflickr.com/5472/11271944746_7c04c09547_o.jpg	1446	1131
0	Everts & Abbott	History of Hillsdale County, Michigan, with illustrations and biographical sketches of some of its prominent men, etc	Johnson, Crisfield.		Philadelphia	001884500		1879	http://www.flickr.com/photos/britishlibrary/11271972164	1	000379	11271972164	http://farm4.staticflickr.com/3701/11271972164_9c2e6b2dfa_m.jpg	240	190	http://farm4.staticflickr.com/3701/11271972164_9c2e6b2dfa.jpg	500	395	http://farm4.staticflickr.com/3701/11271972164_9c2e6b2dfa_b.jpg	1024	809	http://farm4.staticflickr.com/3701/11271972164_40a7c69674_o.jpg	1241	980
0		[Brazil and the Brazilians ... in historical and descriptive sketches ... Engravings.]	KIDDER, Daniel Parish and FLETCHER (James C.)		London	001961854		1879	http://www.flickr.com/photos/britishlibrary/11271944626	1	000177	11271944626	http://farm6.staticflickr.com/5520/11271944626_5135c25d18_m.jpg	240	148	http://farm6.staticflickr.com/5520/11271944626_5135c25d18.jpg	500	308	http://farm6.staticflickr.com/5520/11271944626_5135c25d18_b.jpg	1024	630	http://farm6.staticflickr.com/5520/11271944626_2e40fdf946_o.jpg	1368	842
0	John Murray	[The Student's Manual of Modern Geography. Mathematical, physical, and descriptive.]	BEVAN, William Latham.	lsidyv3ca2f2a9	London	000307737	ark:/81055/vdc_00000005C7F6	1879	http://www.flickr.com/photos/britishlibrary/11272015083	1	000550	11272015083	http://farm4.staticflickr.com/3773/11272015083_a14a38fcae_m.jpg	175	240	http://farm4.staticflickr.com/3773/11272015083_a14a38fcae.jpg	364	500	http://farm4.staticflickr.com/3773/11272015083_a14a38fcae_b.jpg	746	1024	http://farm4.staticflickr.com/3773/11272015083_1ab7ecab41_o.jpg	892	1225
02		Danmarks og Norges Historie i Slutningen af det 16de Aarhundrede	TROELS-LUND, Troels Frederik.		Kjøbenhavn	003677661		1879	http://www.flickr.com/photos/britishlibrary/11271942956	1	000348	11271942956	http://farm6.staticflickr.com/5538/11271942956_69aa5b935d_m.jpg	240	124	http://farm6.staticflickr.com/5538/11271942956_69aa5b935d.jpg	500	259	http://farm6.staticflickr.com/5538/11271942956_69aa5b935d_b.jpg	1024	531	http://farm6.staticflickr.com/5538/11271942956_f06a487b41_o.jpg	1513	785
01	American News Company	Round the world with General Grant. A narrative of the visit of General U. S. Grant ... to various countries ... in 1877, 1878, 1879. To which are added certain conversations with General Grant on questions connected with American politics and history ... With ... illustrations	YOUNG, John Russell.		New York	004002305		1879	http://www.flickr.com/photos/britishlibrary/11271904715	1	000182	11271904715	http://farm6.staticflickr.com/5478/11271904715_ff226f57b3_m.jpg	171	240	http://farm6.staticflickr.com/5478/11271904715_ff226f57b3.jpg	356	500	http://farm6.staticflickr.com/5478/11271904715_ff226f57b3_b.jpg	729	1024	http://farm6.staticflickr.com/5478/11271904715_07d90877eb_o.jpg	1200	1686
01	Tinsley Brothers	Berlin under the New Empire, its institutions, inhabitants, industry ... With ... engravings, etc	VIZETELLY, Henry.		London	003807524		1879	http://www.flickr.com/photos/britishlibrary/11271941736	1	000038	11271941736	http://farm4.staticflickr.com/3693/11271941736_f1b40b28a0_m.jpg	240	149	http://farm4.staticflickr.com/3693/11271941736_f1b40b28a0.jpg	500	311	http://farm4.staticflickr.com/3693/11271941736_f1b40b28a0_b.jpg	1024	636	http://farm4.staticflickr.com/3693/11271941736_665431cb0f_o.jpg	1623	1008
0	Everts & Abbott	History of Hillsdale County, Michigan, with illustrations and biographical sketches of some of its prominent men, etc	Johnson, Crisfield.		Philadelphia	001884500		1879	http://www.flickr.com/photos/britishlibrary/11271941456	1	000400	11271941456	http://farm3.staticflickr.com/2891/11271941456_723a2a9ae2_m.jpg	240	200	http://farm3.staticflickr.com/2891/11271941456_723a2a9ae2.jpg	500	417	http://farm3.staticflickr.com/2891/11271941456_723a2a9ae2_b.jpg	1024	854	http://farm3.staticflickr.com/2891/11271941456_5e72f2470d_o.jpg	1201	1002
02	L. H. Everts	History of the Connecticut Valley in Massachusetts (by N. B. Sylvester), with illustrations and biographical sketches of some of its prominent men and pioneers [by other authors]	SYLVESTER, Nathaniel Bartlett.		Philadelphia	003562080		1879	http://www.flickr.com/photos/britishlibrary/11271903195	1	000563	11271903195	http://farm3.staticflickr.com/2818/11271903195_6a36b6ebdb_m.jpg	209	240	http://farm3.staticflickr.com/2818/11271903195_6a36b6ebdb.jpg	435	500	http://farm3.staticflickr.com/2818/11271903195_6a36b6ebdb_b.jpg	891	1024	http://farm3.staticflickr.com/2818/11271903195_ee7801cbac_o.jpg	975	1120
01	Tinsley Brothers	Berlin under the New Empire, its institutions, inhabitants, industry ... With ... engravings, etc	VIZETELLY, Henry.		London	003807524		1879	http://www.flickr.com/photos/britishlibrary/11271967884	1	000107	11271967884	http://farm3.staticflickr.com/2817/11271967884_c9f58eef66_m.jpg	194	240	http://farm3.staticflickr.com/2817/11271967884_c9f58eef66.jpg	405	500	http://farm3.staticflickr.com/2817/11271967884_c9f58eef66_b.jpg	829	1024	http://farm3.staticflickr.com/2817/11271967884_f27a290508_o.jpg	1150	1421
01	Tinsley Brothers	Berlin under the New Empire, its institutions, inhabitants, industry ... With ... engravings, etc	VIZETELLY, Henry.		London	003807524		1879	http://www.flickr.com/photos/britishlibrary/11271966994	1	000098	11271966994	http://farm8.staticflickr.com/7322/11271966994_5297260b46_m.jpg	192	240	http://farm8.staticflickr.com/7322/11271966994_5297260b46.jpg	399	500	http://farm8.staticflickr.com/7322/11271966994_5297260b46_b.jpg	818	1024	http://farm8.staticflickr.com/7322/11271966994_708fd07acc_o.jpg	1135	1421
0	John Murray	[The Student's Manual of Modern Geography. Mathematical, physical, and descriptive.]	BEVAN, William Latham.	lsidyv3ca2f2a9	London	000307737	ark:/81055/vdc_00000005C7F6	1879	http://www.flickr.com/photos/britishlibrary/11271939866	1	000368	11271939866	http://farm6.staticflickr.com/5542/11271939866_5f18740948_m.jpg	202	240	http://farm6.staticflickr.com/5542/11271939866_5f18740948.jpg	421	500	http://farm6.staticflickr.com/5542/11271939866_5f18740948_b.jpg	863	1024	http://farm6.staticflickr.com/5542/11271939866_9ed701a9b0_o.jpg	1032	1225
0	T. Lewis	Waltham, past and present, and its industries. With ... photographic illustrations	NELSON, Charles Alexander.		Cambridge [Mass.]	002618620		1879	http://www.flickr.com/photos/britishlibrary/11271966604	2	000027	11271966604	http://farm4.staticflickr.com/3700/11271966604_16dd0f927e_m.jpg	175	240	http://farm4.staticflickr.com/3700/11271966604_16dd0f927e.jpg	365	500	http://farm4.staticflickr.com/3700/11271966604_16dd0f927e_b.jpg	748	1024	http://farm4.staticflickr.com/3700/11271966604_dd0f5be608_o.jpg	1021	1398
01	Tinsley Brothers	Berlin under the New Empire, its institutions, inhabitants, industry ... With ... engravings, etc	VIZETELLY, Henry.		London	003807524		1879	http://www.flickr.com/photos/britishlibrary/11271899925	1	000179	11271899925	http://farm8.staticflickr.com/7408/11271899925_0ac87f2082_m.jpg	240	205	http://farm8.staticflickr.com/7408/11271899925_0ac87f2082.jpg	500	427	http://farm8.staticflickr.com/7408/11271899925_0ac87f2082_b.jpg	1024	875	http://farm8.staticflickr.com/7408/11271899925_16aa5999b4_o.jpg	1112	950
0		The China Sea Directory. Vol. II. ... Compiled in the Hydrographic Department, Admiralty. Second edition. (The present edition prepared by Staff-Commander Hitchfield.)	HITCHFIELD, John James Pearce.		London	001091965		1879	http://www.flickr.com/photos/britishlibrary/11271899585	1	000112	11271899585	http://farm6.staticflickr.com/5504/11271899585_109f68656f_m.jpg	179	240	http://farm6.staticflickr.com/5504/11271899585_109f68656f.jpg	373	500	http://farm6.staticflickr.com/5504/11271899585_109f68656f_b.jpg	764	1024	http://farm6.staticflickr.com/5504/11271899585_3473557d0b_o.jpg	1157	1551
02	Tinsley Brothers	Berlin under the New Empire, its institutions, inhabitants, industry ... With ... engravings, etc	VIZETELLY, Henry.		London	003807524		1879	http://www.flickr.com/photos/britishlibrary/11271937706	1	000115	11271937706	http://farm6.staticflickr.com/5518/11271937706_e47ecbbbd8_m.jpg	240	217	http://farm6.staticflickr.com/5518/11271937706_e47ecbbbd8.jpg	500	451	http://farm6.staticflickr.com/5518/11271937706_e47ecbbbd8_b.jpg	1024	924	http://farm6.staticflickr.com/5518/11271937706_c6db63d546_o.jpg	1127	1017
0		Materialien für den Unterricht in der Geographie nach der constructiven Methode	WENZ, Gustav Geographer		München	003889554		1879	http://www.flickr.com/photos/britishlibrary/11271963804	1	000080	11271963804	http://farm4.staticflickr.com/3672/11271963804_223ae49974_m.jpg	200	240	http://farm4.staticflickr.com/3672/11271963804_223ae49974.jpg	416	500	http://farm4.staticflickr.com/3672/11271963804_223ae49974_b.jpg	852	1024	http://farm4.staticflickr.com/3672/11271963804_5e0909c400_o.jpg	1240	1490
01	Tinsley Brothers	Berlin under the New Empire, its institutions, inhabitants, industry ... With ... engravings, etc	VIZETELLY, Henry.		London	003807524		1879	http://www.flickr.com/photos/britishlibrary/11271963624	2	000141	11271963624	http://farm4.staticflickr.com/3696/11271963624_66e66709fc_m.jpg	240	191	http://farm4.staticflickr.com/3696/11271963624_66e66709fc.jpg	500	397	http://farm4.staticflickr.com/3696/11271963624_66e66709fc_b.jpg	1024	814	http://farm4.staticflickr.com/3696/11271963624_df212f971a_o.jpg	1211	963
01		Sahărâ und Sûdân. Ergebnisse sechsjähriger Reisen in Afrika. (Thl. 3 herausgegeben von E. Groddeck.)	NACHTIGAL, Gustav.		Berlin	002599811		1879	http://www.flickr.com/photos/britishlibrary/11271963684	1	000700	11271963684	http://farm4.staticflickr.com/3834/11271963684_54f7a21d97_m.jpg	173	240	http://farm4.staticflickr.com/3834/11271963684_54f7a21d97.jpg	361	500	http://farm4.staticflickr.com/3834/11271963684_54f7a21d97_b.jpg	739	1024	http://farm4.staticflickr.com/3834/11271963684_6b3fc69d5a_o.jpg	1057	1465
02	American News Company	Round the world with General Grant. A narrative of the visit of General U. S. Grant ... to various countries ... in 1877, 1878, 1879. To which are added certain conversations with General Grant on questions connected with American politics and history ... With ... illustrations	YOUNG, John Russell.		New York	004002305		1879	http://www.flickr.com/photos/britishlibrary/11271896615	1	000484	11271896615	http://farm6.staticflickr.com/5525/11271896615_35f6292268_m.jpg	168	240	http://farm6.staticflickr.com/5525/11271896615_35f6292268.jpg	350	500	http://farm6.staticflickr.com/5525/11271896615_35f6292268_b.jpg	716	1024	http://farm6.staticflickr.com/5525/11271896615_59f6aa3bf6_o.jpg	1131	1618
01		A magyar nemzet története. I. kötet írta Bodon J. és Dr. Szalay J. (II.-IV.) kötet, írta Dr. Szalay J.) [With portraits.]	BODON, József and SZALAY (József)		Budapest	000389221		1879	http://www.flickr.com/photos/britishlibrary/11271934456	1	000063	11271934456	http://farm3.staticflickr.com/2883/11271934456_c61273f463_m.jpg	240	184	http://farm3.staticflickr.com/2883/11271934456_c61273f463.jpg	500	383	http://farm3.staticflickr.com/2883/11271934456_c61273f463_b.jpg	1024	785	http://farm3.staticflickr.com/2883/11271934456_c223459087_o.jpg	1430	1096
0	Moses King	King's Handbook of Boston. Profusely illustrated. [With a map.]	KING, Moses.		Cambridge, Mass	001968594		1879	http://www.flickr.com/photos/britishlibrary/11271961924	1	000189	11271961924	http://farm4.staticflickr.com/3711/11271961924_92c7352fb5_m.jpg	240	134	http://farm4.staticflickr.com/3711/11271961924_92c7352fb5.jpg	500	280	http://farm4.staticflickr.com/3711/11271961924_92c7352fb5_b.jpg	1024	573	http://farm4.staticflickr.com/3711/11271961924_9268f5edc9_o.jpg	1665	931
0	Moses King	King's Handbook of Boston. Profusely illustrated. [With a map.]	KING, Moses.		Cambridge, Mass	001968594		1879	http://www.flickr.com/photos/britishlibrary/11271960784	1	000219	11271960784	http://farm8.staticflickr.com/7400/11271960784_df2b7c012b_m.jpg	188	240	http://farm8.staticflickr.com/7400/11271960784_df2b7c012b.jpg	393	500	http://farm8.staticflickr.com/7400/11271960784_df2b7c012b_b.jpg	804	1024	http://farm8.staticflickr.com/7400/11271960784_917ee3c0c8_o.jpg	925	1178
0	J. Tweed	The Annals of Dumfermline and vicinity ... 1069-1878. Interspersed with ... notes, ... and ... engravings	HENDERSON, Ebenezer LL.D., F.R.A.S		Glasgow	001648659		1879	http://www.flickr.com/photos/britishlibrary/11272004483	1	000316	11272004483	http://farm8.staticflickr.com/7370/11272004483_d2a20fb13e_m.jpg	206	240	http://farm8.staticflickr.com/7370/11272004483_d2a20fb13e.jpg	428	500	http://farm8.staticflickr.com/7370/11272004483_d2a20fb13e_b.jpg	877	1024	http://farm8.staticflickr.com/7370/11272004483_da6bbd2452_o.jpg	1272	1486
02		Memorials of the Civil War between King Charles I. and the Parliament of England as it affected Herefordshire and the adjacent counties ... Edited and completed by ... T. W. Webb ... with an appendix of documents. [With illustrations.]	WEBB, John Rector of Tretyre, Herefordshire		London	003870802		1879	http://www.flickr.com/photos/britishlibrary/11271960414	1	000274	11271960414	http://farm4.staticflickr.com/3729/11271960414_d4b6b5b95c_m.jpg	170	240	http://farm4.staticflickr.com/3729/11271960414_d4b6b5b95c.jpg	354	500	http://farm4.staticflickr.com/3729/11271960414_d4b6b5b95c_b.jpg	724	1024	http://farm4.staticflickr.com/3729/11271960414_a4609de4ef_o.jpg	861	1217
02	Tinsley Brothers	Berlin under the New Empire, its institutions, inhabitants, industry ... With ... engravings, etc	VIZETELLY, Henry.		London	003807524		1879	http://www.flickr.com/photos/britishlibrary/11271932216	1	000028	11271932216	http://farm6.staticflickr.com/5499/11271932216_ff8e353630_m.jpg	155	240	http://farm6.staticflickr.com/5499/11271932216_ff8e353630.jpg	323	500	http://farm6.staticflickr.com/5499/11271932216_ff8e353630_b.jpg	661	1024	http://farm6.staticflickr.com/5499/11271932216_d9be7a4168_o.jpg	862	1336
02	J. B. Lippincott & Co.	History of Princeton and its institutions. ... Illustrated with ... engravings Second edition	HAGEMAN, John Frelinghuysen.		Philadelphia	001560548		1879	http://www.flickr.com/photos/britishlibrary/11272003383	1	000260	11272003383	http://farm4.staticflickr.com/3817/11272003383_bafd4d5674_m.jpg	240	191	http://farm4.staticflickr.com/3817/11272003383_bafd4d5674.jpg	500	397	http://farm4.staticflickr.com/3817/11272003383_bafd4d5674_b.jpg	1024	814	http://farm4.staticflickr.com/3817/11272003383_ff6a4eb03d_o.jpg	1411	1122
02	American News Company	Round the world with General Grant. A narrative of the visit of General U. S. Grant ... to various countries ... in 1877, 1878, 1879. To which are added certain conversations with General Grant on questions connected with American politics and history ... With ... illustrations	YOUNG, John Russell.		New York	004002305		1879	http://www.flickr.com/photos/britishlibrary/11271892955	1	000059	11271892955	http://farm4.staticflickr.com/3757/11271892955_6e8b785860_m.jpg	163	240	http://farm4.staticflickr.com/3757/11271892955_6e8b785860.jpg	340	500	http://farm4.staticflickr.com/3757/11271892955_6e8b785860_b.jpg	697	1024	http://farm4.staticflickr.com/3757/11271892955_eacd3da776_o.jpg	1145	1682
0	Everts & Ensign	History of Toga, Chemung, Tompkins, and Schuyler Counties, New York. With illustrations and biographical sketches of some of its prominent men and pioneers	PEIRCE, Henry B. and HURD (Duane Hamilton)		Philadelphia	002810116		1879	http://www.flickr.com/photos/britishlibrary/11271929186	1	000509	11271929186	http://farm4.staticflickr.com/3666/11271929186_a99f2b4538_m.jpg	240	162	http://farm4.staticflickr.com/3666/11271929186_a99f2b4538.jpg	500	338	http://farm4.staticflickr.com/3666/11271929186_a99f2b4538_b.jpg	1024	693	http://farm4.staticflickr.com/3666/11271929186_427569e62e_o.jpg	1737	1176
01	American News Company	Round the world with General Grant. A narrative of the visit of General U. S. Grant ... to various countries ... in 1877, 1878, 1879. To which are added certain conversations with General Grant on questions connected with American politics and history ... With ... illustrations	YOUNG, John Russell.		New York	004002305		1879	http://www.flickr.com/photos/britishlibrary/11271957314	1	000171	11271957314	http://farm4.staticflickr.com/3758/11271957314_1bd82f6208_m.jpg	240	163	http://farm4.staticflickr.com/3758/11271957314_1bd82f6208.jpg	500	340	http://farm4.staticflickr.com/3758/11271957314_1bd82f6208_b.jpg	1024	696	http://farm4.staticflickr.com/3758/11271957314_1f0d50daf9_o.jpg	1467	997
0	Macmillan and Co.	The Arctic Voyages of A. E. Nordenskiöld. 1858-1879. With illustrations and maps	LESLIE, Alexander of Aberdeen		London	002142895		1879	http://www.flickr.com/photos/britishlibrary/11272001673	1	000209	11272001673	http://farm6.staticflickr.com/5536/11272001673_9757cb2a6a_m.jpg	154	240	http://farm6.staticflickr.com/5536/11272001673_9757cb2a6a.jpg	321	500	http://farm6.staticflickr.com/5536/11272001673_9757cb2a6a_b.jpg	658	1024	http://farm6.staticflickr.com/5536/11272001673_f4096f5141_o.jpg	918	1428
0		The Wild Man at Home: or, pictures of life in savage lands ... With woodcuts ... and coloured illustrations	GREENWOOD, James Novelist	lsidyv2af6fa2f	London, Edinburgh	001503444	ark:/81055/vdc_0000000519A2	1879	http://www.flickr.com/photos/britishlibrary/11271928666	1	000219	11271928666	http://farm8.staticflickr.com/7414/11271928666_9ea7edf1de_m.jpg	170	240	http://farm8.staticflickr.com/7414/11271928666_9ea7edf1de.jpg	354	500	http://farm8.staticflickr.com/7414/11271928666_9ea7edf1de_b.jpg	726	1024	http://farm8.staticflickr.com/7414/11271928666_d4da01215e_o.jpg	910	1283
0	Western Historical Company	The history of Lee County, Iowa. ... Illustrated				002109349		1879	http://www.flickr.com/photos/britishlibrary/11271999363	1	000063	11271999363	http://farm4.staticflickr.com/3816/11271999363_874d1e3622_m.jpg	115	240	http://farm4.staticflickr.com/3816/11271999363_874d1e3622.jpg	240	500	http://farm4.staticflickr.com/3816/11271999363_874d1e3622_b.jpg	492	1024	http://farm4.staticflickr.com/3816/11271999363_df1d90f8c6_o.jpg	756	1574
0	W. Le Baron, Jr., & Co.	The history of McLean County, Illinois, containing a history of the County [by C. P. Merriman], its cities, towns, etc. [by J. H. Burnham, H. H. Hill, and A. W. Kellogg]	HILL, H. H. Historian		Chicago	002326542		1879	http://www.flickr.com/photos/britishlibrary/11271998753	1	000056	11271998753	http://farm8.staticflickr.com/7306/11271998753_e0141fe235_m.jpg	154	240	http://farm8.staticflickr.com/7306/11271998753_e0141fe235.jpg	320	500	http://farm8.staticflickr.com/7306/11271998753_e0141fe235_b.jpg	655	1024	http://farm8.staticflickr.com/7306/11271998753_a071c81c1d_o.jpg	1022	1597
02		Sahărâ und Sûdân. Ergebnisse sechsjähriger Reisen in Afrika. (Thl. 3 herausgegeben von E. Groddeck.)	NACHTIGAL, Gustav.		Berlin	002599811		1879	http://www.flickr.com/photos/britishlibrary/11271927116	1	000615	11271927116	http://farm4.staticflickr.com/3771/11271927116_b078104bf9_m.jpg	240	120	http://farm4.staticflickr.com/3771/11271927116_b078104bf9.jpg	500	250	http://farm4.staticflickr.com/3771/11271927116_b078104bf9_b.jpg	1024	513	http://farm4.staticflickr.com/3771/11271927116_7f8d18a8a5_o.jpg	1593	798
0	Western Historical Society	The History of Racine and Kenosha Counties, Wisconsin. ... Illustrated			Chicago	003024665		1879	http://www.flickr.com/photos/britishlibrary/11271998083	1	000435	11271998083	http://farm4.staticflickr.com/3779/11271998083_2070b7f6f1_m.jpg	240	218	http://farm4.staticflickr.com/3779/11271998083_2070b7f6f1.jpg	500	453	http://farm4.staticflickr.com/3779/11271998083_2070b7f6f1_b.jpg	1024	928	http://farm4.staticflickr.com/3779/11271998083_713b8d6834_o.jpg	1183	1072
0	Marcus Ward & Co.	Our Native Land, its scenery and associations. A series of 36 water-colour sketches after Rowbotham, Read, Needham, and other eminent artists. With descriptive notes. [The author of the text identified on the wrapper of pt. 1 as “the author of By Loch and by Land”, i.e. Jean L. Watson.]	WATSON, Jean L.		London	001140593		1879	http://www.flickr.com/photos/britishlibrary/11271886995	1	000195	11271886995	http://farm4.staticflickr.com/3737/11271886995_c57435f694_m.jpg	83	240	http://farm4.staticflickr.com/3737/11271886995_c57435f694.jpg	173	500	http://farm4.staticflickr.com/3737/11271886995_c57435f694_b.jpg	355	1024	http://farm4.staticflickr.com/3737/11271886995_ddd100c108_o.jpg	611	1763
0		Les Rues du vieux Paris. Galerie populaire et pittoresque ... Ouvrage illustré de 165 gravures sur bois	FOURNEL, Victor.		Paris	001279089		1879	http://www.flickr.com/photos/britishlibrary/11271925396	1	000461	11271925396	http://farm4.staticflickr.com/3759/11271925396_9d54bde14a_m.jpg	240	210	http://farm4.staticflickr.com/3759/11271925396_9d54bde14a.jpg	500	438	http://farm4.staticflickr.com/3759/11271925396_9d54bde14a_b.jpg	1024	897	http://farm4.staticflickr.com/3759/11271925396_4c20374e44_o.jpg	1173	1028
0		The Illustrated Guide to Sheffield and the surrounding district, etc	TAYLOR, John of Sheffield		Sheffield	003589731		1879	http://www.flickr.com/photos/britishlibrary/11271996323	1	000139	11271996323	http://farm3.staticflickr.com/2828/11271996323_f1851d04d3_m.jpg	188	240	http://farm3.staticflickr.com/2828/11271996323_f1851d04d3.jpg	393	500	http://farm3.staticflickr.com/2828/11271996323_f1851d04d3_b.jpg	804	1024	http://farm3.staticflickr.com/2828/11271996323_b1e585e5b3_o.jpg	1111	1415
0	Everts & Abbott	History of Hillsdale County, Michigan, with illustrations and biographical sketches of some of its prominent men, etc	Johnson, Crisfield.		Philadelphia	001884500		1879	http://www.flickr.com/photos/britishlibrary/11271924416	2	000280	11271924416	http://farm4.staticflickr.com/3745/11271924416_1231b274e0_m.jpg	240	205	http://farm4.staticflickr.com/3745/11271924416_1231b274e0.jpg	500	428	http://farm4.staticflickr.com/3745/11271924416_1231b274e0_b.jpg	1024	876	http://farm4.staticflickr.com/3745/11271924416_67210b241c_o.jpg	1166	998
01	American News Company	Round the world with General Grant. A narrative of the visit of General U. S. Grant ... to various countries ... in 1877, 1878, 1879. To which are added certain conversations with General Grant on questions connected with American politics and history ... With ... illustrations	YOUNG, John Russell.		New York	004002305		1879	http://www.flickr.com/photos/britishlibrary/11271995393	1	000659	11271995393	http://farm4.staticflickr.com/3822/11271995393_a0a1ba3d87_m.jpg	162	240	http://farm4.staticflickr.com/3822/11271995393_a0a1ba3d87.jpg	337	500	http://farm4.staticflickr.com/3822/11271995393_a0a1ba3d87_b.jpg	690	1024	http://farm4.staticflickr.com/3822/11271995393_fbc5ce1951_o.jpg	1150	1706
01	American News Company	Round the world with General Grant. A narrative of the visit of General U. S. Grant ... to various countries ... in 1877, 1878, 1879. To which are added certain conversations with General Grant on questions connected with American politics and history ... With ... illustrations	YOUNG, John Russell.		New York	004002305		1879	http://www.flickr.com/photos/britishlibrary/11271884525	1	000328	11271884525	http://farm8.staticflickr.com/7397/11271884525_baa2d30130_m.jpg	240	176	http://farm8.staticflickr.com/7397/11271884525_baa2d30130.jpg	500	368	http://farm8.staticflickr.com/7397/11271884525_baa2d30130_b.jpg	1024	753	http://farm8.staticflickr.com/7397/11271884525_e749c32ef5_o.jpg	1562	1148
01	American News Company	Round the world with General Grant. A narrative of the visit of General U. S. Grant ... to various countries ... in 1877, 1878, 1879. To which are added certain conversations with General Grant on questions connected with American politics and history ... With ... illustrations	YOUNG, John Russell.		New York	004002305		1879	http://www.flickr.com/photos/britishlibrary/11271883595	1	000285	11271883595	http://farm8.staticflickr.com/7401/11271883595_1f97d3ac92_m.jpg	240	175	http://farm8.staticflickr.com/7401/11271883595_1f97d3ac92.jpg	500	365	http://farm8.staticflickr.com/7401/11271883595_1f97d3ac92_b.jpg	1024	748	http://farm8.staticflickr.com/7401/11271883595_e08a62dde8_o.jpg	1713	1251
02		Danmarks og Norges Historie i Slutningen af det 16de Aarhundrede	TROELS-LUND, Troels Frederik.		Kjøbenhavn	003677661		1879	http://www.flickr.com/photos/britishlibrary/11271949754	1	000419	11271949754	http://farm8.staticflickr.com/7339/11271949754_1af8fefe7d_m.jpg	240	114	http://farm8.staticflickr.com/7339/11271949754_1af8fefe7d.jpg	500	237	http://farm8.staticflickr.com/7339/11271949754_1af8fefe7d_b.jpg	1024	486	http://farm8.staticflickr.com/7339/11271949754_6f7da3f98c_o.jpg	1743	828
0		Les Vieilles Villes de Suisse. Notes et souvenirs. Ouvrage illustré de 105 dessins à la plume par A. Robida reproduits en fac-simile	ROBIDA, Albert.		Paris	003121715		1879	http://www.flickr.com/photos/britishlibrary/11271949414	1	000073	11271949414	http://farm6.staticflickr.com/5494/11271949414_9ac8d9d008_m.jpg	240	135	http://farm6.staticflickr.com/5494/11271949414_9ac8d9d008.jpg	500	281	http://farm6.staticflickr.com/5494/11271949414_9ac8d9d008_b.jpg	1024	576	http://farm6.staticflickr.com/5494/11271949414_137b8e6e38_o.jpg	1441	810
0	D. W. Ensign & Co.	History of Columbiana County, Ohio, with illustrations and biographical sketches of its prominent men and pioneers	MACK, Horace.		Philadelphia	002319445		1879	http://www.flickr.com/photos/britishlibrary/11271921136	1	000223	11271921136	http://farm8.staticflickr.com/7385/11271921136_2d26c88e9e_m.jpg	168	240	http://farm8.staticflickr.com/7385/11271921136_2d26c88e9e.jpg	351	500	http://farm8.staticflickr.com/7385/11271921136_2d26c88e9e_b.jpg	718	1024	http://farm8.staticflickr.com/7385/11271921136_cef05b6f4f_o.jpg	918	1310
0	Everts & Abbott	History of Hillsdale County, Michigan, with illustrations and biographical sketches of some of its prominent men, etc	Johnson, Crisfield.		Philadelphia	001884500		1879	http://www.flickr.com/photos/britishlibrary/11271992183	1	000264	11271992183	http://farm6.staticflickr.com/5487/11271992183_384c84d159_m.jpg	240	190	http://farm6.staticflickr.com/5487/11271992183_384c84d159.jpg	500	396	http://farm6.staticflickr.com/5487/11271992183_384c84d159_b.jpg	1024	811	http://farm6.staticflickr.com/5487/11271992183_c48482db84_o.jpg	1276	1010
0		The Illustrated Guide to Sheffield and the surrounding district, etc	TAYLOR, John of Sheffield		Sheffield	003589731		1879	http://www.flickr.com/photos/britishlibrary/11271881775	1	000371	11271881775	http://farm8.staticflickr.com/7297/11271881775_1b4608faa9_m.jpg	240	188	http://farm8.staticflickr.com/7297/11271881775_1b4608faa9.jpg	500	391	http://farm8.staticflickr.com/7297/11271881775_1b4608faa9_b.jpg	1024	800	http://farm8.staticflickr.com/7297/11271881775_eaa40be641_o.jpg	1666	1302
0	Everts & Abbott	History of Hillsdale County, Michigan, with illustrations and biographical sketches of some of its prominent men, etc	Johnson, Crisfield.		Philadelphia	001884500		1879	http://www.flickr.com/photos/britishlibrary/11271880615	3	000177	11271880615	http://farm3.staticflickr.com/2836/11271880615_43fded8bd3_m.jpg	240	226	http://farm3.staticflickr.com/2836/11271880615_43fded8bd3.jpg	500	471	http://farm3.staticflickr.com/2836/11271880615_43fded8bd3_b.jpg	1024	964	http://farm3.staticflickr.com/2836/11271880615_f9dd239efb_o.jpg	1086	1022
0	J. Ferres	Synopsis of a Report on Mining in Calfornia and Nevada, U.S.A	THUREAU, G.	lsidyv3bb9b077	Melbourne	003633668	ark:/81055/vdc_00000005383E	1879	http://www.flickr.com/photos/britishlibrary/11271879855	2	000035	11271879855	http://farm6.staticflickr.com/5519/11271879855_05d616afab_m.jpg	185	240	http://farm6.staticflickr.com/5519/11271879855_05d616afab.jpg	385	500	http://farm6.staticflickr.com/5519/11271879855_05d616afab_b.jpg	788	1024	http://farm6.staticflickr.com/5519/11271879855_e62ae0a118_o.jpg	1032	1341
0	Macmillan and Co.	The Arctic Voyages of A. E. Nordenskiöld. 1858-1879. With illustrations and maps	LESLIE, Alexander of Aberdeen		London	002142895		1879	http://www.flickr.com/photos/britishlibrary/11271880025	1	000302	11271880025	http://farm8.staticflickr.com/7459/11271880025_438efce9be_m.jpg	128	240	http://farm8.staticflickr.com/7459/11271880025_438efce9be.jpg	266	500	http://farm8.staticflickr.com/7459/11271880025_438efce9be_b.jpg	545	1024	http://farm8.staticflickr.com/7459/11271880025_77229542de_o.jpg	785	1476
0		The Illustrated Guide to Sheffield and the surrounding district, etc	TAYLOR, John of Sheffield		Sheffield	003589731		1879	http://www.flickr.com/photos/britishlibrary/11271989233	1	000293	11271989233	http://farm8.staticflickr.com/7375/11271989233_89c771751c_m.jpg	190	240	http://farm8.staticflickr.com/7375/11271989233_89c771751c.jpg	396	500	http://farm8.staticflickr.com/7375/11271989233_89c771751c_b.jpg	811	1024	http://farm8.staticflickr.com/7375/11271989233_46c7eba695_o.jpg	1120	1415
01	American News Company	Round the world with General Grant. A narrative of the visit of General U. S. Grant ... to various countries ... in 1877, 1878, 1879. To which are added certain conversations with General Grant on questions connected with American politics and history ... With ... illustrations	YOUNG, John Russell.		New York	004002305		1879	http://www.flickr.com/photos/britishlibrary/11271917956	1	000161	11271917956	http://farm8.staticflickr.com/7366/11271917956_da9b8e610d_m.jpg	240	169	http://farm8.staticflickr.com/7366/11271917956_da9b8e610d.jpg	500	353	http://farm8.staticflickr.com/7366/11271917956_da9b8e610d_b.jpg	1024	723	http://farm8.staticflickr.com/7366/11271917956_d662ed3320_o.jpg	1308	923
0	John Murray	[The Student's Manual of Modern Geography. Mathematical, physical, and descriptive.]	BEVAN, William Latham.	lsidyv3ca2f2a9	London	000307737	ark:/81055/vdc_00000005C7F6	1879	http://www.flickr.com/photos/britishlibrary/11271918206	1	000209	11271918206	http://farm6.staticflickr.com/5494/11271918206_1fa5d385db_m.jpg	240	196	http://farm6.staticflickr.com/5494/11271918206_1fa5d385db.jpg	500	409	http://farm6.staticflickr.com/5494/11271918206_1fa5d385db_b.jpg	1024	837	http://farm6.staticflickr.com/5494/11271918206_5f753158ff_o.jpg	1311	1071
0	Waterlow & Sons	Up the River from Westminster to Windsor and Oxford; a descriptive panorama of Thames Scenery			London	003606029		1879	http://www.flickr.com/photos/britishlibrary/11271987543	1	000133	11271987543	http://farm4.staticflickr.com/3769/11271987543_00010bb87a_m.jpg	225	240	http://farm4.staticflickr.com/3769/11271987543_00010bb87a.jpg	469	500	http://farm4.staticflickr.com/3769/11271987543_00010bb87a_b.jpg	960	1024	http://farm4.staticflickr.com/3769/11271987543_f38125f737_o.jpg	1127	1202
0	[Ward, Lock & Co.	[Charles O'Malley, the Irish Dragoon. Edited by Harry Lorrequer. [By C. J. L.]]	LEVER, Charles James.		London,] Perth [printed	002150760		1879	http://www.flickr.com/photos/britishlibrary/11271916516	1	000061	11271916516	http://farm4.staticflickr.com/3722/11271916516_84122488bd_m.jpg	131	240	http://farm4.staticflickr.com/3722/11271916516_84122488bd.jpg	274	500	http://farm4.staticflickr.com/3722/11271916516_84122488bd_b.jpg	561	1024	http://farm4.staticflickr.com/3722/11271916516_6af51ec38c_o.jpg	805	1470
0		Viaje á la Patagonia austral emprendido bajo los auspicios del Gobierno Nacional 1876-1877. tom. 1	MORENO, Francisco Josué Pascasio.		Buenos Aires	002546654		1879	http://www.flickr.com/photos/britishlibrary/11271943644	1	000158	11271943644	http://farm3.staticflickr.com/2858/11271943644_603ce3e3bc_m.jpg	166	240	http://farm3.staticflickr.com/2858/11271943644_603ce3e3bc.jpg	347	500	http://farm3.staticflickr.com/2858/11271943644_603ce3e3bc_b.jpg	710	1024	http://farm3.staticflickr.com/2858/11271943644_cd8489d27c_o.jpg	1022	1473
02	American News Company	Round the world with General Grant. A narrative of the visit of General U. S. Grant ... to various countries ... in 1877, 1878, 1879. To which are added certain conversations with General Grant on questions connected with American politics and history ... With ... illustrations	YOUNG, John Russell.		New York	004002305		1879	http://www.flickr.com/photos/britishlibrary/11271875545	1	000574	11271875545	http://farm3.staticflickr.com/2878/11271875545_0232b8ebf9_m.jpg	174	240	http://farm3.staticflickr.com/2878/11271875545_0232b8ebf9.jpg	363	500	http://farm3.staticflickr.com/2878/11271875545_0232b8ebf9_b.jpg	744	1024	http://farm3.staticflickr.com/2878/11271875545_fb57656cca_o.jpg	1228	1690
02	Tinsley Brothers	Berlin under the New Empire, its institutions, inhabitants, industry ... With ... engravings, etc	VIZETELLY, Henry.		London	003807524		1879	http://www.flickr.com/photos/britishlibrary/11271875125	1	000381	11271875125	http://farm3.staticflickr.com/2853/11271875125_c2dc56853e_m.jpg	162	240	http://farm3.staticflickr.com/2853/11271875125_c2dc56853e.jpg	337	500	http://farm3.staticflickr.com/2853/11271875125_c2dc56853e_b.jpg	691	1024	http://farm3.staticflickr.com/2853/11271875125_1d20753d7d_o.jpg	980	1452
02	Tinsley Brothers	Berlin under the New Empire, its institutions, inhabitants, industry ... With ... engravings, etc	VIZETELLY, Henry.		London	003807524		1879	http://www.flickr.com/photos/britishlibrary/11271874975	1	000025	11271874975	http://farm8.staticflickr.com/7311/11271874975_3ef8966c01_m.jpg	240	207	http://farm8.staticflickr.com/7311/11271874975_3ef8966c01.jpg	500	431	http://farm8.staticflickr.com/7311/11271874975_3ef8966c01_b.jpg	1024	883	http://farm8.staticflickr.com/7311/11271874975_74beb86f0b_o.jpg	1110	957
0	Religious Tract Society	The Lands of Scripture: comprising “Those Holy Fields”; “The Land of the Pharaohs” [both by S. M.]; “Pictures from Bible Lands” (edited by S. G. Green. The illustrations by E. Whymper, etc.)	MANNING, Samuel LL.D		London	002369128		1879	http://www.flickr.com/photos/britishlibrary/11271984593	2	000431	11271984593	http://farm3.staticflickr.com/2812/11271984593_ecca00cd78_m.jpg	240	130	http://farm3.staticflickr.com/2812/11271984593_ecca00cd78.jpg	500	271	http://farm3.staticflickr.com/2812/11271984593_ecca00cd78_b.jpg	1024	554	http://farm3.staticflickr.com/2812/11271984593_53a67e92b5_o.jpg	1726	933
01	D. Appleton & Co.	[Appleton's European Guide Book illustrated. Including England, Scotland, and Ireland, France, Belgium, Holland, Northern and Southern Germany, Switzerland, Italy, Spain and Portugal, Russia, Denmark, Norway, and Sweden. Containing ... maps, etc.]	APPLETON, Daniel AND CO	lsidyv3cbe7355	New York; Longmans & Co	000100280	ark:/81055/vdc_00000005D9DE	1879	http://www.flickr.com/photos/britishlibrary/11271984143	1	000415	11271984143	http://farm3.staticflickr.com/2806/11271984143_cf4160d33e_m.jpg	240	160	http://farm3.staticflickr.com/2806/11271984143_cf4160d33e.jpg	500	333	http://farm3.staticflickr.com/2806/11271984143_cf4160d33e_b.jpg	1024	682	http://farm3.staticflickr.com/2806/11271984143_6ea2be7441_o.jpg	1423	948
02	American News Company	Round the world with General Grant. A narrative of the visit of General U. S. Grant ... to various countries ... in 1877, 1878, 1879. To which are added certain conversations with General Grant on questions connected with American politics and history ... With ... illustrations	YOUNG, John Russell.		New York	004002305		1879	http://www.flickr.com/photos/britishlibrary/11271940024	1	000311	11271940024	http://farm8.staticflickr.com/7447/11271940024_1e4aef567b_m.jpg	240	199	http://farm8.staticflickr.com/7447/11271940024_1e4aef567b.jpg	500	415	http://farm8.staticflickr.com/7447/11271940024_1e4aef567b_b.jpg	1024	850	http://farm8.staticflickr.com/7447/11271940024_c3fab5a2b8_o.jpg	1435	1191
0	Harper & Bros.	What Mr. Darwin saw in his Voyage round The World in the Ship “Beagle.” [Compiled and adapted from “Journal of Researches into the Geology and Natural History of the Various Countries visited by H.M.S. Beagle, etc.”]	Darwin, Charles	lsidyv3c8ea4b0	New York	000868098	ark:/81055/vdc_00000005BB84	1879	http://www.flickr.com/photos/britishlibrary/11271871525	1	000067	11271871525	http://farm8.staticflickr.com/7313/11271871525_f94446d74a_m.jpg	240	188	http://farm8.staticflickr.com/7313/11271871525_f94446d74a.jpg	500	392	http://farm8.staticflickr.com/7313/11271871525_f94446d74a_b.jpg	1024	803	http://farm8.staticflickr.com/7313/11271871525_a8a7c09834_o.jpg	1630	1278
0		[Brazil and the Brazilians ... in historical and descriptive sketches ... Engravings.]	KIDDER, Daniel Parish and FLETCHER (James C.)		London	001961854		1879	http://www.flickr.com/photos/britishlibrary/11271871605	1	000339	11271871605	http://farm4.staticflickr.com/3768/11271871605_d8873a01b9_m.jpg	138	240	http://farm4.staticflickr.com/3768/11271871605_d8873a01b9.jpg	288	500	http://farm4.staticflickr.com/3768/11271871605_d8873a01b9_b.jpg	589	1024	http://farm4.staticflickr.com/3768/11271871605_1fde58710e_o.jpg	795	1382
0	Moses King	King's Handbook of Boston. Profusely illustrated. [With a map.]	KING, Moses.		Cambridge, Mass	001968594		1879	http://www.flickr.com/photos/britishlibrary/11271982253	1	000246	11271982253	http://farm4.staticflickr.com/3670/11271982253_ecb908e9c9_m.jpg	185	240	http://farm4.staticflickr.com/3670/11271982253_ecb908e9c9.jpg	386	500	http://farm4.staticflickr.com/3670/11271982253_ecb908e9c9_b.jpg	791	1024	http://farm4.staticflickr.com/3670/11271982253_345d9c4b71_o.jpg	1088	1408
01	American News Company	Round the world with General Grant. A narrative of the visit of General U. S. Grant ... to various countries ... in 1877, 1878, 1879. To which are added certain conversations with General Grant on questions connected with American politics and history ... With ... illustrations	YOUNG, John Russell.		New York	004002305		1879	http://www.flickr.com/photos/britishlibrary/11271868865	1	000582	11271868865	http://farm8.staticflickr.com/7403/11271868865_1a6a71c932_m.jpg	240	213	http://farm8.staticflickr.com/7403/11271868865_1a6a71c932.jpg	500	443	http://farm8.staticflickr.com/7403/11271868865_1a6a71c932_b.jpg	1024	907	http://farm8.staticflickr.com/7403/11271868865_d004905aef_o.jpg	1511	1338
0	Union Historical Co.	The History of Warren County ... Illustrated			Des Moines	003854638		1879	http://www.flickr.com/photos/britishlibrary/11271869715	1	000467	11271869715	http://farm3.staticflickr.com/2879/11271869715_8be8192c96_m.jpg	240	169	http://farm3.staticflickr.com/2879/11271869715_8be8192c96.jpg	500	353	http://farm3.staticflickr.com/2879/11271869715_8be8192c96_b.jpg	1024	722	http://farm3.staticflickr.com/2879/11271869715_e0e74a2ab5_o.jpg	1531	1080
0		A Dreamer's sketch-book ... [In verse.] With illustrations	WALTERS, Sophia Lydia.		London, Edinburgh [printed]	003845078		1879	http://www.flickr.com/photos/britishlibrary/11271936824	1	000064	11271936824	http://farm3.staticflickr.com/2884/11271936824_9eef56eb20_m.jpg	238	240	http://farm3.staticflickr.com/2884/11271936824_9eef56eb20.jpg	496	500	http://farm3.staticflickr.com/2884/11271936824_9eef56eb20_b.jpg	1016	1024	http://farm3.staticflickr.com/2884/11271936824_d412d28efb_o.jpg	1336	1346
02	John Wiley & Sons	The Middle Kingdom; a survey of the geography, government, education, social life, arts, religion, &c. of the Chinese Empire and its inhabitants. With a new map of the Empire	WILLIAMS, Samuel Wells.		New York	003936389		1879	http://www.flickr.com/photos/britishlibrary/11271935304	1	000195	11271935304	http://farm4.staticflickr.com/3708/11271935304_f3c66c9575_m.jpg	175	240	http://farm4.staticflickr.com/3708/11271935304_f3c66c9575.jpg	365	500	http://farm4.staticflickr.com/3708/11271935304_f3c66c9575_b.jpg	747	1024	http://farm4.staticflickr.com/3708/11271935304_f7de7ed1bc_o.jpg	951	1304
0	Mark and Bailey	Northampton past and present, a Handy Guide Book to the town and neighbourhood			Northampton	002673317		1879	http://www.flickr.com/photos/britishlibrary/11271906886	1	000011	11271906886	http://farm4.staticflickr.com/3800/11271906886_576e07f405_m.jpg	240	150	http://farm4.staticflickr.com/3800/11271906886_576e07f405.jpg	500	313	http://farm4.staticflickr.com/3800/11271906886_576e07f405_b.jpg	1024	640	http://farm4.staticflickr.com/3800/11271906886_7eaa947bab_o.jpg	1620	1013
0	Wesleyan Conference Office	Rambles in Bible Lands	NEWTON, Richard D.D., Rector of St. Paul's Church, Philadelphia	lsidyv3ca35e3a	London	002646495	ark:/81055/vdc_00000005C826	1879	http://www.flickr.com/photos/britishlibrary/11271978133	1	000069	11271978133	http://farm4.staticflickr.com/3680/11271978133_81d69b3e7a_m.jpg	240	158	http://farm4.staticflickr.com/3680/11271978133_81d69b3e7a.jpg	500	329	http://farm4.staticflickr.com/3680/11271978133_81d69b3e7a_b.jpg	1024	673	http://farm4.staticflickr.com/3680/11271978133_bba5fa5e4d_o.jpg	1446	951
0	John Murray	[The Student's Manual of Modern Geography. Mathematical, physical, and descriptive.]	BEVAN, William Latham.	lsidyv3ca2f2a9	London	000307737	ark:/81055/vdc_00000005C7F6	1879	http://www.flickr.com/photos/britishlibrary/11271906716	1	000110	11271906716	http://farm4.staticflickr.com/3732/11271906716_fddc0baa44_m.jpg	168	240	http://farm4.staticflickr.com/3732/11271906716_fddc0baa44.jpg	350	500	http://farm4.staticflickr.com/3732/11271906716_fddc0baa44_b.jpg	716	1024	http://farm4.staticflickr.com/3732/11271906716_3e3947a2cc_o.jpg	856	1225
0		[Brazil and the Brazilians ... in historical and descriptive sketches ... Engravings.]	KIDDER, Daniel Parish and FLETCHER (James C.)		London	001961854		1879	http://www.flickr.com/photos/britishlibrary/11271976803	1	000128	11271976803	http://farm4.staticflickr.com/3691/11271976803_653a96101a_m.jpg	240	171	http://farm4.staticflickr.com/3691/11271976803_653a96101a.jpg	500	355	http://farm4.staticflickr.com/3691/11271976803_653a96101a_b.jpg	1024	728	http://farm4.staticflickr.com/3691/11271976803_b2697a5a69_o.jpg	1216	865
02		The Australian abroad. Branches from the Main Routes round the World. [Reprinted from the Melbourne “Argus.” With illustrations.] 2 series	HINGSTON, James.	lsidyv3cbf9abe	London	001689101	ark:/81055/vdc_00000005DA7A	1879	http://www.flickr.com/photos/britishlibrary/11271932674	1	000367	11271932674	http://farm8.staticflickr.com/7377/11271932674_40c90aa8a9_m.jpg	155	240	http://farm8.staticflickr.com/7377/11271932674_40c90aa8a9.jpg	323	500	http://farm8.staticflickr.com/7377/11271932674_40c90aa8a9_b.jpg	662	1024	http://farm8.staticflickr.com/7377/11271932674_7c327dd3c9_o.jpg	901	1393
0	Waterlow & Sons	Up the River from Westminster to Windsor and Oxford; a descriptive panorama of Thames Scenery			London	003606029		1879	http://www.flickr.com/photos/britishlibrary/11271976793	1	000045	11271976793	http://farm6.staticflickr.com/5511/11271976793_92ab5eac9e_m.jpg	151	240	http://farm6.staticflickr.com/5511/11271976793_92ab5eac9e.jpg	314	500	http://farm6.staticflickr.com/5511/11271976793_92ab5eac9e_b.jpg	644	1024	http://farm6.staticflickr.com/5511/11271976793_1b489739a6_o.jpg	950	1511
0		Les Vieilles Villes de Suisse. Notes et souvenirs. Ouvrage illustré de 105 dessins à la plume par A. Robida reproduits en fac-simile	ROBIDA, Albert.		Paris	003121715		1879	http://www.flickr.com/photos/britishlibrary/11271903296	1	000057	11271903296	http://farm8.staticflickr.com/7402/11271903296_8e720ff63b_m.jpg	177	240	http://farm8.staticflickr.com/7402/11271903296_8e720ff63b.jpg	370	500	http://farm8.staticflickr.com/7402/11271903296_8e720ff63b_b.jpg	757	1024	http://farm8.staticflickr.com/7402/11271903296_a0cd6dccbf_o.jpg	1186	1605
0	C. C. Chapman & Co.	History of Fulton County, together with sketches of its cities, villages and townships, ... and biographies ... History of Illinois ... Illustrated			Peoria	001341605		1879	http://www.flickr.com/photos/britishlibrary/11271864215	1	000261	11271864215	http://farm4.staticflickr.com/3692/11271864215_791f6a5ac0_m.jpg	240	209	http://farm4.staticflickr.com/3692/11271864215_791f6a5ac0.jpg	500	435	http://farm4.staticflickr.com/3692/11271864215_791f6a5ac0_b.jpg	1024	891	http://farm4.staticflickr.com/3692/11271864215_05fc7c64d3_o.jpg	1388	1208
0		Viaje al pais de los Tehuelches, pt. I. Exploraciones en la Patagonia austral. [With map.]	LISTA, Ramon.		Buenos Aires	002182842		1879	http://www.flickr.com/photos/britishlibrary/11271864035	1	000058	11271864035	http://farm8.staticflickr.com/7420/11271864035_65a65cbf7d_m.jpg	150	240	http://farm8.staticflickr.com/7420/11271864035_65a65cbf7d.jpg	313	500	http://farm8.staticflickr.com/7420/11271864035_65a65cbf7d_b.jpg	641	1024	http://farm8.staticflickr.com/7420/11271864035_d4b9cc7024_o.jpg	912	1458
0	Cassell, Petter, Galpin & Co.	Morocco: its people and places ... Translated by C. Rollin-Tilton. With ... illustrations	AMICIS, Edmondo de.	lsidyv3c6b00d2	London	000070870	ark:/81055/vdc_00000005AC0C	1879	http://www.flickr.com/photos/britishlibrary/11271928624	1	000368	11271928624	http://farm4.staticflickr.com/3711/11271928624_e45d4f033f_m.jpg	131	240	http://farm4.staticflickr.com/3711/11271928624_e45d4f033f.jpg	273	500	http://farm4.staticflickr.com/3711/11271928624_e45d4f033f_b.jpg	560	1024	http://farm4.staticflickr.com/3711/11271928624_a8eeafa89c_o.jpg	1070	1957
0		Reise nach West-Sibirien im Jahre 1876. Auf Veranstaltung des Vereins für die Deutsche Nordpolarfahrt in Bremen unternommen mit Dr. A. E. Brehm und Karl Graf v. Waldburg-Zeil-Trauchburg, von Dr. O. F., etc	Finsch, O. (Otto)		Berlin	001238638		1879	http://www.flickr.com/photos/britishlibrary/11271861685	1	000440	11271861685	http://farm4.staticflickr.com/3685/11271861685_ef7035af16_m.jpg	161	240	http://farm4.staticflickr.com/3685/11271861685_ef7035af16.jpg	335	500	http://farm4.staticflickr.com/3685/11271861685_ef7035af16_b.jpg	687	1024	http://farm4.staticflickr.com/3685/11271861685_f659be606f_o.jpg	1028	1532
0	Macmillan and Co.	The Arctic Voyages of A. E. Nordenskiöld. 1858-1879. With illustrations and maps	LESLIE, Alexander of Aberdeen		London	002142895		1879	http://www.flickr.com/photos/britishlibrary/11271862275	1	000152	11271862275	http://farm8.staticflickr.com/7399/11271862275_409d614657_m.jpg	146	240	http://farm8.staticflickr.com/7399/11271862275_409d614657.jpg	305	500	http://farm8.staticflickr.com/7399/11271862275_409d614657_b.jpg	625	1024	http://farm8.staticflickr.com/7399/11271862275_de87269a7b_o.jpg	916	1500
0	John Murray	[The Student's Manual of Modern Geography. Mathematical, physical, and descriptive.]	BEVAN, William Latham.	lsidyv3ca2f2a9	London	000307737	ark:/81055/vdc_00000005C7F6	1879	http://www.flickr.com/photos/britishlibrary/11271899976	1	000057	11271899976	http://farm8.staticflickr.com/7451/11271899976_3e56200a5f_m.jpg	186	240	http://farm8.staticflickr.com/7451/11271899976_3e56200a5f.jpg	387	500	http://farm8.staticflickr.com/7451/11271899976_3e56200a5f_b.jpg	792	1024	http://farm8.staticflickr.com/7451/11271899976_e6af479440_o.jpg	947	1225
01		Knaresborough Castle Yard. (The Microcosm: and, Malcolm, a holiday-walk. A few occasional pieces.) [In verse.]			London, Bristol [printed]	001987484		1879	http://www.flickr.com/photos/britishlibrary/11271899616	1	000053	11271899616	http://farm6.staticflickr.com/5492/11271899616_5cf0017b4f_m.jpg	240	207	http://farm6.staticflickr.com/5492/11271899616_5cf0017b4f.jpg	500	432	http://farm6.staticflickr.com/5492/11271899616_5cf0017b4f_b.jpg	1024	885	http://farm6.staticflickr.com/5492/11271899616_d1be7b80f9_o.jpg	1321	1142
0	Religious Tract Society	The Lands of Scripture: comprising “Those Holy Fields”; “The Land of the Pharaohs” [both by S. M.]; “Pictures from Bible Lands” (edited by S. G. Green. The illustrations by E. Whymper, etc.)	MANNING, Samuel LL.D		London	002369128		1879	http://www.flickr.com/photos/britishlibrary/11271898606	1	000331	11271898606	http://farm6.staticflickr.com/5473/11271898606_bf41eac34b_m.jpg	240	203	http://farm6.staticflickr.com/5473/11271898606_bf41eac34b.jpg	500	423	http://farm6.staticflickr.com/5473/11271898606_bf41eac34b_b.jpg	1024	867	http://farm6.staticflickr.com/5473/11271898606_87690bedf8_o.jpg	1136	962
02	American News Company	Round the world with General Grant. A narrative of the visit of General U. S. Grant ... to various countries ... in 1877, 1878, 1879. To which are added certain conversations with General Grant on questions connected with American politics and history ... With ... illustrations	YOUNG, John Russell.		New York	004002305		1879	http://www.flickr.com/photos/britishlibrary/11271859145	1	000306	11271859145	http://farm6.staticflickr.com/5516/11271859145_e12e445bd4_m.jpg	173	240	http://farm6.staticflickr.com/5516/11271859145_e12e445bd4.jpg	360	500	http://farm6.staticflickr.com/5516/11271859145_e12e445bd4_b.jpg	738	1024	http://farm6.staticflickr.com/5516/11271859145_a64804b86b_o.jpg	1176	1632
0		Die amerikanische Nordpol-Expedition ... Mit zahlreichen Illustrationen in Holzschnitt, etc	BESSELS, Emil.		Leipzig	000303634		1879	http://www.flickr.com/photos/britishlibrary/11271925214	1	000401	11271925214	http://farm8.staticflickr.com/7338/11271925214_7d6090fe24_m.jpg	240	123	http://farm8.staticflickr.com/7338/11271925214_7d6090fe24.jpg	500	257	http://farm8.staticflickr.com/7338/11271925214_7d6090fe24_b.jpg	1024	526	http://farm8.staticflickr.com/7338/11271925214_9bdd6c0f58_o.jpg	1712	880
01	American News Company	Round the world with General Grant. A narrative of the visit of General U. S. Grant ... to various countries ... in 1877, 1878, 1879. To which are added certain conversations with General Grant on questions connected with American politics and history ... With ... illustrations	YOUNG, John Russell.		New York	004002305		1879	http://www.flickr.com/photos/britishlibrary/11271857075	1	000178	11271857075	http://farm4.staticflickr.com/3822/11271857075_2cd4254198_m.jpg	173	240	http://farm4.staticflickr.com/3822/11271857075_2cd4254198.jpg	360	500	http://farm4.staticflickr.com/3822/11271857075_2cd4254198_b.jpg	737	1024	http://farm4.staticflickr.com/3822/11271857075_4ab3994db5_o.jpg	1242	1725
0	A. Williams & Co.	History of the town of Hollis, New Hampshire, from its first settlement to ... 1879. ... Illustrated, etc	WORCESTER, Samuel T.		Boston [Mass.]	003975907		1879	http://www.flickr.com/photos/britishlibrary/11271857335	1	000349	11271857335	http://farm3.staticflickr.com/2819/11271857335_ce0c30b34b_m.jpg	240	200	http://farm3.staticflickr.com/2819/11271857335_ce0c30b34b.jpg	500	416	http://farm3.staticflickr.com/2819/11271857335_ce0c30b34b_b.jpg	1024	852	http://farm3.staticflickr.com/2819/11271857335_a48a44ddc1_o.jpg	1240	1032
0	Marcus Ward & Co.	Our Native Land, its scenery and associations. A series of 36 water-colour sketches after Rowbotham, Read, Needham, and other eminent artists. With descriptive notes. [The author of the text identified on the wrapper of pt. 1 as “the author of By Loch and by Land”, i.e. Jean L. Watson.]	WATSON, Jean L.		London	001140593		1879	http://www.flickr.com/photos/britishlibrary/11271922994	1	000266	11271922994	http://farm4.staticflickr.com/3674/11271922994_cc305620f0_m.jpg	121	240	http://farm4.staticflickr.com/3674/11271922994_cc305620f0.jpg	252	500	http://farm4.staticflickr.com/3674/11271922994_cc305620f0_b.jpg	517	1024	http://farm4.staticflickr.com/3674/11271922994_0f3ac0c4f4_o.jpg	776	1537
01		The Australian abroad. Branches from the Main Routes round the World. [Reprinted from the Melbourne “Argus.” With illustrations.] 2 series	HINGSTON, James.	lsidyv3cbf9abe	London	001689101	ark:/81055/vdc_00000005DA7A	1879	http://www.flickr.com/photos/britishlibrary/11271893376	1	000244	11271893376	http://farm3.staticflickr.com/2806/11271893376_3aa87d06c6_m.jpg	162	240	http://farm3.staticflickr.com/2806/11271893376_3aa87d06c6.jpg	338	500	http://farm3.staticflickr.com/2806/11271893376_3aa87d06c6_b.jpg	693	1024	http://farm3.staticflickr.com/2806/11271893376_ab5a3b9b41_o.jpg	898	1326
0	Western Historical Company	The History of Jackson County, Iowa ... Illustrated			Chicago	001833692		1879	http://www.flickr.com/photos/britishlibrary/11271922394	1	000077	11271922394	http://farm6.staticflickr.com/5504/11271922394_bb250b97e8_m.jpg	198	240	http://farm6.staticflickr.com/5504/11271922394_bb250b97e8.jpg	413	500	http://farm6.staticflickr.com/5504/11271922394_bb250b97e8_b.jpg	846	1024	http://farm6.staticflickr.com/5504/11271922394_a00794e7e8_o.jpg	1302	1576
0		The Illustrated Guide to Sheffield and the surrounding district, etc	TAYLOR, John of Sheffield		Sheffield	003589731		1879	http://www.flickr.com/photos/britishlibrary/11271854545	1	000553	11271854545	http://farm3.staticflickr.com/2890/11271854545_c9792e85dc_m.jpg	211	240	http://farm3.staticflickr.com/2890/11271854545_c9792e85dc.jpg	439	500	http://farm3.staticflickr.com/2890/11271854545_c9792e85dc_b.jpg	900	1024	http://farm3.staticflickr.com/2890/11271854545_102d91f4fe_o.jpg	1243	1415
0		Les Vieilles Villes de Suisse. Notes et souvenirs. Ouvrage illustré de 105 dessins à la plume par A. Robida reproduits en fac-simile	ROBIDA, Albert.		Paris	003121715		1879	http://www.flickr.com/photos/britishlibrary/11271853525	1	000111	11271853525	http://farm8.staticflickr.com/7348/11271853525_5a7d4a8824_m.jpg	240	227	http://farm8.staticflickr.com/7348/11271853525_5a7d4a8824.jpg	500	472	http://farm8.staticflickr.com/7348/11271853525_5a7d4a8824_b.jpg	1024	967	http://farm8.staticflickr.com/7348/11271853525_fe49d5f51e_o.jpg	1146	1082
02	L. H. Everts	History of the Connecticut Valley in Massachusetts (by N. B. Sylvester), with illustrations and biographical sketches of some of its prominent men and pioneers [by other authors]	SYLVESTER, Nathaniel Bartlett.		Philadelphia	003562080		1879	http://www.flickr.com/photos/britishlibrary/11271892046	1	000123	11271892046	http://farm4.staticflickr.com/3833/11271892046_0a24159912_m.jpg	240	173	http://farm4.staticflickr.com/3833/11271892046_0a24159912.jpg	500	361	http://farm4.staticflickr.com/3833/11271892046_0a24159912_b.jpg	1024	739	http://farm4.staticflickr.com/3833/11271892046_eeb3497d08_o.jpg	1712	1235
02	Tinsley Brothers	Berlin under the New Empire, its institutions, inhabitants, industry ... With ... engravings, etc	VIZETELLY, Henry.		London	003807524		1879	http://www.flickr.com/photos/britishlibrary/11271963943	1	000393	11271963943	http://farm6.staticflickr.com/5515/11271963943_3bb9f8481f_m.jpg	240	196	http://farm6.staticflickr.com/5515/11271963943_3bb9f8481f.jpg	500	409	http://farm6.staticflickr.com/5515/11271963943_3bb9f8481f_b.jpg	1024	837	http://farm6.staticflickr.com/5515/11271963943_f48cdfc82e_o.jpg	1142	933
0		The Illustrated Guide to Sheffield and the surrounding district, etc	TAYLOR, John of Sheffield		Sheffield	003589731		1879	http://www.flickr.com/photos/britishlibrary/11271918764	1	000317	11271918764	http://farm4.staticflickr.com/3722/11271918764_472a32dc21_m.jpg	227	240	http://farm4.staticflickr.com/3722/11271918764_472a32dc21.jpg	473	500	http://farm4.staticflickr.com/3722/11271918764_472a32dc21_b.jpg	969	1024	http://farm4.staticflickr.com/3722/11271918764_0dbf5b1af7_o.jpg	1036	1095
0		The Illustrated Guide to Sheffield and the surrounding district, etc	TAYLOR, John of Sheffield		Sheffield	003589731		1879	http://www.flickr.com/photos/britishlibrary/11271963003	1	000552	11271963003	http://farm4.staticflickr.com/3791/11271963003_125241490a_m.jpg	240	194	http://farm4.staticflickr.com/3791/11271963003_125241490a.jpg	500	403	http://farm4.staticflickr.com/3791/11271963003_125241490a_b.jpg	1024	826	http://farm4.staticflickr.com/3791/11271963003_a9136a3948_o.jpg	1570	1267
0	N. D. Thompson & Co.	A Pictorial History of Texas, from the earliest visits of European adventurers to A.D. 1879 ... Third edition, ... revised	THRALL, Homer S.		St. Louis, Mo	003632148		1879	http://www.flickr.com/photos/britishlibrary/11271918234	1	000361	11271918234	http://farm6.staticflickr.com/5539/11271918234_fd01f0d6fb_m.jpg	240	221	http://farm6.staticflickr.com/5539/11271918234_fd01f0d6fb.jpg	500	461	http://farm6.staticflickr.com/5539/11271918234_fd01f0d6fb_b.jpg	1024	944	http://farm6.staticflickr.com/5539/11271918234_09ebd6e977_o.jpg	1478	1362
0		Reise nach West-Sibirien im Jahre 1876. Auf Veranstaltung des Vereins für die Deutsche Nordpolarfahrt in Bremen unternommen mit Dr. A. E. Brehm und Karl Graf v. Waldburg-Zeil-Trauchburg, von Dr. O. F., etc	Finsch, O. (Otto)		Berlin	001238638		1879	http://www.flickr.com/photos/britishlibrary/11271889286	1	000726	11271889286	http://farm4.staticflickr.com/3712/11271889286_0871c67dd7_m.jpg	166	240	http://farm4.staticflickr.com/3712/11271889286_0871c67dd7.jpg	345	500	http://farm4.staticflickr.com/3712/11271889286_0871c67dd7_b.jpg	707	1024	http://farm4.staticflickr.com/3712/11271889286_8fb87a3678_o.jpg	901	1305
02		A magyar nemzet története. I. kötet írta Bodon J. és Dr. Szalay J. (II.-IV.) kötet, írta Dr. Szalay J.) [With portraits.]	BODON, József and SZALAY (József)		Budapest	000389221		1879	http://www.flickr.com/photos/britishlibrary/11271850005	1	000023	11271850005	http://farm8.staticflickr.com/7440/11271850005_7563702beb_m.jpg	240	215	http://farm8.staticflickr.com/7440/11271850005_7563702beb.jpg	500	448	http://farm8.staticflickr.com/7440/11271850005_7563702beb_b.jpg	1024	918	http://farm8.staticflickr.com/7440/11271850005_8f98c513e0_o.jpg	1357	1216
02	L. H. Everts	History of the Connecticut Valley in Massachusetts (by N. B. Sylvester), with illustrations and biographical sketches of some of its prominent men and pioneers [by other authors]	SYLVESTER, Nathaniel Bartlett.		Philadelphia	003562080		1879	http://www.flickr.com/photos/britishlibrary/11271961333	1	000248	11271961333	http://farm4.staticflickr.com/3774/11271961333_15e3dd1d2e_m.jpg	240	189	http://farm4.staticflickr.com/3774/11271961333_15e3dd1d2e.jpg	500	393	http://farm4.staticflickr.com/3774/11271961333_15e3dd1d2e_b.jpg	1024	805	http://farm4.staticflickr.com/3774/11271961333_837aaaca7f_o.jpg	1591	1250
01	American News Company	Round the world with General Grant. A narrative of the visit of General U. S. Grant ... to various countries ... in 1877, 1878, 1879. To which are added certain conversations with General Grant on questions connected with American politics and history ... With ... illustrations	YOUNG, John Russell.		New York	004002305		1879	http://www.flickr.com/photos/britishlibrary/11271849095	1	000671	11271849095	http://farm4.staticflickr.com/3780/11271849095_3757235aed_m.jpg	167	240	http://farm4.staticflickr.com/3780/11271849095_3757235aed.jpg	349	500	http://farm4.staticflickr.com/3780/11271849095_3757235aed_b.jpg	714	1024	http://farm4.staticflickr.com/3780/11271849095_2abf8b8906_o.jpg	1186	1701
0	Waterlow & Sons	Up the River from Westminster to Windsor and Oxford; a descriptive panorama of Thames Scenery			London	003606029		1879	http://www.flickr.com/photos/britishlibrary/11271914994	1	000034	11271914994	http://farm8.staticflickr.com/7382/11271914994_9e08ea0f2b_m.jpg	160	240	http://farm8.staticflickr.com/7382/11271914994_9e08ea0f2b.jpg	334	500	http://farm8.staticflickr.com/7382/11271914994_9e08ea0f2b_b.jpg	684	1024	http://farm8.staticflickr.com/7382/11271914994_f19b3cf6da_o.jpg	877	1312
0		The Great Eastern Railway Company's Tourist-Guide to the Continent. ... With illustrations ... and a map	LINDLEY, Percy.	lsidyv3cad916f	London	002174468	ark:/81055/vdc_00000005CE44	1879	http://www.flickr.com/photos/britishlibrary/11271959803	1	000181	11271959803	http://farm3.staticflickr.com/2808/11271959803_d53eab1316_m.jpg	201	240	http://farm3.staticflickr.com/2808/11271959803_d53eab1316.jpg	418	500	http://farm3.staticflickr.com/2808/11271959803_d53eab1316_b.jpg	857	1024	http://farm3.staticflickr.com/2808/11271959803_50a29e61a2_o.jpg	963	1151
0	The Mission Press	The manners and customs of the Chinese of the Straits Settlements	VAUGHAN, Jonas Daniel.	lsidyv3c6920e3	Singapore	003763775	ark:/81055/vdc_00000005AABC	1879	http://www.flickr.com/photos/britishlibrary/11271959083	1	000092	11271959083	http://farm8.staticflickr.com/7429/11271959083_8a5ec2fcd0_m.jpg	182	240	http://farm8.staticflickr.com/7429/11271959083_8a5ec2fcd0.jpg	378	500	http://farm8.staticflickr.com/7429/11271959083_8a5ec2fcd0_b.jpg	775	1024	http://farm8.staticflickr.com/7429/11271959083_6ce92c55aa_o.jpg	1103	1458
